2 0.33125 0.3875 0.0453125 0.046875
2 0.2546875 0.428125 0.0609375 0.0578125
2 0.19609375 0.42890625 0.0625 0.0578125
2 0.1234375 0.365625 0.0453125 0.0515625
2 0.0734375 0.33359375 0.0484375 0.0390625
2 0.3078125 0.31796875 0.0453125 0.0453125
2 0.2265625 0.54609375 0.04375 0.0453125
2 0.18984375 0.55625 0.05 0.0546875
2 0.125 0.57265625 0.0609375 0.0453125
2 0.14375 0.5125 0.0421875 0.0390625
2 0.075 0.61171875 0.0484375 0.040625
2 0.14765625 0.634375 0.053125 0.0484375
2 0.459375 0.4 0.0359375 0.0421875