2 0.31484375 0.365625 0.04375 0.05
2 0.23671875 0.41171875 0.0578125 0.0625
2 0.178125 0.4171875 0.059375 0.0625
2 0.10859375 0.35859375 0.04375 0.0546875
2 0.059375 0.3296875 0.046875 0.0421875
2 0.29453125 0.29765625 0.04375 0.0484375
2 0.20390625 0.53125 0.0421875 0.0484375
2 0.1671875 0.54453125 0.046875 0.0578125
2 0.1015625 0.565625 0.059375 0.05
2 0.12265625 0.50390625 0.040625 0.0421875
2 0.05 0.60859375 0.046875 0.04375
2 0.121875 0.62578125 0.0515625 0.0515625
2 0.4421875 0.36875 0.034375 0.04375