2 0.3484375 0.6640625 0.0484375 0.046875
2 0.38125 0.740625 0.0609375 0.0609375
2 0.3765625 0.79921875 0.0609375 0.0625
2 0.30625 0.87265625 0.053125 0.0484375
2 0.26953125 0.92265625 0.040625 0.0484375
2 0.27734375 0.68828125 0.046875 0.046875
2 0.4953125 0.7671875 0.046875 0.0453125
2 0.50234375 0.803125 0.05625 0.05
2 0.5125 0.86796875 0.0484375 0.0625
2 0.45390625 0.85078125 0.040625 0.0421875
2 0.546875 0.91796875 0.0421875 0.0484375
2 0.57578125 0.84453125 0.05 0.0546875
2 0.3734375 0.5359375 0.04375 0.0375