2 0.34453125 0.659375 0.0484375 0.046875
2 0.37734375 0.73515625 0.0609375 0.0625
2 0.371875 0.79375 0.0609375 0.0640625
2 0.30078125 0.86796875 0.053125 0.0484375
2 0.2640625 0.91875 0.040625 0.05
2 0.27265625 0.684375 0.046875 0.046875
2 0.490625 0.7609375 0.046875 0.0453125
2 0.49765625 0.796875 0.05625 0.05
2 0.5078125 0.8609375 0.0484375 0.0625
2 0.44921875 0.84453125 0.040625 0.04375
2 0.540625 0.9109375 0.0421875 0.05
2 0.5703125 0.8375 0.0515625 0.0546875
2 0.3703125 0.53125 0.04375 0.0375