2 0.3265625 0.42578125 0.0453125 0.05
2 0.24921875 0.45703125 0.059375 0.0609375
2 0.190625 0.45078125 0.0609375 0.0625
2 0.11875 0.37890625 0.0453125 0.0546875
2 0.06953125 0.340625 0.0484375 0.0421875
2 0.3046875 0.35390625 0.0453125 0.0484375
2 0.2203125 0.5703125 0.04375 0.0484375
2 0.18359375 0.5765625 0.0484375 0.0578125
2 0.11875 0.58515625 0.0609375 0.05
2 0.1375 0.5265625 0.0421875 0.040625
2 0.0671875 0.61796875 0.0484375 0.04375
2 0.13984375 0.6484375 0.053125 0.0515625
2 0.45390625 0.45390625 0.0359375 0.04375