2 0.30546875 0.36015625 0.0453125 0.05
2 0.2265625 0.4078125 0.059375 0.0625
2 0.16796875 0.4140625 0.0609375 0.0625
2 0.1 0.35625 0.0453125 0.0546875
2 0.05234375 0.328125 0.046875 0.04375
2 0.2875 0.2921875 0.04375 0.0484375
2 0.19140625 0.528125 0.0421875 0.0484375
2 0.15390625 0.54140625 0.0484375 0.059375
2 0.08828125 0.5640625 0.059375 0.05
2 0.11015625 0.5015625 0.040625 0.0421875
2 0.03515625 0.6078125 0.046875 0.0453125
2 0.10703125 0.6234375 0.053125 0.053125
2 0.4328125 0.3609375 0.034375 0.0453125