2 0.29140625 0.42265625 0.046875 0.0484375
2 0.21171875 0.45390625 0.0609375 0.0609375
2 0.153125 0.4484375 0.0625 0.0609375
2 0.08671875 0.37734375 0.046875 0.053125
2 0.040625 0.33984375 0.0484375 0.040625
2 0.27578125 0.35078125 0.0453125 0.046875
2 0.171875 0.56796875 0.04375 0.046875
2 0.134375 0.57421875 0.05 0.05625
2 0.06796875 0.58359375 0.0609375 0.0484375
2 0.0921875 0.525 0.0421875 0.040625
2 0.01953125 0.6171875 0.0390625 0.0421875
2 0.084375 0.646875 0.0546875 0.0515625
2 0.41796875 0.4484375 0.0359375 0.04375