2 0.31015625 0.41328125 0.04375 0.046875
2 0.23203125 0.44765625 0.0578125 0.059375
2 0.1734375 0.44375 0.059375 0.059375
2 0.10390625 0.37421875 0.04375 0.0515625
2 0.05625 0.33828125 0.046875 0.040625
2 0.29140625 0.3421875 0.04375 0.0453125
2 0.19765625 0.56171875 0.0421875 0.0453125
2 0.1609375 0.56953125 0.046875 0.05625
2 0.0953125 0.58125 0.059375 0.046875
2 0.11640625 0.521875 0.040625 0.0390625
2 0.0421875 0.615625 0.046875 0.0421875
2 0.1140625 0.64375 0.0515625 0.05
2 0.4375 0.4359375 0.034375 0.0421875