2 0.38125 0.71953125 0.046875 0.046875
2 0.4171875 0.80078125 0.0578125 0.0625
2 0.41484375 0.859375 0.0578125 0.0640625
2 0.34765625 0.92421875 0.0515625 0.05
2 0.31328125 0.96953125 0.0390625 0.05
2 0.31015625 0.73359375 0.0453125 0.046875
2 0.5328125 0.84453125 0.0453125 0.0453125
2 0.54140625 0.88203125 0.0546875 0.0515625
2 0.5546875 0.9484375 0.0453125 0.0625
2 0.4953125 0.92265625 0.0390625 0.04375
2 0.59140625 0.98984375 0.040625 0.0203125
2 0.6171875 0.934375 0.0484375 0.0546875
2 0.39921875 0.59375 0.0421875 0.0375