2 0.2984375 0.375 0.0453125 0.0484375
2 0.21953125 0.41875 0.059375 0.0609375
2 0.1609375 0.421875 0.0609375 0.0609375
2 0.09375 0.3609375 0.0453125 0.053125
2 0.04609375 0.33125 0.0484375 0.040625
2 0.28125 0.30625 0.0453125 0.046875
2 0.18125 0.5375 0.04375 0.046875
2 0.14453125 0.54921875 0.0484375 0.05625
2 0.078125 0.56875 0.0609375 0.0484375
2 0.1015625 0.50703125 0.0421875 0.040625
2 0.025 0.61015625 0.0484375 0.0421875
2 0.09609375 0.62890625 0.053125 0.05
2 0.42578125 0.38203125 0.0359375 0.04375