2 0.36875 0.6390625 0.046875 0.05
2 0.40390625 0.7125 0.059375 0.0640625
2 0.40078125 0.77109375 0.059375 0.065625
2 0.33203125 0.8484375 0.0515625 0.0515625
2 0.296875 0.90078125 0.0390625 0.0515625
2 0.29765625 0.6671875 0.0453125 0.0484375
2 0.51875 0.73125 0.0453125 0.046875
2 0.5265625 0.7671875 0.0546875 0.053125
2 0.5390625 0.83125 0.046875 0.0640625
2 0.4796875 0.8171875 0.0390625 0.0453125
2 0.57421875 0.87890625 0.040625 0.0515625
2 0.6015625 0.80390625 0.0484375 0.0578125
2 0.38984375 0.509375 0.0421875 0.0390625