2 0.3765625 0.6390625 0.046875 0.05
2 0.4125 0.7125 0.0578125 0.0640625
2 0.41015625 0.77109375 0.0578125 0.065625
2 0.34296875 0.8484375 0.0515625 0.0515625
2 0.3078125 0.90078125 0.0390625 0.0515625
2 0.30625 0.6671875 0.0453125 0.0484375
2 0.528125 0.73125 0.0453125 0.046875
2 0.53671875 0.7671875 0.0546875 0.053125
2 0.54921875 0.83125 0.0453125 0.0640625
2 0.48984375 0.8171875 0.0390625 0.0453125
2 0.58515625 0.87890625 0.040625 0.0515625
2 0.61171875 0.80390625 0.0484375 0.0578125
2 0.39609375 0.509375 0.0421875 0.0390625