2 0.42890625 0.7109375 0.046875 0.046875
2 0.47109375 0.790625 0.059375 0.0609375
2 0.47265625 0.84921875 0.059375 0.0625
2 0.41015625 0.91484375 0.0515625 0.0484375
2 0.37890625 0.96171875 0.0390625 0.0484375
2 0.359375 0.72578125 0.0453125 0.046875
2 0.5890625 0.83125 0.0453125 0.0453125
2 0.6 0.86875 0.0546875 0.05
2 0.61796875 0.93515625 0.046875 0.0625
2 0.55625 0.91015625 0.0390625 0.0421875
2 0.6578125 0.9828125 0.040625 0.034375
2 0.67890625 0.91953125 0.05 0.0546875
2 0.43828125 0.584375 0.0421875 0.0375