2 0.3890625 0.7109375 0.0453125 0.046875
2 0.4265625 0.790625 0.05625 0.0609375
2 0.425 0.84921875 0.05625 0.0625
2 0.35859375 0.91484375 0.05 0.0484375
2 0.32421875 0.96171875 0.0375 0.0484375
2 0.31796875 0.72578125 0.04375 0.046875
2 0.5421875 0.83125 0.04375 0.0453125
2 0.5515625 0.86875 0.053125 0.05
2 0.565625 0.93515625 0.04375 0.0625
2 0.50546875 0.91015625 0.0375 0.0421875
2 0.60234375 0.9828125 0.0390625 0.034375
2 0.62734375 0.91953125 0.046875 0.0546875
2 0.40625 0.584375 0.040625 0.0375