2 0.396875 0.6734375 0.0453125 0.0453125
2 0.43515625 0.75078125 0.05625 0.059375
2 0.434375 0.809375 0.05625 0.0609375
2 0.36875 0.88125 0.05 0.046875
2 0.33515625 0.93046875 0.0375 0.0484375
2 0.3265625 0.6953125 0.04375 0.0453125
2 0.5515625 0.7796875 0.04375 0.04375
2 0.5609375 0.81640625 0.053125 0.0484375
2 0.57578125 0.88125 0.04375 0.0609375
2 0.515625 0.8625 0.0375 0.0421875
2 0.61328125 0.9328125 0.0390625 0.0484375
2 0.6375 0.86015625 0.046875 0.053125
2 0.4125 0.54609375 0.040625 0.0359375