2 0.42890625 0.64609375 0.046875 0.0484375
2 0.47109375 0.71953125 0.059375 0.0640625
2 0.47265625 0.77890625 0.059375 0.065625
2 0.41015625 0.8546875 0.0515625 0.05
2 0.37890625 0.90703125 0.0390625 0.0515625
2 0.359375 0.67265625 0.0453125 0.0484375
2 0.5890625 0.74140625 0.0453125 0.046875
2 0.6 0.77734375 0.0546875 0.053125
2 0.61796875 0.84140625 0.046875 0.0640625
2 0.55625 0.8265625 0.0390625 0.0453125
2 0.6578125 0.8890625 0.040625 0.0515625
2 0.67890625 0.81484375 0.05 0.05625
2 0.43828125 0.5171875 0.0421875 0.0390625