2 0.34453125 0.38203125 0.046875 0.046875
2 0.26953125 0.42421875 0.0625 0.059375
2 0.2109375 0.4265625 0.0640625 0.059375
2 0.13671875 0.3640625 0.0484375 0.0515625
2 0.08515625 0.3328125 0.05 0.0390625
2 0.31953125 0.31328125 0.046875 0.0453125
2 0.24609375 0.5421875 0.0453125 0.0453125
2 0.21015625 0.553125 0.0515625 0.0546875
2 0.1453125 0.57109375 0.0625 0.046875
2 0.16171875 0.51015625 0.04375 0.0390625
2 0.09609375 0.6109375 0.05 0.040625
2 0.1703125 0.63203125 0.0546875 0.05
2 0.4734375 0.3921875 0.0375 0.0421875