2 0.33359375 0.36015625 0.046875 0.05
2 0.25703125 0.4078125 0.0609375 0.0625
2 0.1984375 0.4140625 0.0625 0.0625
2 0.12578125 0.35625 0.046875 0.0546875
2 0.075 0.328125 0.0484375 0.04375
2 0.31015625 0.2921875 0.0453125 0.0484375
2 0.2296875 0.528125 0.04375 0.0484375
2 0.19375 0.54140625 0.05 0.059375
2 0.12890625 0.5640625 0.0609375 0.05
2 0.146875 0.5015625 0.0421875 0.0421875
2 0.078125 0.6078125 0.0484375 0.0453125
2 0.1515625 0.6234375 0.0546875 0.053125
2 0.46171875 0.3609375 0.0359375 0.0453125