2 0.4046875 0.64375 0.0453125 0.0484375
2 0.44375 0.7171875 0.05625 0.0640625
2 0.44375 0.77578125 0.05625 0.065625
2 0.37890625 0.853125 0.05 0.0515625
2 0.34609375 0.9046875 0.0375 0.0515625
2 0.33515625 0.67109375 0.04375 0.0484375
2 0.5609375 0.73828125 0.04375 0.046875
2 0.5703125 0.7734375 0.053125 0.053125
2 0.5859375 0.8375 0.04375 0.0640625
2 0.52578125 0.8234375 0.0375 0.0453125
2 0.62421875 0.8859375 0.0390625 0.0515625
2 0.64765625 0.8109375 0.046875 0.05625
2 0.41875 0.5140625 0.040625 0.0390625