2 0.37265625 0.6921875 0.046875 0.04375
2 0.40859375 0.7703125 0.0578125 0.0578125
2 0.40546875 0.82890625 0.0578125 0.059375
2 0.3375 0.89765625 0.0515625 0.0453125
2 0.30234375 0.94609375 0.0390625 0.046875
2 0.3015625 0.7109375 0.0453125 0.04375
2 0.5234375 0.80546875 0.0453125 0.0421875
2 0.53203125 0.8421875 0.0546875 0.046875
2 0.54453125 0.90859375 0.0453125 0.059375
2 0.48515625 0.88671875 0.0390625 0.040625
2 0.5796875 0.9609375 0.040625 0.046875
2 0.60703125 0.8890625 0.0484375 0.0515625
2 0.39296875 0.56484375 0.0421875 0.034375