2 0.63984375 0.459375 0.025 0.025
2 0.66953125 0.50859375 0.021875 0.0234375
2 0.6984375 0.48828125 0.0171875 0.0203125
2 0.69296875 0.53671875 0.01875 0.0125
2 0.728125 0.54921875 0.0171875 0.01875
2 0.71953125 0.55703125 0.0140625 0.015625
2 0.7546875 0.59609375 0.015625 0.01875
2 0.7296875 0.64609375 0.0140625 0.015625
2 0.70234375 0.646875 0.015625 0.01875
2 0.64375 0.646875 0.021875 0.0140625
2 0.77421875 0.40859375 0.021875 0.0203125
2 0.73671875 0.3890625 0.021875 0.0234375
2 0.72578125 0.36796875 0.015625 0.01875
2 0.75859375 0.36953125 0.021875 0.0234375
2 0.75234375 0.528125 0.01875 0.025