2 0.6109375 0.678125 0.025 0.0265625
2 0.5640625 0.703125 0.0234375 0.0234375
2 0.58828125 0.734375 0.021875 0.01875
2 0.5390625 0.72421875 0.0140625 0.0203125
2 0.5296875 0.7578125 0.0203125 0.01875
2 0.521875 0.7484375 0.0171875 0.015625
2 0.48671875 0.7796875 0.0203125 0.0171875
2 0.4328125 0.75 0.0171875 0.015625
2 0.4296875 0.72265625 0.0203125 0.0171875
2 0.4234375 0.6640625 0.0140625 0.0234375
2 0.6765625 0.81875 0.0203125 0.0234375
2 0.69140625 0.7828125 0.0234375 0.0234375
2 0.71171875 0.7734375 0.0203125 0.0171875
2 0.71328125 0.80625 0.0234375 0.0234375
2 0.5546875 0.784375 0.0265625 0.0203125