2 0.63203125 0.36328125 0.025 0.0265625
2 0.6609375 0.40859375 0.021875 0.025
2 0.690625 0.38359375 0.0171875 0.021875
2 0.684375 0.4328125 0.01875 0.0140625
2 0.71875 0.440625 0.0171875 0.0203125
2 0.71015625 0.44921875 0.0140625 0.0171875
2 0.74453125 0.4828125 0.015625 0.0203125
2 0.71875 0.5375 0.0140625 0.0171875
2 0.69140625 0.5421875 0.015625 0.0203125
2 0.6328125 0.55078125 0.021875 0.015625
2 0.76796875 0.2921875 0.021875 0.021875
2 0.73046875 0.278125 0.021875 0.025
2 0.71953125 0.25859375 0.015625 0.0203125
2 0.75234375 0.25546875 0.021875 0.025
2 0.74375 0.41484375 0.01875 0.0265625