2 0.5703125 0.3015625 0.0234375 0.028125
2 0.521875 0.27890625 0.021875 0.025
2 0.54375 0.24609375 0.0203125 0.0203125
2 0.4953125 0.2578125 0.0125 0.0203125
2 0.4828125 0.225 0.01875 0.01875
2 0.475 0.234375 0.015625 0.015625
2 0.4375 0.2046875 0.01875 0.0171875
2 0.3859375 0.23671875 0.015625 0.015625
2 0.38515625 0.2640625 0.01875 0.0171875
2 0.3828125 0.32265625 0.0125 0.0234375
2 0.625 0.159375 0.01875 0.0234375
2 0.64375 0.19453125 0.021875 0.025
2 0.66484375 0.203125 0.01875 0.0171875
2 0.6640625 0.1703125 0.021875 0.025
2 0.50546875 0.19765625 0.025 0.021875