2 0.62421875 0.5078125 0.025 0.0265625
2 0.65234375 0.559375 0.021875 0.025
2 0.6828125 0.540625 0.0171875 0.021875
2 0.67578125 0.58828125 0.01875 0.0140625
2 0.709375 0.6046875 0.0171875 0.0203125
2 0.70078125 0.6109375 0.0140625 0.0171875
2 0.734375 0.65234375 0.015625 0.0203125
2 0.7078125 0.7015625 0.0140625 0.0171875
2 0.68046875 0.69921875 0.015625 0.0203125
2 0.621875 0.6953125 0.021875 0.015625
2 0.76171875 0.4671875 0.021875 0.021875
2 0.72421875 0.44453125 0.021875 0.025
2 0.71328125 0.42265625 0.015625 0.0203125
2 0.74609375 0.42734375 0.021875 0.025
2 0.73515625 0.584375 0.01875 0.0265625