2 0.59453125 0.36796875 0.025 0.025
2 0.54375 0.3390625 0.0234375 0.021875
2 0.56328125 0.309375 0.021875 0.0171875
2 0.515625 0.315625 0.0140625 0.01875
2 0.50078125 0.28125 0.0203125 0.0171875
2 0.49375 0.28984375 0.0171875 0.0140625
2 0.45390625 0.25546875 0.0203125 0.015625
2 0.40390625 0.28125 0.0171875 0.0140625
2 0.4046875 0.30859375 0.0203125 0.015625
2 0.40703125 0.3671875 0.0140625 0.021875
2 0.640625 0.23203125 0.0203125 0.021875
2 0.6609375 0.26953125 0.0234375 0.021875
2 0.6828125 0.28046875 0.0203125 0.015625
2 0.6796875 0.24765625 0.0234375 0.021875
2 0.521875 0.25625 0.0265625 0.01875