2 0.6671875 0.4296875 0.0265625 0.0234375
2 0.7 0.478125 0.0234375 0.021875
2 0.728125 0.45625 0.01875 0.0203125
2 0.72578125 0.5046875 0.0203125 0.0125
2 0.7609375 0.51640625 0.01875 0.01875
2 0.753125 0.52421875 0.015625 0.015625
2 0.790625 0.5609375 0.0171875 0.01875
2 0.76875 0.61328125 0.015625 0.015625
2 0.7421875 0.61484375 0.0171875 0.01875
2 0.68359375 0.6171875 0.0234375 0.0125
2 0.7984375 0.37265625 0.0234375 0.01875
2 0.76015625 0.35546875 0.0234375 0.021875
2 0.746875 0.334375 0.0171875 0.01875
2 0.7796875 0.334375 0.0234375 0.021875
2 0.784375 0.49296875 0.0203125 0.025