2 0.6546875 0.378125 0.0265625 0.025
2 0.6859375 0.42421875 0.0234375 0.0234375
2 0.71484375 0.4 0.01875 0.021875
2 0.7109375 0.4484375 0.01875 0.0140625
2 0.74609375 0.4578125 0.01875 0.0203125
2 0.7375 0.465625 0.015625 0.0171875
2 0.77421875 0.50078125 0.0171875 0.0203125
2 0.75078125 0.5546875 0.015625 0.0171875
2 0.72421875 0.55859375 0.0171875 0.0203125
2 0.665625 0.565625 0.021875 0.0140625
2 0.7875 0.31015625 0.0234375 0.0203125
2 0.74921875 0.2953125 0.0234375 0.0234375
2 0.7375 0.275 0.0171875 0.0203125
2 0.7703125 0.2734375 0.0234375 0.0234375
2 0.76953125 0.4328125 0.0203125 0.0265625