2 0.66015625 0.40078125 0.0265625 0.025
2 0.6921875 0.44765625 0.0234375 0.0234375
2 0.7203125 0.42421875 0.01875 0.021875
2 0.7171875 0.47265625 0.0203125 0.0140625
2 0.75234375 0.4828125 0.01875 0.0203125
2 0.74375 0.490625 0.015625 0.015625
2 0.78046875 0.5265625 0.0171875 0.0203125
2 0.75859375 0.5796875 0.015625 0.015625
2 0.73125 0.5828125 0.0171875 0.0203125
2 0.67265625 0.58828125 0.0234375 0.0140625
2 0.7921875 0.33671875 0.0234375 0.0203125
2 0.753125 0.32109375 0.0234375 0.0234375
2 0.74140625 0.30078125 0.0171875 0.0203125
2 0.77421875 0.3 0.0234375 0.0234375
2 0.77578125 0.45859375 0.0203125 0.0265625