2 0.575 0.31171875 0.0234375 0.0265625
2 0.52578125 0.2875 0.021875 0.0234375
2 0.546875 0.25546875 0.0203125 0.01875
2 0.4984375 0.2671875 0.0125 0.0203125
2 0.4859375 0.23359375 0.01875 0.01875
2 0.47890625 0.24296875 0.015625 0.015625
2 0.440625 0.2125 0.01875 0.0171875
2 0.3890625 0.24296875 0.015625 0.015625
2 0.38828125 0.27109375 0.01875 0.0171875
2 0.3875 0.3296875 0.0125 0.0234375
2 0.628125 0.1703125 0.01875 0.0234375
2 0.646875 0.20625 0.021875 0.0234375
2 0.66796875 0.21484375 0.01875 0.0171875
2 0.66640625 0.18203125 0.021875 0.0234375
2 0.50859375 0.20625 0.025 0.021875