2 0.56640625 0.65859375 0.0234375 0.0265625
2 0.51796875 0.68515625 0.021875 0.0234375
2 0.53984375 0.715625 0.0203125 0.01875
2 0.49140625 0.70703125 0.0125 0.01875
2 0.4796875 0.74140625 0.01875 0.01875
2 0.471875 0.73203125 0.015625 0.0140625
2 0.434375 0.76484375 0.01875 0.0171875
2 0.3828125 0.73671875 0.015625 0.0140625
2 0.38125 0.709375 0.01875 0.0171875
2 0.37890625 0.65078125 0.0125 0.021875
2 0.62265625 0.796875 0.01875 0.0234375
2 0.640625 0.76015625 0.021875 0.0234375
2 0.66171875 0.75 0.01875 0.0171875
2 0.6609375 0.7828125 0.021875 0.0234375
2 0.50234375 0.7671875 0.025 0.0203125