2 0.66015625 0.5 0.0265625 0.0265625
2 0.6921875 0.5515625 0.0234375 0.0234375
2 0.7203125 0.5328125 0.01875 0.021875
2 0.7171875 0.58046875 0.0203125 0.0140625
2 0.75234375 0.59609375 0.01875 0.0203125
2 0.74375 0.603125 0.015625 0.0171875
2 0.78046875 0.64375 0.0171875 0.0203125
2 0.75859375 0.69296875 0.015625 0.0171875
2 0.73125 0.69140625 0.0171875 0.0203125
2 0.67265625 0.6875 0.0234375 0.0140625
2 0.7921875 0.4578125 0.0234375 0.0203125
2 0.753125 0.4359375 0.0234375 0.0234375
2 0.74140625 0.4140625 0.0171875 0.0203125
2 0.77421875 0.41796875 0.0234375 0.0234375
2 0.77578125 0.57578125 0.0203125 0.0265625