2 0.60703125 0.60234375 0.025 0.0265625
2 0.56015625 0.63359375 0.0234375 0.0234375
2 0.584375 0.6625 0.021875 0.01875
2 0.53515625 0.65859375 0.0140625 0.01875
2 0.52578125 0.69375 0.0203125 0.01875
2 0.5171875 0.68515625 0.0171875 0.015625
2 0.48203125 0.721875 0.0203125 0.0171875
2 0.42890625 0.6984375 0.0171875 0.015625
2 0.42578125 0.67109375 0.0203125 0.0171875
2 0.41953125 0.61328125 0.0140625 0.021875
2 0.671875 0.73515625 0.0203125 0.0234375
2 0.6875 0.696875 0.0234375 0.0234375
2 0.7078125 0.68515625 0.0203125 0.0171875
2 0.709375 0.71796875 0.0234375 0.0234375
2 0.55 0.7171875 0.0265625 0.0203125