2 0.646875 0.4484375 0.0265625 0.0234375
2 0.678125 0.49765625 0.021875 0.021875
2 0.70703125 0.4765625 0.0171875 0.0203125
2 0.70234375 0.52421875 0.01875 0.0125
2 0.73671875 0.53671875 0.0171875 0.01875
2 0.72890625 0.54453125 0.0140625 0.015625
2 0.7640625 0.5828125 0.015625 0.01875
2 0.740625 0.63359375 0.0140625 0.015625
2 0.71328125 0.63515625 0.015625 0.01875
2 0.6546875 0.6359375 0.021875 0.0125
2 0.78125 0.3953125 0.021875 0.01875
2 0.74296875 0.3765625 0.021875 0.021875
2 0.73125 0.3546875 0.015625 0.01875
2 0.7640625 0.35625 0.021875 0.021875
2 0.7609375 0.51484375 0.0203125 0.025