2 0.6015625 0.4078125 0.0265625 0.025
2 0.62734375 0.45546875 0.0234375 0.0234375
2 0.65859375 0.43203125 0.01875 0.0203125
2 0.6484375 0.48046875 0.0203125 0.0125
2 0.68203125 0.49140625 0.01875 0.01875
2 0.6734375 0.49921875 0.015625 0.015625
2 0.7046875 0.53515625 0.0171875 0.01875
2 0.67578125 0.58828125 0.015625 0.015625
2 0.6484375 0.590625 0.0171875 0.01875
2 0.5890625 0.5953125 0.0234375 0.0140625
2 0.74140625 0.34609375 0.0234375 0.0203125
2 0.70546875 0.3296875 0.0234375 0.0234375
2 0.69609375 0.30859375 0.0171875 0.01875
2 0.72890625 0.30859375 0.0234375 0.0234375
2 0.70859375 0.4671875 0.0203125 0.025