2 0.61171875 0.48515625 0.0265625 0.025
2 0.63828125 0.5359375 0.0234375 0.0234375
2 0.66953125 0.51640625 0.01875 0.021875
2 0.6609375 0.56484375 0.01875 0.0140625
2 0.69453125 0.57890625 0.01875 0.0203125
2 0.6859375 0.5859375 0.0140625 0.0171875
2 0.71796875 0.6265625 0.0171875 0.0203125
2 0.68984375 0.67578125 0.0140625 0.0171875
2 0.6625 0.675 0.0171875 0.0203125
2 0.60390625 0.67265625 0.021875 0.0140625
2 0.75078125 0.43984375 0.0234375 0.0203125
2 0.7140625 0.41875 0.0234375 0.0234375
2 0.70390625 0.396875 0.0171875 0.0203125
2 0.73671875 0.40078125 0.0234375 0.0234375
2 0.7203125 0.55859375 0.0203125 0.0265625