2 0.56875 0.4375 0.0234375 0.028125
2 0.5203125 0.40234375 0.021875 0.025
2 0.54140625 0.37578125 0.0203125 0.0203125
2 0.49296875 0.37578125 0.0125 0.0203125
2 0.48125 0.33984375 0.01875 0.01875
2 0.4734375 0.34765625 0.015625 0.015625
2 0.4359375 0.30859375 0.01875 0.0171875
2 0.384375 0.328125 0.015625 0.015625
2 0.3828125 0.35546875 0.01875 0.0171875
2 0.38125 0.4140625 0.0125 0.0234375
2 0.62421875 0.30859375 0.01875 0.0234375
2 0.6421875 0.3484375 0.021875 0.025
2 0.66328125 0.36171875 0.01875 0.0171875
2 0.6625 0.32890625 0.021875 0.025
2 0.50390625 0.31796875 0.025 0.021875