2 0.5734375 0.62890625 0.0234375 0.025
2 0.52578125 0.6578125 0.021875 0.021875
2 0.54765625 0.6875 0.0203125 0.0171875
2 0.49921875 0.68125 0.0125 0.01875
2 0.48828125 0.715625 0.01875 0.0171875
2 0.48046875 0.70703125 0.015625 0.0140625
2 0.44296875 0.7421875 0.01875 0.015625
2 0.39140625 0.71640625 0.015625 0.0140625
2 0.3890625 0.6890625 0.01875 0.015625
2 0.3859375 0.63046875 0.0125 0.021875
2 0.63125 0.7640625 0.01875 0.021875
2 0.64921875 0.7265625 0.021875 0.021875
2 0.6703125 0.715625 0.01875 0.015625
2 0.66953125 0.7484375 0.021875 0.021875
2 0.5109375 0.740625 0.025 0.01875