2 0.6109375 0.66796875 0.025 0.0265625
2 0.5640625 0.69375 0.0234375 0.0234375
2 0.58828125 0.725 0.021875 0.01875
2 0.5390625 0.715625 0.0140625 0.0203125
2 0.5296875 0.74921875 0.0203125 0.01875
2 0.521875 0.740625 0.0171875 0.015625
2 0.48671875 0.77265625 0.0203125 0.0171875
2 0.4328125 0.74296875 0.0171875 0.015625
2 0.4296875 0.715625 0.0203125 0.0171875
2 0.4234375 0.65703125 0.0140625 0.0234375
2 0.6765625 0.8078125 0.0203125 0.0234375
2 0.69140625 0.771875 0.0234375 0.0234375
2 0.71171875 0.76171875 0.0203125 0.0171875
2 0.71328125 0.79453125 0.0234375 0.0234375
2 0.5546875 0.77578125 0.0265625 0.0203125