2 0.646875 0.4890625 0.0265625 0.025
2 0.678125 0.53984375 0.021875 0.0234375
2 0.70703125 0.5203125 0.0171875 0.021875
2 0.70234375 0.56875 0.01875 0.0140625
2 0.73671875 0.5828125 0.0171875 0.0203125
2 0.72890625 0.590625 0.0140625 0.0171875
2 0.7640625 0.63046875 0.015625 0.0203125
2 0.740625 0.6796875 0.0140625 0.0171875
2 0.71328125 0.67890625 0.015625 0.0203125
2 0.6546875 0.6765625 0.021875 0.0140625
2 0.78125 0.44453125 0.021875 0.0203125
2 0.74296875 0.4234375 0.021875 0.0234375
2 0.73125 0.4015625 0.015625 0.0203125
2 0.7640625 0.4046875 0.021875 0.0234375
2 0.7609375 0.5625 0.0203125 0.0265625