2 0.5859375 0.42421875 0.025 0.0265625
2 0.5359375 0.390625 0.0234375 0.0234375
2 0.55625 0.36328125 0.021875 0.01875
2 0.5078125 0.3640625 0.0140625 0.0203125
2 0.49453125 0.32890625 0.0203125 0.01875
2 0.48671875 0.33671875 0.015625 0.015625
2 0.44765625 0.2984375 0.0203125 0.0171875
2 0.39765625 0.31953125 0.015625 0.015625
2 0.39765625 0.34609375 0.0203125 0.0171875
2 0.3984375 0.4046875 0.0140625 0.0234375
2 0.63515625 0.29375 0.0203125 0.0234375
2 0.6546875 0.3328125 0.0234375 0.0234375
2 0.6765625 0.34609375 0.0203125 0.0171875
2 0.67421875 0.31328125 0.0234375 0.0234375
2 0.515625 0.30625 0.0265625 0.021875