2 0.52578125 0.63828125 0.025 0.025
2 0.47578125 0.6671875 0.0234375 0.021875
2 0.4953125 0.696875 0.021875 0.0171875
2 0.44765625 0.68984375 0.0140625 0.01875
2 0.43359375 0.72421875 0.0203125 0.0171875
2 0.4265625 0.715625 0.0171875 0.0140625
2 0.38671875 0.74921875 0.0203125 0.015625
2 0.33671875 0.7234375 0.0171875 0.0140625
2 0.33671875 0.69609375 0.0203125 0.015625
2 0.33828125 0.6375 0.0140625 0.021875
2 0.5734375 0.775 0.0203125 0.021875
2 0.59375 0.73828125 0.0234375 0.021875
2 0.615625 0.72734375 0.0203125 0.015625
2 0.6125 0.76015625 0.0234375 0.021875
2 0.4546875 0.74921875 0.0265625 0.01875