2 0.5921875 0.37109375 0.025 0.025
2 0.54140625 0.3421875 0.0234375 0.021875
2 0.56171875 0.3125 0.021875 0.0171875
2 0.51328125 0.31875 0.0140625 0.01875
2 0.49921875 0.284375 0.0203125 0.0171875
2 0.4921875 0.29296875 0.0171875 0.0140625
2 0.45234375 0.2578125 0.0203125 0.015625
2 0.40234375 0.28359375 0.0171875 0.0140625
2 0.403125 0.3109375 0.0203125 0.015625
2 0.4046875 0.36953125 0.0140625 0.021875
2 0.6390625 0.2359375 0.0203125 0.021875
2 0.659375 0.2734375 0.0234375 0.021875
2 0.68125 0.284375 0.0203125 0.015625
2 0.678125 0.2515625 0.0234375 0.021875
2 0.5203125 0.259375 0.0265625 0.01875