2 0.82421875 0.42734375 0.0328125 0.0296875
2 0.79609375 0.30859375 0.0359375 0.0359375
2 0.7703125 0.428125 0.0390625 0.0359375
2 0.75859375 0.35390625 0.0359375 0.0359375
2 0.978125 0.46015625 0.0421875 0.0421875
2 0.965625 0.58125 0.046875 0.0484375
2 0.86484375 0.57265625 0.0390625 0.0421875
2 0.81328125 0.60234375 0.0390625 0.0359375
2 0.77578125 0.49765625 0.0328125 0.03125
2 0.74609375 0.48828125 0.0421875 0.0296875
2 0.68515625 0.734375 0.0421875 0.0453125
2 0.78359375 0.76328125 0.04375 0.0375
2 0.97890625 0.84296875 0.0421875 0.0390625
2 0.8640625 0.621875 0.0328125 0.0375
2 0.815625 0.4515625 0.0421875 0.0390625
2 0.153125 0.28359375 0.0375 0.0359375
2 0.1546875 0.315625 0.025 0.03125
2 0.16796875 0.3421875 0.0265625 0.028125
2 0.17734375 0.3625 0.0328125 0.025
2 0.2515625 0.46484375 0.0359375 0.0328125
2 0.26875 0.49609375 0.0390625 0.0421875
2 0.20703125 0.52734375 0.0390625 0.03125
2 0.24140625 0.53359375 0.0328125 0.025
2 0.27421875 0.68125 0.0328125 0.03125
2 0.22578125 0.671875 0.0390625 0.028125
2 0.26328125 0.715625 0.0296875 0.028125
2 0.28515625 0.73203125 0.0296875 0.021875
2 0.30703125 0.746875 0.0359375 0.0328125
2 0.33984375 0.740625 0.034375 0.0234375
2 0.11015625 0.7578125 0.0328125 0.028125
2 0.08984375 0.7234375 0.03125 0.0265625
2 0.16796875 0.44453125 0.034375 0.034375
2 0.2890625 0.23515625 0.0359375 0.0234375
2 0.815625 0.528125 0.0375 0.028125