2 0.78515625 0.46015625 0.0328125 0.0296875
2 0.76796875 0.33984375 0.0359375 0.034375
2 0.73125 0.45859375 0.0390625 0.034375
2 0.7265625 0.384375 0.0359375 0.034375
2 0.9359375 0.4984375 0.0421875 0.040625
2 0.91328125 0.61953125 0.046875 0.0484375
2 0.81328125 0.60703125 0.0390625 0.040625
2 0.759375 0.634375 0.0390625 0.034375
2 0.73046875 0.528125 0.0328125 0.03125
2 0.70234375 0.51796875 0.0421875 0.028125
2 0.61953125 0.7609375 0.0421875 0.04375
2 0.71484375 0.79375 0.04375 0.0359375
2 0.91015625 0.88125 0.05625 0.0390625
2 0.80859375 0.65625 0.0328125 0.0375
2 0.77421875 0.484375 0.0421875 0.0375
2 0.128125 0.2890625 0.0375 0.034375
2 0.1265625 0.32109375 0.025 0.03125
2 0.1375 0.3484375 0.0265625 0.028125
2 0.1453125 0.36953125 0.0328125 0.025
2 0.21015625 0.47421875 0.0359375 0.03125
2 0.225 0.50546875 0.0390625 0.040625
2 0.16015625 0.534375 0.0390625 0.0296875
2 0.19453125 0.5421875 0.0328125 0.025
2 0.2140625 0.690625 0.0328125 0.03125
2 0.1671875 0.6796875 0.0390625 0.0265625
2 0.2 0.725 0.0296875 0.028125
2 0.22109375 0.7421875 0.0296875 0.021875
2 0.24140625 0.7578125 0.0359375 0.03125
2 0.27421875 0.753125 0.034375 0.0234375
2 0.04375 0.7609375 0.0328125 0.028125
2 0.0265625 0.72578125 0.03125 0.0265625
2 0.12890625 0.45 0.034375 0.034375
2 0.26796875 0.24609375 0.0359375 0.021875
2 0.7671875 0.5609375 0.0375 0.0265625