2 0.83984375 0.43671875 0.034375 0.0296875
2 0.8078125 0.3171875 0.0375 0.034375
2 0.7859375 0.43671875 0.040625 0.034375
2 0.771875 0.3625 0.0375 0.034375
2 0.98671875 0.47109375 0.0265625 0.040625
2 0.98125 0.5921875 0.0375 0.046875
2 0.8859375 0.5828125 0.040625 0.040625
2 0.83515625 0.6109375 0.040625 0.034375
2 0.79375 0.50625 0.034375 0.03125
2 0.7640625 0.496875 0.0421875 0.028125
2 0.7109375 0.74140625 0.04375 0.04375
2 0.8109375 0.771875 0.0453125 0.0359375
2 0.99375 0.85390625 0.0125 0.0375
2 0.88671875 0.63203125 0.034375 0.0375
2 0.83203125 0.4609375 0.04375 0.0375
2 0.16328125 0.28515625 0.0390625 0.034375
2 0.165625 0.3171875 0.0265625 0.03125
2 0.1796875 0.34453125 0.0265625 0.028125
2 0.18984375 0.36484375 0.0328125 0.025
2 0.26796875 0.46796875 0.0375 0.03125
2 0.2859375 0.4984375 0.040625 0.040625
2 0.22578125 0.52890625 0.040625 0.0296875
2 0.26015625 0.5359375 0.0328125 0.025
2 0.2984375 0.68359375 0.034375 0.03125
2 0.25 0.67421875 0.0390625 0.0265625
2 0.28828125 0.71875 0.0296875 0.028125
2 0.3109375 0.734375 0.0296875 0.021875
2 0.33359375 0.75 0.0375 0.03125
2 0.365625 0.74375 0.034375 0.0234375
2 0.13671875 0.75859375 0.0328125 0.028125
2 0.115625 0.72421875 0.03125 0.0265625
2 0.18359375 0.44609375 0.0359375 0.034375
2 0.29765625 0.23828125 0.0359375 0.021875
2 0.834375 0.5375 0.0375 0.0265625