2 0.54140625 0.16484375 0.03125 0.0328125
2 0.659375 0.1796875 0.0359375 0.0359375
2 0.53828125 0.21875 0.0375 0.0390625
2 0.6125 0.221875 0.0359375 0.0359375
2 0.51484375 0.01796875 0.04375 0.0359375
2 0.39296875 0.0390625 0.05 0.0484375
2 0.39765625 0.1390625 0.04375 0.040625
2 0.365625 0.19375 0.0375 0.0390625
2 0.46953125 0.2203125 0.0328125 0.0328125
2 0.4765625 0.2484375 0.03125 0.0421875
2 0.228125 0.33515625 0.046875 0.04375
2 0.203125 0.240625 0.0390625 0.04375
2 0.13203125 0.046875 0.040625 0.05625
2 0.34765625 0.14453125 0.0390625 0.0328125
2 0.51640625 0.17578125 0.040625 0.0421875
2 0.6578125 0.81875 0.0359375 0.0375
2 0.62578125 0.8203125 0.0328125 0.025
2 0.59921875 0.81015625 0.0296875 0.0265625
2 0.5796875 0.803125 0.0265625 0.0328125
2 0.48046875 0.73984375 0.0328125 0.0359375
2 0.45 0.72578125 0.04375 0.040625
2 0.41640625 0.790625 0.0328125 0.0390625
2 0.41171875 0.75703125 0.0265625 0.0328125
2 0.26484375 0.73984375 0.0328125 0.0328125
2 0.271875 0.78671875 0.0296875 0.0390625
2 0.2296875 0.75390625 0.0296875 0.0296875
2 0.21484375 0.73359375 0.0234375 0.0296875
2 0.2 0.7140625 0.0328125 0.0359375
2 0.2078125 0.68046875 0.025 0.034375
2 0.18125 0.9109375 0.0296875 0.034375
2 0.21484375 0.92734375 0.028125 0.03125
2 0.49765625 0.82109375 0.0359375 0.034375
2 0.7125 0.67734375 0.0234375 0.0359375
2 0.43984375 0.18359375 0.028125 0.0375