2 0.559375 0.16171875 0.03125 0.0328125
2 0.6796875 0.17578125 0.0359375 0.0359375
2 0.56171875 0.215625 0.0359375 0.0390625
2 0.63671875 0.21796875 0.0359375 0.0359375
2 0.51953125 0.01640625 0.0421875 0.0328125
2 0.3984375 0.03671875 0.0484375 0.0484375
2 0.4125 0.13671875 0.0421875 0.040625
2 0.3859375 0.19140625 0.0359375 0.0390625
2 0.4921875 0.2171875 0.0328125 0.0328125
2 0.50234375 0.2453125 0.0296875 0.0421875
2 0.2609375 0.33359375 0.0453125 0.04375
2 0.2265625 0.2390625 0.0375 0.04375
2 0.13671875 0.04609375 0.0390625 0.0578125
2 0.36328125 0.14296875 0.0390625 0.034375
2 0.5359375 0.17265625 0.0390625 0.04375
2 0.73828125 0.8140625 0.0359375 0.0375
2 0.70625 0.81640625 0.03125 0.025
2 0.67890625 0.80625 0.028125 0.0265625
2 0.6578125 0.79921875 0.0265625 0.0328125
2 0.55234375 0.73671875 0.0328125 0.0359375
2 0.5203125 0.72265625 0.0421875 0.040625
2 0.4921875 0.78828125 0.03125 0.0390625
2 0.484375 0.75390625 0.0265625 0.0328125
2 0.33515625 0.7375 0.0328125 0.0328125
2 0.346875 0.784375 0.028125 0.0390625
2 0.3015625 0.75234375 0.0296875 0.0296875
2 0.284375 0.73203125 0.0234375 0.0296875
2 0.26796875 0.7125 0.0328125 0.0359375
2 0.27265625 0.67890625 0.025 0.034375
2 0.2671875 0.909375 0.0296875 0.034375
2 0.30234375 0.92578125 0.028125 0.03125
2 0.57734375 0.81796875 0.0359375 0.034375
2 0.7796875 0.6734375 0.0234375 0.0359375
2 0.459375 0.18125 0.028125 0.0375