2 0.54140625 0.203125 0.03125 0.03125
2 0.659375 0.2265625 0.0359375 0.034375
2 0.53828125 0.25703125 0.0375 0.0375
2 0.6125 0.265625 0.0359375 0.034375
2 0.51484375 0.05078125 0.04375 0.040625
2 0.39296875 0.0671875 0.05 0.0453125
2 0.39765625 0.1671875 0.04375 0.0375
2 0.365625 0.2203125 0.0375 0.0375
2 0.46953125 0.25390625 0.0328125 0.03125
2 0.4765625 0.2828125 0.03125 0.040625
2 0.228125 0.353125 0.046875 0.040625
2 0.203125 0.25546875 0.0390625 0.0421875
2 0.13203125 0.05625 0.040625 0.0546875
2 0.34765625 0.16953125 0.0390625 0.03125
2 0.51640625 0.2125 0.040625 0.040625
2 0.6578125 0.86875 0.0359375 0.0359375
2 0.62578125 0.86796875 0.0328125 0.0234375
2 0.59921875 0.85625 0.0296875 0.025
2 0.5796875 0.846875 0.0265625 0.03125
2 0.48046875 0.7765625 0.0328125 0.034375
2 0.45 0.76015625 0.04375 0.0375
2 0.41640625 0.8234375 0.0328125 0.0375
2 0.41171875 0.7890625 0.0265625 0.03125
2 0.26484375 0.76171875 0.0328125 0.03125
2 0.271875 0.809375 0.0296875 0.0375
2 0.2296875 0.7734375 0.0296875 0.028125
2 0.21484375 0.75234375 0.0234375 0.028125
2 0.2 0.73125 0.0328125 0.034375
2 0.2078125 0.6984375 0.025 0.0328125
2 0.18125 0.928125 0.0296875 0.0328125
2 0.21484375 0.946875 0.028125 0.0296875
2 0.49765625 0.859375 0.0359375 0.0328125
2 0.7125 0.73046875 0.0234375 0.034375
2 0.43984375 0.215625 0.028125 0.0359375