2 0.4625 0.19140625 0.0328125 0.03125
2 0.34453125 0.21484375 0.0375 0.034375
2 0.465625 0.2453125 0.0375 0.0375
2 0.3921875 0.25390625 0.0375 0.034375
2 0.4859375 0.0390625 0.04375 0.040625
2 0.60859375 0.05546875 0.05 0.0453125
2 0.60546875 0.15546875 0.04375 0.0375
2 0.63828125 0.20859375 0.0375 0.0375
2 0.53515625 0.2421875 0.034375 0.03125
2 0.528125 0.27109375 0.03125 0.040625
2 0.778125 0.34140625 0.046875 0.040625
2 0.80078125 0.24375 0.0390625 0.0421875
2 0.86953125 0.04453125 0.0421875 0.0546875
2 0.6546875 0.1578125 0.040625 0.03125
2 0.4875 0.20078125 0.040625 0.040625
2 0.35703125 0.85703125 0.0375 0.0359375
2 0.3890625 0.85625 0.0328125 0.0234375
2 0.415625 0.84453125 0.0296875 0.025
2 0.43515625 0.8359375 0.028125 0.03125
2 0.5328125 0.76484375 0.034375 0.034375
2 0.56328125 0.74921875 0.04375 0.0375
2 0.59765625 0.81171875 0.0328125 0.0375
2 0.60234375 0.77734375 0.028125 0.03125
2 0.7484375 0.75 0.034375 0.03125
2 0.7421875 0.79765625 0.0296875 0.0375
2 0.78359375 0.76171875 0.0296875 0.028125
2 0.7984375 0.740625 0.0234375 0.028125
2 0.8125 0.71953125 0.034375 0.034375
2 0.8046875 0.68671875 0.0265625 0.0328125
2 0.83515625 0.91640625 0.03125 0.0328125
2 0.80234375 0.93515625 0.0296875 0.0296875
2 0.5171875 0.84765625 0.0375 0.0328125
2 0.3 0.71875 0.025 0.034375
2 0.5640625 0.20390625 0.0296875 0.0359375