2 0.80546875 0.35703125 0.03125 0.0328125
2 0.7828125 0.23984375 0.034375 0.0375
2 0.7515625 0.3625 0.0375 0.0390625
2 0.74375 0.2890625 0.034375 0.0375
2 0.95859375 0.37578125 0.040625 0.0453125
2 0.940625 0.49921875 0.0453125 0.0515625
2 0.840625 0.49921875 0.0375 0.0453125
2 0.78828125 0.53359375 0.0375 0.0390625
2 0.7546875 0.43125 0.03125 0.034375
2 0.72578125 0.425 0.040625 0.0328125
2 0.6546875 0.67734375 0.040625 0.0484375
2 0.7515625 0.69765625 0.0421875 0.040625
2 0.95 0.76015625 0.0546875 0.04375
2 0.83828125 0.5484375 0.03125 0.040625
2 0.796875 0.38203125 0.040625 0.0421875
2 0.14140625 0.27109375 0.0359375 0.0390625
2 0.14140625 0.303125 0.0234375 0.034375
2 0.15390625 0.32890625 0.025 0.03125
2 0.1625 0.3484375 0.03125 0.028125
2 0.2328125 0.44453125 0.034375 0.034375
2 0.2484375 0.47421875 0.0375 0.0453125
2 0.18515625 0.5109375 0.0375 0.034375
2 0.21953125 0.5140625 0.03125 0.028125
2 0.24609375 0.66015625 0.03125 0.034375
2 0.1984375 0.6546875 0.0375 0.03125
2 0.23359375 0.6953125 0.028125 0.03125
2 0.2546875 0.709375 0.028125 0.025
2 0.2765625 0.72265625 0.034375 0.034375
2 0.309375 0.7140625 0.0328125 0.0265625
2 0.0796875 0.75078125 0.03125 0.03125
2 0.06015625 0.71875 0.0296875 0.0296875
2 0.14921875 0.43125 0.0328125 0.0375
2 0.2796875 0.21015625 0.034375 0.025
2 0.79296875 0.459375 0.0359375 0.03125