2 0.5421875 0.17109375 0.03125 0.0328125
2 0.6609375 0.1875 0.0359375 0.0359375
2 0.53984375 0.225 0.0359375 0.0390625
2 0.6140625 0.2296875 0.0359375 0.0359375
2 0.515625 0.02109375 0.04375 0.0421875
2 0.39296875 0.04375 0.05 0.046875
2 0.3984375 0.14375 0.0421875 0.0390625
2 0.3671875 0.19765625 0.0359375 0.0390625
2 0.4703125 0.22578125 0.0328125 0.0328125
2 0.478125 0.2546875 0.03125 0.0421875
2 0.23046875 0.33828125 0.046875 0.0421875
2 0.2046875 0.24296875 0.0390625 0.04375
2 0.13203125 0.0484375 0.040625 0.05625
2 0.34921875 0.14921875 0.0390625 0.0328125
2 0.51796875 0.18125 0.040625 0.0421875
2 0.66328125 0.8265625 0.0359375 0.0375
2 0.63125 0.828125 0.0328125 0.025
2 0.6046875 0.81796875 0.0296875 0.0265625
2 0.584375 0.81015625 0.0265625 0.0328125
2 0.48515625 0.7453125 0.0328125 0.0359375
2 0.4546875 0.73125 0.0421875 0.0390625
2 0.42109375 0.79609375 0.03125 0.0390625
2 0.41640625 0.76171875 0.0265625 0.0328125
2 0.26953125 0.74296875 0.0328125 0.0328125
2 0.2765625 0.790625 0.028125 0.0390625
2 0.234375 0.75703125 0.0296875 0.0296875
2 0.21875 0.73671875 0.0234375 0.0296875
2 0.2046875 0.71640625 0.0328125 0.0359375
2 0.21171875 0.68359375 0.025 0.034375
2 0.18671875 0.9140625 0.0296875 0.034375
2 0.2203125 0.93125 0.028125 0.03125
2 0.50234375 0.82734375 0.0359375 0.034375
2 0.71640625 0.68671875 0.0234375 0.0359375
2 0.440625 0.1890625 0.028125 0.0375