2 0.54921875 0.16796875 0.0296875 0.0328125
2 0.66796875 0.18359375 0.0359375 0.0359375
2 0.54921875 0.221875 0.0359375 0.0390625
2 0.62265625 0.22578125 0.0359375 0.0359375
2 0.5171875 0.01953125 0.0421875 0.0390625
2 0.3953125 0.04140625 0.0484375 0.0484375
2 0.40390625 0.14140625 0.0421875 0.0390625
2 0.375 0.19609375 0.0359375 0.0390625
2 0.4796875 0.22265625 0.03125 0.0328125
2 0.48828125 0.2515625 0.0296875 0.0421875
2 0.24296875 0.33671875 0.0453125 0.0421875
2 0.21328125 0.24140625 0.0375 0.04375
2 0.13359375 0.04765625 0.0390625 0.05625
2 0.3546875 0.146875 0.0375 0.0328125
2 0.525 0.178125 0.0390625 0.0421875
2 0.69296875 0.82265625 0.0359375 0.0375
2 0.6609375 0.82421875 0.03125 0.025
2 0.634375 0.8140625 0.028125 0.0265625
2 0.6140625 0.80625 0.025 0.0328125
2 0.51171875 0.7421875 0.0328125 0.0359375
2 0.48125 0.72890625 0.0421875 0.0390625
2 0.45 0.79375 0.03125 0.0390625
2 0.44375 0.759375 0.025 0.0328125
2 0.2953125 0.74140625 0.03125 0.0328125
2 0.3046875 0.78828125 0.028125 0.0390625
2 0.2609375 0.75546875 0.028125 0.0296875
2 0.2453125 0.73515625 0.021875 0.0296875
2 0.2296875 0.71484375 0.0328125 0.0359375
2 0.2359375 0.68203125 0.0234375 0.034375
2 0.21875 0.9125 0.028125 0.034375
2 0.253125 0.9296875 0.0265625 0.03125
2 0.5328125 0.82421875 0.034375 0.034375
2 0.74140625 0.68203125 0.0234375 0.0359375
2 0.4484375 0.18671875 0.028125 0.0375