2 0.45859375 0.2125 0.03125 0.0328125
2 0.340625 0.23046875 0.0359375 0.0359375
2 0.46171875 0.26640625 0.0375 0.0390625
2 0.3875 0.271875 0.0359375 0.0359375
2 0.48515625 0.06171875 0.04375 0.0421875
2 0.60703125 0.08359375 0.05 0.046875
2 0.60234375 0.1828125 0.04375 0.0390625
2 0.634375 0.2375 0.0375 0.0390625
2 0.53046875 0.26640625 0.0328125 0.0328125
2 0.5234375 0.2953125 0.03125 0.0421875
2 0.771875 0.37578125 0.046875 0.0421875
2 0.796875 0.28046875 0.0390625 0.04375
2 0.86796875 0.08515625 0.040625 0.05625
2 0.65234375 0.18828125 0.0390625 0.0328125
2 0.48359375 0.22265625 0.040625 0.0421875
2 0.3421875 0.8703125 0.0359375 0.0375
2 0.37421875 0.87109375 0.0328125 0.025
2 0.40078125 0.86015625 0.0296875 0.0265625
2 0.4203125 0.85234375 0.0265625 0.0328125
2 0.51953125 0.78671875 0.0328125 0.0359375
2 0.55 0.771875 0.04375 0.0390625
2 0.58359375 0.83671875 0.0328125 0.0390625
2 0.58828125 0.80234375 0.0265625 0.0328125
2 0.73515625 0.78203125 0.0328125 0.0328125
2 0.728125 0.82890625 0.0296875 0.0390625
2 0.7703125 0.7953125 0.0296875 0.0296875
2 0.78515625 0.775 0.0234375 0.028125
2 0.8 0.7546875 0.0328125 0.0359375
2 0.7921875 0.72109375 0.025 0.034375
2 0.81875 0.9515625 0.0296875 0.034375
2 0.78515625 0.96875 0.028125 0.03125
2 0.50234375 0.86875 0.0359375 0.034375
2 0.2875 0.73046875 0.0234375 0.034375
2 0.56015625 0.22890625 0.028125 0.0375