2 0.83203125 0.41796875 0.0328125 0.03125
2 0.80234375 0.29921875 0.0359375 0.0359375
2 0.778125 0.41953125 0.0390625 0.0359375
2 0.76484375 0.3453125 0.0359375 0.0359375
2 0.98203125 0.4484375 0.0359375 0.0421875
2 0.97578125 0.5703125 0.0484375 0.0484375
2 0.87578125 0.56328125 0.040625 0.0421875
2 0.82421875 0.59296875 0.0390625 0.0359375
2 0.784375 0.48828125 0.0328125 0.0328125
2 0.7546875 0.48046875 0.0421875 0.0296875
2 0.69765625 0.7265625 0.04375 0.0453125
2 0.796875 0.7546875 0.04375 0.0375
2 0.9859375 0.83203125 0.028125 0.0390625
2 0.87578125 0.6125 0.034375 0.0390625
2 0.82421875 0.44296875 0.04375 0.0390625
2 0.15859375 0.28203125 0.0375 0.0359375
2 0.16015625 0.3140625 0.025 0.0328125
2 0.1734375 0.340625 0.0265625 0.0296875
2 0.18359375 0.3609375 0.0328125 0.0265625
2 0.26015625 0.4625 0.0359375 0.0328125
2 0.27734375 0.49296875 0.040625 0.0421875
2 0.21640625 0.525 0.0390625 0.03125
2 0.25078125 0.53046875 0.0328125 0.0265625
2 0.2859375 0.678125 0.0328125 0.0328125
2 0.2375 0.66953125 0.0390625 0.028125
2 0.27578125 0.71328125 0.0296875 0.0296875
2 0.29765625 0.72890625 0.0296875 0.0234375
2 0.3203125 0.74375 0.0359375 0.0328125
2 0.35234375 0.73671875 0.034375 0.025
2 0.1234375 0.75703125 0.0328125 0.0296875
2 0.10234375 0.72265625 0.03125 0.028125
2 0.17578125 0.4421875 0.034375 0.0359375
2 0.29375 0.23203125 0.0359375 0.0234375
2 0.825 0.51953125 0.0375 0.028125