2 0.79296875 0.49765625 0.03125 0.03125
2 0.7734375 0.3765625 0.0359375 0.0359375
2 0.7390625 0.49296875 0.0390625 0.0375
2 0.7328125 0.41875 0.0359375 0.0359375
2 0.94453125 0.54296875 0.0421875 0.04375
2 0.9234375 0.66328125 0.046875 0.05
2 0.8234375 0.64609375 0.0390625 0.04375
2 0.7703125 0.6703125 0.0390625 0.0375
2 0.73984375 0.56328125 0.03125 0.0328125
2 0.7109375 0.5515625 0.040625 0.03125
2 0.6328125 0.790625 0.0421875 0.046875
2 0.72890625 0.828125 0.04375 0.0390625
2 0.925 0.92578125 0.05625 0.040625
2 0.81953125 0.69453125 0.0328125 0.0390625
2 0.7828125 0.52109375 0.0421875 0.040625
2 0.1328125 0.2953125 0.0375 0.0359375
2 0.1328125 0.32734375 0.0234375 0.0328125
2 0.14375 0.35546875 0.025 0.0296875
2 0.1515625 0.3765625 0.03125 0.0265625
2 0.21875 0.48515625 0.034375 0.0328125
2 0.23359375 0.5171875 0.0390625 0.04375
2 0.16953125 0.54296875 0.0375 0.0328125
2 0.20390625 0.55234375 0.03125 0.0265625
2 0.2265625 0.70234375 0.03125 0.0328125
2 0.17890625 0.6890625 0.0375 0.0296875
2 0.21328125 0.7359375 0.028125 0.0296875
2 0.23359375 0.75390625 0.028125 0.0234375
2 0.2546875 0.7703125 0.034375 0.0328125
2 0.2875 0.7671875 0.0328125 0.025
2 0.05703125 0.7640625 0.03125 0.0296875
2 0.0390625 0.72890625 0.0296875 0.028125
2 0.13671875 0.45703125 0.034375 0.0359375
2 0.27265625 0.259375 0.034375 0.0234375
2 0.77734375 0.59765625 0.0359375 0.028125