2 0.54375 0.2515625 0.03125 0.034375
2 0.66171875 0.2859375 0.0359375 0.0375
2 0.54140625 0.30546875 0.0359375 0.040625
2 0.615625 0.32109375 0.0359375 0.0375
2 0.515625 0.09609375 0.0421875 0.0453125
2 0.39375 0.1015625 0.05 0.05
2 0.39921875 0.203125 0.0421875 0.0421875
2 0.36875 0.253125 0.0359375 0.040625
2 0.471875 0.296875 0.0328125 0.034375
2 0.4796875 0.3265625 0.0296875 0.04375
2 0.2328125 0.375 0.0453125 0.0453125
2 0.20625 0.275 0.0375 0.0453125
2 0.13203125 0.06796875 0.040625 0.0578125
2 0.35 0.2015625 0.0390625 0.034375
2 0.51875 0.25859375 0.0390625 0.04375
2 0.66796875 0.93125 0.0359375 0.0390625
2 0.6359375 0.928125 0.0328125 0.0265625
2 0.609375 0.91328125 0.0296875 0.028125
2 0.58984375 0.90234375 0.0265625 0.034375
2 0.4890625 0.82265625 0.0328125 0.0375
2 0.45859375 0.80390625 0.0421875 0.0421875
2 0.42578125 0.86484375 0.03125 0.040625
2 0.4203125 0.8296875 0.0265625 0.034375
2 0.2734375 0.7890625 0.0328125 0.034375
2 0.28125 0.8375 0.028125 0.040625
2 0.23828125 0.79765625 0.0296875 0.03125
2 0.2234375 0.775 0.0234375 0.0296875
2 0.20859375 0.75234375 0.0328125 0.0375
2 0.215625 0.7203125 0.025 0.034375
2 0.1921875 0.94921875 0.0296875 0.0359375
2 0.22578125 0.97109375 0.028125 0.0328125
2 0.5078125 0.9078125 0.0359375 0.0359375
2 0.72109375 0.796875 0.0234375 0.0359375
2 0.4421875 0.25546875 0.028125 0.0390625