2 0.7953125 0.38515625 0.03125 0.0328125
2 0.77578125 0.2671875 0.034375 0.0375
2 0.74140625 0.38828125 0.0375 0.0375
2 0.73515625 0.31484375 0.034375 0.0375
2 0.946875 0.409375 0.040625 0.04375
2 0.92734375 0.53203125 0.046875 0.05
2 0.82734375 0.52890625 0.0375 0.04375
2 0.7734375 0.5609375 0.0375 0.0375
2 0.7421875 0.4578125 0.03125 0.034375
2 0.7140625 0.45078125 0.040625 0.03125
2 0.63671875 0.7 0.040625 0.046875
2 0.73359375 0.72421875 0.0421875 0.0390625
2 0.93046875 0.79296875 0.0546875 0.0421875
2 0.8234375 0.578125 0.03125 0.040625
2 0.78515625 0.41015625 0.040625 0.040625
2 0.13515625 0.27578125 0.0359375 0.0375
2 0.134375 0.3078125 0.0234375 0.0328125
2 0.1453125 0.334375 0.025 0.0296875
2 0.15390625 0.35390625 0.03125 0.028125
2 0.22109375 0.453125 0.034375 0.034375
2 0.23671875 0.4828125 0.0375 0.04375
2 0.17265625 0.5171875 0.0375 0.0328125
2 0.20703125 0.521875 0.03125 0.028125
2 0.23046875 0.66875 0.03125 0.034375
2 0.1828125 0.66171875 0.0375 0.0296875
2 0.2171875 0.70390625 0.028125 0.0296875
2 0.23828125 0.71875 0.028125 0.0234375
2 0.25859375 0.7328125 0.034375 0.034375
2 0.29140625 0.72421875 0.0328125 0.0265625
2 0.06171875 0.75390625 0.03125 0.03125
2 0.04375 0.72109375 0.0296875 0.028125
2 0.1390625 0.43671875 0.0328125 0.0375
2 0.27421875 0.2203125 0.034375 0.025
2 0.78046875 0.48671875 0.0359375 0.0296875