2 0.803125 0.54453125 0.03125 0.0328125
2 0.78125 0.42265625 0.034375 0.0390625
2 0.74921875 0.5375 0.0375 0.0390625
2 0.74140625 0.4625 0.034375 0.0390625
2 0.95546875 0.59921875 0.040625 0.0453125
2 0.9375 0.71796875 0.0453125 0.053125
2 0.8375 0.6953125 0.0375 0.0453125
2 0.784375 0.71640625 0.0375 0.0390625
2 0.7515625 0.60703125 0.03125 0.034375
2 0.72265625 0.59453125 0.040625 0.0328125
2 0.65 0.82890625 0.040625 0.0484375
2 0.746875 0.871875 0.0421875 0.040625
2 0.9453125 0.9796875 0.0546875 0.040625
2 0.834375 0.74375 0.03125 0.040625
2 0.79375 0.56796875 0.040625 0.0421875
2 0.13984375 0.30390625 0.0359375 0.0390625
2 0.13984375 0.3359375 0.0234375 0.034375
2 0.1515625 0.36484375 0.025 0.03125
2 0.16015625 0.3859375 0.03125 0.028125
2 0.2296875 0.4984375 0.034375 0.0359375
2 0.2453125 0.53203125 0.0375 0.0453125
2 0.18203125 0.55390625 0.0375 0.034375
2 0.21640625 0.56484375 0.03125 0.028125
2 0.2421875 0.71640625 0.03125 0.034375
2 0.19453125 0.70078125 0.0375 0.03125
2 0.2296875 0.74921875 0.028125 0.03125
2 0.25078125 0.76796875 0.028125 0.025
2 0.271875 0.78671875 0.034375 0.0359375
2 0.3046875 0.78515625 0.0328125 0.028125
2 0.075 0.76875 0.03125 0.03125
2 0.05625 0.73203125 0.0296875 0.0296875
2 0.146875 0.465625 0.0328125 0.0390625
2 0.278125 0.27578125 0.034375 0.0265625
2 0.78984375 0.64375 0.0359375 0.03125