2 0.44375 0.2046875 0.0296875 0.03125
2 0.32421875 0.22421875 0.034375 0.034375
2 0.4421875 0.25859375 0.034375 0.0375
2 0.36796875 0.26484375 0.034375 0.034375
2 0.48125 0.053125 0.040625 0.040625
2 0.60234375 0.07265625 0.046875 0.046875
2 0.590625 0.17265625 0.040625 0.0375
2 0.61796875 0.2265625 0.034375 0.0375
2 0.51171875 0.2578125 0.03125 0.03125
2 0.50234375 0.2859375 0.028125 0.040625
2 0.7453125 0.36328125 0.04375 0.040625
2 0.77734375 0.26640625 0.0359375 0.0421875
2 0.8640625 0.06953125 0.0375 0.0546875
2 0.63984375 0.1765625 0.0375 0.03125
2 0.46796875 0.21484375 0.0375 0.040625
2 0.2765625 0.86484375 0.034375 0.0359375
2 0.30859375 0.865625 0.03125 0.0234375
2 0.3359375 0.8546875 0.028125 0.025
2 0.35625 0.84609375 0.025 0.03125
2 0.46171875 0.77890625 0.03125 0.034375
2 0.49296875 0.76328125 0.040625 0.0375
2 0.521875 0.82734375 0.0296875 0.0375
2 0.52890625 0.79296875 0.025 0.03125
2 0.678125 0.76953125 0.03125 0.03125
2 0.6671875 0.8171875 0.0265625 0.0375
2 0.7125 0.7828125 0.028125 0.028125
2 0.72890625 0.76171875 0.021875 0.028125
2 0.74453125 0.74140625 0.03125 0.034375
2 0.73984375 0.70859375 0.0234375 0.0328125
2 0.7484375 0.93828125 0.028125 0.0328125
2 0.7140625 0.95625 0.0265625 0.0296875
2 0.4375 0.8609375 0.034375 0.0328125
2 0.2328125 0.72578125 0.021875 0.034375
2 0.54453125 0.21953125 0.0265625 0.0359375