2 0.80078125 0.50703125 0.03125 0.0328125
2 0.7796875 0.3859375 0.034375 0.0375
2 0.746875 0.50234375 0.0375 0.0375
2 0.7390625 0.42734375 0.034375 0.0375
2 0.95234375 0.5546875 0.040625 0.04375
2 0.934375 0.67421875 0.0453125 0.05
2 0.834375 0.65546875 0.0375 0.04375
2 0.78046875 0.6796875 0.0375 0.0375
2 0.7484375 0.571875 0.03125 0.034375
2 0.71953125 0.56015625 0.040625 0.03125
2 0.6453125 0.7984375 0.040625 0.046875
2 0.7421875 0.83671875 0.0421875 0.0390625
2 0.940625 0.93671875 0.0546875 0.0421875
2 0.83046875 0.7046875 0.03125 0.040625
2 0.790625 0.53046875 0.040625 0.040625
2 0.13828125 0.29765625 0.0359375 0.0375
2 0.13828125 0.3296875 0.0234375 0.0328125
2 0.14921875 0.3578125 0.025 0.0296875
2 0.1578125 0.37890625 0.03125 0.028125
2 0.2265625 0.4875 0.034375 0.034375
2 0.2421875 0.5203125 0.0375 0.04375
2 0.17890625 0.5453125 0.0375 0.0328125
2 0.21328125 0.5546875 0.03125 0.028125
2 0.23828125 0.7046875 0.03125 0.034375
2 0.190625 0.69140625 0.0375 0.0296875
2 0.22578125 0.73828125 0.028125 0.0296875
2 0.246875 0.75625 0.028125 0.0234375
2 0.2671875 0.7734375 0.034375 0.034375
2 0.3 0.77109375 0.0328125 0.0265625
2 0.0703125 0.76484375 0.03125 0.03125
2 0.05234375 0.72890625 0.0296875 0.028125
2 0.14453125 0.45859375 0.0328125 0.0375
2 0.2765625 0.2625 0.034375 0.025
2 0.78671875 0.60703125 0.0359375 0.0296875