2 0.79765625 0.44140625 0.03125 0.0296875
2 0.77734375 0.321875 0.034375 0.034375
2 0.74375 0.440625 0.0375 0.034375
2 0.73671875 0.36640625 0.034375 0.034375
2 0.95 0.4765625 0.040625 0.040625
2 0.93046875 0.59765625 0.0453125 0.046875
2 0.83046875 0.5875 0.0375 0.040625
2 0.77734375 0.615625 0.0375 0.034375
2 0.7453125 0.51015625 0.03125 0.03125
2 0.71640625 0.5015625 0.040625 0.028125
2 0.64140625 0.7453125 0.040625 0.04375
2 0.7375 0.77578125 0.0421875 0.0359375
2 0.93515625 0.859375 0.0546875 0.0375
2 0.8265625 0.63671875 0.03125 0.0375
2 0.78828125 0.465625 0.040625 0.0375
2 0.13671875 0.2859375 0.0359375 0.034375
2 0.1359375 0.31796875 0.0234375 0.03125
2 0.14765625 0.3453125 0.025 0.028125
2 0.15625 0.365625 0.03125 0.025
2 0.22421875 0.46875 0.034375 0.03125
2 0.23984375 0.5 0.0375 0.040625
2 0.17578125 0.53046875 0.0375 0.0296875
2 0.21015625 0.53671875 0.03125 0.025
2 0.234375 0.68515625 0.03125 0.03125
2 0.18671875 0.67578125 0.0375 0.0265625
2 0.22109375 0.71953125 0.028125 0.028125
2 0.2421875 0.7359375 0.028125 0.021875
2 0.26328125 0.7515625 0.034375 0.03125
2 0.29609375 0.74609375 0.0328125 0.0234375
2 0.06640625 0.75859375 0.03125 0.028125
2 0.04765625 0.725 0.0296875 0.0265625
2 0.14140625 0.446875 0.0328125 0.034375
2 0.275 0.23984375 0.034375 0.021875
2 0.78359375 0.5421875 0.0359375 0.0265625