2 0.45859375 0.24609375 0.03125 0.034375
2 0.340625 0.2546875 0.0359375 0.0375
2 0.46171875 0.3 0.0375 0.040625
2 0.3875 0.3 0.0359375 0.0375
2 0.48515625 0.09765625 0.04375 0.0453125
2 0.60703125 0.1296875 0.05 0.05
2 0.60234375 0.228125 0.04375 0.0421875
2 0.634375 0.284375 0.0375 0.040625
2 0.53046875 0.30546875 0.0328125 0.034375
2 0.5234375 0.33359375 0.03125 0.04375
2 0.771875 0.4328125 0.046875 0.0453125
2 0.796875 0.33984375 0.0390625 0.046875
2 0.86796875 0.15078125 0.040625 0.059375
2 0.65234375 0.23671875 0.0390625 0.0359375
2 0.48359375 0.25859375 0.040625 0.0453125
2 0.3421875 0.8921875 0.0359375 0.0390625
2 0.37421875 0.8953125 0.0328125 0.0265625
2 0.40078125 0.88671875 0.0296875 0.028125
2 0.4203125 0.88046875 0.0265625 0.034375
2 0.51953125 0.82265625 0.0328125 0.0375
2 0.55 0.81015625 0.04375 0.0421875
2 0.58359375 0.8765625 0.0328125 0.040625
2 0.58828125 0.84296875 0.0265625 0.034375
2 0.73515625 0.834375 0.0328125 0.034375
2 0.728125 0.88046875 0.0296875 0.040625
2 0.7703125 0.85 0.0296875 0.03125
2 0.78515625 0.83125 0.0234375 0.03125
2 0.8 0.81171875 0.0328125 0.0375
2 0.7921875 0.778125 0.025 0.0359375
2 0.81875 0.9953125 0.0296875 0.009375
2 0.50234375 0.903125 0.0359375 0.0359375
2 0.2875 0.7484375 0.0234375 0.0375
2 0.56015625 0.27109375 0.028125 0.0390625