2 0.5421875 0.20625 0.03125 0.03125
2 0.6609375 0.23046875 0.0359375 0.034375
2 0.53984375 0.26015625 0.0359375 0.0375
2 0.6140625 0.26953125 0.0359375 0.034375
2 0.515625 0.05390625 0.04375 0.040625
2 0.39296875 0.06953125 0.05 0.046875
2 0.3984375 0.16953125 0.0421875 0.0375
2 0.3671875 0.221875 0.0359375 0.0375
2 0.4703125 0.25703125 0.0328125 0.03125
2 0.478125 0.2859375 0.03125 0.040625
2 0.23046875 0.3546875 0.046875 0.040625
2 0.2046875 0.25703125 0.0390625 0.0421875
2 0.13203125 0.05703125 0.040625 0.0546875
2 0.34921875 0.171875 0.0390625 0.03125
2 0.51796875 0.215625 0.040625 0.040625
2 0.66328125 0.87265625 0.0359375 0.0359375
2 0.63125 0.871875 0.0328125 0.0234375
2 0.6046875 0.86015625 0.0296875 0.025
2 0.584375 0.85078125 0.0265625 0.03125
2 0.48515625 0.7796875 0.0328125 0.034375
2 0.4546875 0.76328125 0.0421875 0.0375
2 0.42109375 0.82578125 0.03125 0.0375
2 0.41640625 0.79140625 0.0265625 0.03125
2 0.26953125 0.76328125 0.0328125 0.03125
2 0.2765625 0.8109375 0.028125 0.0375
2 0.234375 0.775 0.0296875 0.028125
2 0.21875 0.75390625 0.0234375 0.028125
2 0.2046875 0.7328125 0.0328125 0.034375
2 0.21171875 0.7 0.025 0.0328125
2 0.18671875 0.92890625 0.0296875 0.0328125
2 0.2203125 0.9484375 0.028125 0.0296875
2 0.50234375 0.8625 0.0359375 0.0328125
2 0.71640625 0.73515625 0.0234375 0.034375
2 0.440625 0.21796875 0.028125 0.0359375