2 0.43671875 0.20234375 0.03125 0.03125
2 0.31640625 0.22265625 0.0359375 0.034375
2 0.43359375 0.25625 0.0359375 0.0375
2 0.359375 0.26328125 0.0359375 0.034375
2 0.4796875 0.05 0.0421875 0.040625
2 0.6 0.06953125 0.0484375 0.0453125
2 0.584375 0.16953125 0.0421875 0.0375
2 0.61015625 0.22265625 0.0359375 0.0375
2 0.503125 0.2546875 0.0328125 0.03125
2 0.4921875 0.28359375 0.0296875 0.040625
2 0.7328125 0.35859375 0.0453125 0.040625
2 0.76875 0.2625 0.0375 0.0421875
2 0.8625 0.06484375 0.040625 0.0546875
2 0.63359375 0.1734375 0.0390625 0.03125
2 0.4609375 0.21171875 0.0390625 0.040625
2 0.246875 0.86328125 0.0359375 0.0359375
2 0.27890625 0.8640625 0.0328125 0.0234375
2 0.30625 0.85234375 0.0296875 0.025
2 0.32734375 0.84375 0.0265625 0.03125
2 0.434375 0.77578125 0.0328125 0.034375
2 0.46640625 0.76015625 0.0421875 0.0375
2 0.49296875 0.82421875 0.03125 0.0375
2 0.5015625 0.78984375 0.0265625 0.03125
2 0.6515625 0.765625 0.0328125 0.03125
2 0.6390625 0.81328125 0.028125 0.0375
2 0.68515625 0.77890625 0.0296875 0.028125
2 0.70234375 0.7578125 0.0234375 0.028125
2 0.71953125 0.73671875 0.0328125 0.034375
2 0.715625 0.70390625 0.025 0.0328125
2 0.71640625 0.93359375 0.0296875 0.0328125
2 0.68125 0.95234375 0.028125 0.0296875
2 0.4078125 0.85859375 0.0359375 0.0328125
2 0.2078125 0.725 0.0234375 0.034375
2 0.53671875 0.21640625 0.028125 0.0359375