2 0.5390625 0.2484375 0.0328125 0.034375
2 0.65703125 0.28125 0.0375 0.0375
2 0.5359375 0.30234375 0.0375 0.040625
2 0.609375 0.3171875 0.0375 0.0375
2 0.51484375 0.09296875 0.04375 0.04375
2 0.3921875 0.09921875 0.05 0.05
2 0.3953125 0.20078125 0.04375 0.040625
2 0.36328125 0.25078125 0.0375 0.040625
2 0.46640625 0.29375 0.034375 0.034375
2 0.4734375 0.3234375 0.03125 0.04375
2 0.22421875 0.3734375 0.046875 0.0453125
2 0.2 0.2734375 0.0390625 0.0453125
2 0.13125 0.0671875 0.0421875 0.0578125
2 0.34609375 0.19921875 0.040625 0.034375
2 0.5140625 0.25546875 0.040625 0.04375
2 0.6484375 0.9265625 0.0375 0.0390625
2 0.61640625 0.9234375 0.0328125 0.0265625
2 0.58984375 0.909375 0.0296875 0.028125
2 0.5703125 0.89921875 0.028125 0.0328125
2 0.47109375 0.81953125 0.034375 0.0375
2 0.44140625 0.8015625 0.04375 0.040625
2 0.40703125 0.86171875 0.0328125 0.040625
2 0.40234375 0.8265625 0.028125 0.0328125
2 0.25546875 0.78671875 0.034375 0.034375
2 0.2625 0.8359375 0.0296875 0.040625
2 0.2203125 0.79609375 0.0296875 0.03125
2 0.20546875 0.7734375 0.0234375 0.0296875
2 0.19140625 0.75078125 0.034375 0.0375
2 0.2 0.71875 0.0265625 0.034375
2 0.1703125 0.94765625 0.03125 0.0359375
2 0.203125 0.96953125 0.028125 0.0328125
2 0.4875 0.9046875 0.0375 0.0359375
2 0.70390625 0.79296875 0.025 0.0359375
2 0.4375 0.25234375 0.0296875 0.0390625