2 0.453125 0.19921875 0.03125 0.03125
2 0.334375 0.2203125 0.0359375 0.034375
2 0.45390625 0.253125 0.0359375 0.0375
2 0.38046875 0.2609375 0.0359375 0.034375
2 0.48359375 0.04765625 0.0421875 0.040625
2 0.60546875 0.065625 0.0484375 0.0453125
2 0.59765625 0.165625 0.0421875 0.0375
2 0.628125 0.21953125 0.0359375 0.0375
2 0.5234375 0.2515625 0.0328125 0.03125
2 0.51484375 0.28046875 0.0296875 0.040625
2 0.76171875 0.3546875 0.0453125 0.040625
2 0.7890625 0.2578125 0.0375 0.0421875
2 0.86640625 0.059375 0.0390625 0.0546875
2 0.646875 0.16953125 0.0390625 0.03125
2 0.47734375 0.209375 0.0390625 0.040625
2 0.31640625 0.86171875 0.0359375 0.0359375
2 0.3484375 0.86171875 0.0328125 0.0234375
2 0.37578125 0.85078125 0.0296875 0.025
2 0.39609375 0.8421875 0.0265625 0.03125
2 0.496875 0.7734375 0.0328125 0.034375
2 0.528125 0.7578125 0.0421875 0.0375
2 0.56015625 0.82109375 0.03125 0.0375
2 0.565625 0.78671875 0.0265625 0.03125
2 0.71328125 0.76171875 0.0328125 0.03125
2 0.7046875 0.809375 0.028125 0.0375
2 0.74765625 0.77421875 0.0296875 0.028125
2 0.76328125 0.753125 0.0234375 0.028125
2 0.77890625 0.7328125 0.0328125 0.034375
2 0.771875 0.7 0.025 0.0328125
2 0.79140625 0.9296875 0.0296875 0.0328125
2 0.7578125 0.94765625 0.028125 0.0296875
2 0.47734375 0.85546875 0.0359375 0.0328125
2 0.26640625 0.7234375 0.0234375 0.034375
2 0.55390625 0.21328125 0.028125 0.0359375