2 0.80546875 0.40859375 0.03125 0.03125
2 0.7828125 0.28984375 0.034375 0.0359375
2 0.7515625 0.41015625 0.0375 0.0359375
2 0.74375 0.33671875 0.034375 0.0359375
2 0.95859375 0.4375 0.040625 0.0421875
2 0.940625 0.559375 0.0453125 0.0484375
2 0.840625 0.553125 0.0375 0.0421875
2 0.78828125 0.58359375 0.0375 0.0359375
2 0.7546875 0.4796875 0.03125 0.0328125
2 0.72578125 0.471875 0.040625 0.0296875
2 0.6546875 0.71875 0.040625 0.0453125
2 0.7515625 0.7453125 0.0421875 0.0375
2 0.95 0.82109375 0.0546875 0.040625
2 0.83828125 0.60234375 0.03125 0.0390625
2 0.796875 0.43359375 0.040625 0.0390625
2 0.14140625 0.28046875 0.0359375 0.0359375
2 0.14140625 0.3125 0.0234375 0.0328125
2 0.15390625 0.3390625 0.025 0.0296875
2 0.1625 0.35859375 0.03125 0.0265625
2 0.2328125 0.459375 0.034375 0.0328125
2 0.2484375 0.48984375 0.0375 0.0421875
2 0.18515625 0.52265625 0.0375 0.03125
2 0.21953125 0.528125 0.03125 0.0265625
2 0.24609375 0.67578125 0.03125 0.0328125
2 0.1984375 0.6671875 0.0375 0.028125
2 0.23359375 0.71015625 0.028125 0.0296875
2 0.2546875 0.72578125 0.028125 0.0234375
2 0.2765625 0.740625 0.034375 0.0328125
2 0.309375 0.73359375 0.0328125 0.025
2 0.0796875 0.75625 0.03125 0.0296875
2 0.06015625 0.72265625 0.0296875 0.028125
2 0.14921875 0.440625 0.0328125 0.0359375
2 0.2796875 0.228125 0.034375 0.0234375
2 0.79296875 0.51015625 0.0359375 0.028125