2 0.440625 0.15546875 0.03125 0.034375
2 0.3203125 0.18828125 0.0359375 0.0375
2 0.43828125 0.209375 0.0359375 0.040625
2 0.36328125 0.22421875 0.0359375 0.0375
2 0.48046875 0.0109375 0.0421875 0.021875
2 0.6015625 0.015625 0.0484375 0.03125
2 0.5875 0.10703125 0.0421875 0.040625
2 0.6140625 0.1578125 0.0359375 0.040625
2 0.5078125 0.2 0.0328125 0.034375
2 0.49765625 0.23046875 0.0296875 0.04375
2 0.7390625 0.2796875 0.0453125 0.0453125
2 0.7734375 0.18046875 0.0375 0.0453125
2 0.86328125 0.0015625 0.0390625 0.003125
2 0.63671875 0.10546875 0.0390625 0.034375
2 0.4640625 0.1625 0.0390625 0.04375
2 0.26171875 0.83359375 0.0359375 0.0390625
2 0.29375 0.83046875 0.03125 0.0265625
2 0.32109375 0.81640625 0.028125 0.028125
2 0.3421875 0.80546875 0.0265625 0.0328125
2 0.44765625 0.7265625 0.0328125 0.0375
2 0.4796875 0.7078125 0.0421875 0.040625
2 0.5078125 0.76875 0.03125 0.040625
2 0.515625 0.73359375 0.0265625 0.0328125
2 0.66484375 0.69375 0.0328125 0.034375
2 0.653125 0.7421875 0.028125 0.040625
2 0.6984375 0.703125 0.0296875 0.03125
2 0.715625 0.68046875 0.0234375 0.0296875
2 0.73203125 0.6578125 0.0328125 0.0375
2 0.72734375 0.62578125 0.025 0.034375
2 0.7328125 0.85390625 0.0296875 0.0359375
2 0.69765625 0.87578125 0.028125 0.0328125
2 0.42265625 0.81171875 0.0359375 0.0359375
2 0.2203125 0.69921875 0.0234375 0.0359375
2 0.540625 0.159375 0.028125 0.0390625