2 0.44375 0.21484375 0.0296875 0.0328125
2 0.32421875 0.23203125 0.034375 0.0359375
2 0.4421875 0.26875 0.034375 0.0390625
2 0.36796875 0.2734375 0.034375 0.0359375
2 0.48125 0.0640625 0.040625 0.0421875
2 0.60234375 0.08671875 0.046875 0.046875
2 0.590625 0.18671875 0.040625 0.0390625
2 0.61796875 0.240625 0.034375 0.0390625
2 0.51171875 0.26953125 0.03125 0.0328125
2 0.50234375 0.29765625 0.028125 0.0421875
2 0.7453125 0.38046875 0.04375 0.0421875
2 0.77734375 0.28515625 0.0359375 0.04375
2 0.8640625 0.08984375 0.0375 0.05625
2 0.63984375 0.19140625 0.0375 0.0328125
2 0.46796875 0.22578125 0.0375 0.0421875
2 0.2765625 0.871875 0.034375 0.0375
2 0.30859375 0.8734375 0.03125 0.025
2 0.3359375 0.8625 0.028125 0.0265625
2 0.35625 0.8546875 0.025 0.0328125
2 0.46171875 0.78984375 0.03125 0.0359375
2 0.49296875 0.775 0.040625 0.0390625
2 0.521875 0.83984375 0.0296875 0.0390625
2 0.52890625 0.80546875 0.025 0.0328125
2 0.678125 0.7859375 0.03125 0.0328125
2 0.6671875 0.8328125 0.0265625 0.0390625
2 0.7125 0.8 0.028125 0.0296875
2 0.72890625 0.77890625 0.021875 0.0296875
2 0.74453125 0.75859375 0.03125 0.0359375
2 0.73984375 0.72578125 0.0234375 0.034375
2 0.7484375 0.95625 0.028125 0.034375
2 0.7140625 0.9734375 0.0265625 0.03125
2 0.4375 0.87109375 0.034375 0.034375
2 0.2328125 0.73203125 0.021875 0.0359375
2 0.54453125 0.2328125 0.0265625 0.0375