2 0.81328125 0.35234375 0.03125 0.0328125
2 0.7890625 0.23515625 0.0359375 0.0390625
2 0.759375 0.3578125 0.0390625 0.0390625
2 0.75 0.284375 0.0359375 0.0390625
2 0.96640625 0.3703125 0.0421875 0.0453125
2 0.9515625 0.49375 0.046875 0.0515625
2 0.8515625 0.49453125 0.0390625 0.0453125
2 0.7984375 0.52890625 0.0390625 0.0390625
2 0.76328125 0.42734375 0.03125 0.034375
2 0.734375 0.42109375 0.040625 0.0328125
2 0.6671875 0.6734375 0.0421875 0.0484375
2 0.76484375 0.69296875 0.04375 0.040625
2 0.965625 0.7546875 0.05625 0.04375
2 0.84921875 0.54375 0.0328125 0.040625
2 0.8046875 0.37734375 0.0421875 0.0421875
2 0.146875 0.2703125 0.0375 0.0390625
2 0.146875 0.30234375 0.0234375 0.034375
2 0.159375 0.328125 0.025 0.03125
2 0.16875 0.34765625 0.03125 0.028125
2 0.240625 0.44375 0.034375 0.0359375
2 0.25703125 0.47265625 0.0390625 0.0453125
2 0.19453125 0.51015625 0.0375 0.034375
2 0.22890625 0.51328125 0.03125 0.028125
2 0.2578125 0.65859375 0.03125 0.034375
2 0.21015625 0.65390625 0.0375 0.03125
2 0.24609375 0.69453125 0.028125 0.03125
2 0.26796875 0.7078125 0.028125 0.025
2 0.2890625 0.72109375 0.034375 0.0359375
2 0.321875 0.71171875 0.0328125 0.0265625
2 0.09296875 0.75078125 0.03125 0.03125
2 0.0734375 0.71875 0.0296875 0.0296875
2 0.15703125 0.43046875 0.034375 0.0375
2 0.28359375 0.20859375 0.034375 0.0265625
2 0.80234375 0.4546875 0.0359375 0.03125