2 0.55078125 0.17421875 0.0296875 0.0328125
2 0.66953125 0.19140625 0.034375 0.0359375
2 0.55 0.228125 0.034375 0.0390625
2 0.62421875 0.2328125 0.034375 0.0359375
2 0.5171875 0.0234375 0.040625 0.0421875
2 0.39609375 0.04609375 0.0484375 0.046875
2 0.4046875 0.14609375 0.040625 0.0390625
2 0.37578125 0.2 0.034375 0.0390625
2 0.48046875 0.22890625 0.03125 0.0328125
2 0.48984375 0.25703125 0.028125 0.0421875
2 0.24453125 0.33984375 0.04375 0.0421875
2 0.21484375 0.24453125 0.0359375 0.04375
2 0.134375 0.04921875 0.0390625 0.05625
2 0.35546875 0.15078125 0.0375 0.0328125
2 0.52578125 0.184375 0.0375 0.0421875
2 0.6984375 0.83125 0.034375 0.0375
2 0.66640625 0.83203125 0.03125 0.025
2 0.6390625 0.821875 0.028125 0.0265625
2 0.61875 0.8140625 0.025 0.0328125
2 0.51640625 0.7484375 0.03125 0.0359375
2 0.48515625 0.734375 0.040625 0.0390625
2 0.4546875 0.79921875 0.0296875 0.0390625
2 0.44765625 0.76484375 0.025 0.0328125
2 0.3 0.7453125 0.03125 0.0328125
2 0.309375 0.7921875 0.0265625 0.0390625
2 0.265625 0.75859375 0.028125 0.0296875
2 0.24921875 0.73828125 0.021875 0.0296875
2 0.234375 0.71796875 0.03125 0.0359375
2 0.23984375 0.68515625 0.0234375 0.034375
2 0.22421875 0.91484375 0.028125 0.034375
2 0.25859375 0.9328125 0.0265625 0.03125
2 0.5375 0.83046875 0.034375 0.034375
2 0.74609375 0.690625 0.021875 0.0359375
2 0.44921875 0.19140625 0.0265625 0.0375