2 0.4390625 0.17578125 0.03125 0.0328125
2 0.31875 0.20390625 0.0359375 0.0359375
2 0.43671875 0.2296875 0.0359375 0.0390625
2 0.36171875 0.24140625 0.0359375 0.0359375
2 0.48046875 0.021875 0.0421875 0.0421875
2 0.60078125 0.034375 0.0484375 0.046875
2 0.58671875 0.13515625 0.0421875 0.0390625
2 0.6125 0.18671875 0.0359375 0.0390625
2 0.50625 0.22421875 0.0328125 0.0328125
2 0.49609375 0.25390625 0.0296875 0.0421875
2 0.73671875 0.31484375 0.0453125 0.0421875
2 0.771875 0.21640625 0.0375 0.04375
2 0.86328125 0.02109375 0.0390625 0.0421875
2 0.6359375 0.1359375 0.0390625 0.0328125
2 0.46328125 0.184375 0.0390625 0.0421875
2 0.25703125 0.846875 0.0359375 0.0375
2 0.2890625 0.8453125 0.0328125 0.025
2 0.31640625 0.83203125 0.0296875 0.0265625
2 0.33671875 0.82265625 0.0265625 0.0328125
2 0.44375 0.7484375 0.0328125 0.0359375
2 0.475 0.73125 0.0421875 0.0390625
2 0.50234375 0.79296875 0.03125 0.0390625
2 0.5109375 0.75859375 0.0265625 0.0328125
2 0.66015625 0.72578125 0.0328125 0.0328125
2 0.6484375 0.77421875 0.028125 0.0390625
2 0.69453125 0.73671875 0.0296875 0.0296875
2 0.71171875 0.71484375 0.0234375 0.0296875
2 0.72734375 0.69296875 0.0328125 0.0359375
2 0.7234375 0.66015625 0.025 0.034375
2 0.72734375 0.88984375 0.0296875 0.034375
2 0.6921875 0.91015625 0.028125 0.03125
2 0.41796875 0.83203125 0.0359375 0.034375
2 0.21640625 0.7109375 0.0234375 0.0359375
2 0.53984375 0.184375 0.028125 0.0375