1 0.88515625 0.66640625 0.1296875 0.1015625
1 0.209375 0.25234375 0.1984375 0.08125
1 0.228125 0.1390625 0.2 0.071875
1 0.446875 0.2046875 0.0625 0.05
1 0.51640625 0.2453125 0.090625 0.0546875
1 0.7484375 0.74921875 0.0734375 0.096875
1 0.80703125 0.75234375 0.06875 0.046875
1 0.878125 0.80234375 0.0828125 0.0546875
1 0.7296875 0.81171875 0.1375 0.078125
1 0.86171875 0.89765625 0.1140625 0.0765625
1 0.18046875 0.346875 0.13125 0.0796875
1 0.45234375 0.86015625 0.040625 0.1078125
1 0.60078125 0.83515625 0.071875 0.084375
1 0.71015625 0.37265625 0.125 0.090625