1 0.959375 0.6609375 0.08125 0.1015625
1 0.2484375 0.2515625 0.1984375 0.0796875
1 0.24765625 0.13828125 0.2 0.0703125
1 0.47421875 0.20234375 0.0625 0.0484375
1 0.54921875 0.2421875 0.0921875 0.0546875
1 0.8625 0.74453125 0.0734375 0.096875
1 0.9203125 0.746875 0.06875 0.046875
1 0.97890625 0.796875 0.0421875 0.053125
1 0.8546875 0.80703125 0.1390625 0.0765625
1 0.97109375 0.8921875 0.0578125 0.0765625
1 0.2359375 0.3453125 0.13125 0.0796875
1 0.58984375 0.85703125 0.0421875 0.1078125
1 0.73203125 0.83125 0.071875 0.084375
1 0.76171875 0.36796875 0.125 0.090625