1 0.940625 0.5359375 0.11875 0.096875
1 0.23203125 0.2203125 0.1953125 0.071875
1 0.23984375 0.10625 0.196875 0.0625
1 0.46328125 0.140625 0.059375 0.046875
1 0.53515625 0.1703125 0.0890625 0.0515625
1 0.81484375 0.63671875 0.0671875 0.09375
1 0.8734375 0.63203125 0.065625 0.04375
1 0.94921875 0.67109375 0.08125 0.05
1 0.80234375 0.7015625 0.134375 0.071875
1 0.9421875 0.76796875 0.109375 0.071875
1 0.2125 0.31796875 0.1265625 0.075
1 0.5328125 0.7875 0.034375 0.10625
1 0.67734375 0.7421875 0.0671875 0.08125
1 0.740625 0.26953125 0.1203125 0.0859375