2 0.53359375 0.54765625 0.0390625 0.04375
2 0.5125 0.4015625 0.034375 0.040625
2 0.3984375 0.40546875 0.040625 0.046875
2 0.4203125 0.54609375 0.0375 0.046875
2 0.46640625 0.11484375 0.0328125 0.034375
2 0.49921875 0.0109375 0.0328125 0.021875
2 0.55390625 0.8515625 0.040625 0.0375
2 0.5546875 0.79765625 0.0265625 0.034375
2 0.596875 0.85390625 0.0375 0.0375
2 0.4890625 0.84765625 0.0296875 0.034375
2 0.43984375 0.8453125 0.03125 0.03125
2 0.5109375 0.93984375 0.0328125 0.0359375
2 0.69609375 0.84453125 0.0328125 0.0375
2 0.66796875 0.8421875 0.0296875 0.03125