2 0.45703125 0.60859375 0.0390625 0.0484375
2 0.45625 0.4609375 0.034375 0.04375
2 0.3421875 0.4515625 0.040625 0.0515625
2 0.34375 0.59375 0.0375 0.0515625
2 0.45078125 0.17109375 0.034375 0.0375
2 0.49765625 0.071875 0.0328125 0.025
2 0.434375 0.9125 0.040625 0.0421875
2 0.44375 0.859375 0.028125 0.0375
2 0.47734375 0.9203125 0.0375 0.0421875
2 0.3703125 0.90078125 0.03125 0.0375
2 0.321875 0.89296875 0.0328125 0.034375
2 0.3796875 0.9875 0.034375 0.025
2 0.578125 0.9234375 0.0328125 0.040625
2 0.55 0.91796875 0.03125 0.034375