2 0.4953125 0.5828125 0.0359375 0.046875
2 0.484375 0.4359375 0.03125 0.0421875
2 0.3703125 0.43125 0.0375 0.05
2 0.38203125 0.57265625 0.034375 0.05
2 0.45859375 0.146875 0.03125 0.0359375
2 0.4984375 0.04609375 0.03125 0.0234375
2 0.49453125 0.88671875 0.0375 0.040625
2 0.49921875 0.8328125 0.025 0.0359375
2 0.5375 0.8921875 0.034375 0.040625
2 0.4296875 0.878125 0.028125 0.0359375
2 0.38125 0.87265625 0.0296875 0.0328125
2 0.4453125 0.97109375 0.03125 0.0375
2 0.6375 0.8890625 0.0296875 0.0390625
2 0.609375 0.88515625 0.028125 0.0328125