2 0.53671875 0.553125 0.0390625 0.04375
2 0.51484375 0.40703125 0.034375 0.040625
2 0.40078125 0.41015625 0.040625 0.046875
2 0.4234375 0.55078125 0.0375 0.046875
2 0.4671875 0.1203125 0.034375 0.034375
2 0.49921875 0.01640625 0.0328125 0.021875
2 0.55859375 0.85703125 0.040625 0.0375
2 0.559375 0.80390625 0.028125 0.034375
2 0.6015625 0.86015625 0.0375 0.0375
2 0.49375 0.85234375 0.03125 0.034375
2 0.4453125 0.85 0.03125 0.03125
2 0.51640625 0.9453125 0.034375 0.0359375
2 0.7015625 0.85234375 0.0328125 0.0375
2 0.67265625 0.84921875 0.0296875 0.03125