2 0.44375 0.471875 0.04375 0.0390625
2 0.58984375 0.4515625 0.040625 0.034375
2 0.58828125 0.33828125 0.046875 0.040625
2 0.446875 0.35859375 0.046875 0.0375
2 0.87734375 0.4078125 0.034375 0.0328125
2 0.98046875 0.440625 0.021875 0.0328125
2 0.13984375 0.490625 0.0375 0.0390625
2 0.19375 0.4921875 0.034375 0.0265625
2 0.13671875 0.53359375 0.0375 0.0359375
2 0.14453125 0.42578125 0.034375 0.0296875
2 0.14765625 0.3765625 0.03125 0.03125
2 0.05234375 0.44765625 0.034375 0.0328125
2 0.14453125 0.6328125 0.0375 0.03125
2 0.146875 0.6046875 0.03125 0.0296875