2 0.43515625 0.49296875 0.0453125 0.0359375
2 0.58125 0.4796875 0.0421875 0.03125
2 0.58125 0.365625 0.0484375 0.0375
2 0.440625 0.3796875 0.0484375 0.034375
2 0.86875 0.44921875 0.0359375 0.03125
2 0.971875 0.48671875 0.0234375 0.03125
2 0.13125 0.49765625 0.0390625 0.0375
2 0.184375 0.5015625 0.0359375 0.025
2 0.12734375 0.540625 0.0390625 0.034375
2 0.1375 0.4328125 0.0359375 0.028125
2 0.14140625 0.384375 0.0328125 0.0296875
2 0.04453125 0.45 0.0359375 0.03125
2 0.1328125 0.640625 0.0390625 0.0296875
2 0.13671875 0.6125 0.0328125 0.028125