2 0.5015625 0.51015625 0.0359375 0.046875
2 0.4890625 0.36484375 0.03125 0.04375
2 0.375 0.37734375 0.0375 0.05
2 0.38828125 0.5171875 0.034375 0.05
2 0.46015625 0.0796875 0.03125 0.0375
2 0.50390625 0.8140625 0.0375 0.040625
2 0.50859375 0.759375 0.025 0.0359375
2 0.546875 0.8125 0.034375 0.040625
2 0.4390625 0.81484375 0.028125 0.0359375
2 0.390625 0.81640625 0.0296875 0.0328125
2 0.45625 0.90546875 0.03125 0.0390625
2 0.646875 0.79609375 0.0296875 0.0390625
2 0.61875 0.7953125 0.028125 0.0328125