2 0.5171875 0.4234375 0.0375 0.0453125
2 0.5109375 0.5703125 0.0328125 0.0421875
2 0.396875 0.57265625 0.0390625 0.0484375
2 0.40390625 0.43125 0.0359375 0.0484375
2 0.4953125 0.85859375 0.0328125 0.0359375
2 0.5390625 0.96015625 0.0328125 0.0234375
2 0.50546875 0.11953125 0.0390625 0.0390625
2 0.5125 0.17265625 0.0265625 0.0359375
2 0.5484375 0.11484375 0.0359375 0.0390625
2 0.440625 0.12734375 0.0296875 0.0359375
2 0.3921875 0.13203125 0.03125 0.0328125
2 0.453125 0.03359375 0.0328125 0.0359375
2 0.6484375 0.11796875 0.03125 0.0390625
2 0.6203125 0.121875 0.0296875 0.0328125