2 0.47734375 0.41484375 0.0375 0.046875
2 0.45859375 0.56171875 0.0328125 0.04375
2 0.3453125 0.56640625 0.0390625 0.05
2 0.3640625 0.425 0.0359375 0.05
2 0.41796875 0.85 0.0328125 0.0375
2 0.45234375 0.9515625 0.0328125 0.025
2 0.4921875 0.1109375 0.0390625 0.040625
2 0.49453125 0.1640625 0.0265625 0.0359375
2 0.53515625 0.1046875 0.0359375 0.040625
2 0.42734375 0.11953125 0.0296875 0.0359375
2 0.37890625 0.12578125 0.03125 0.0328125
2 0.44765625 0.02578125 0.0328125 0.0375
2 0.63515625 0.10703125 0.03125 0.0390625
2 0.60703125 0.1109375 0.0296875 0.0328125