2 0.44375 0.4640625 0.04375 0.0390625
2 0.58984375 0.44140625 0.040625 0.034375
2 0.58828125 0.32734375 0.046875 0.040625
2 0.446875 0.35078125 0.046875 0.0375
2 0.87734375 0.3921875 0.034375 0.034375
2 0.98046875 0.4234375 0.021875 0.0328125
2 0.13984375 0.48828125 0.0375 0.040625
2 0.19375 0.48828125 0.034375 0.028125
2 0.13671875 0.53125 0.0375 0.0375
2 0.14453125 0.42265625 0.034375 0.03125
2 0.14765625 0.37421875 0.03125 0.0328125
2 0.05234375 0.44609375 0.034375 0.034375
2 0.14453125 0.63046875 0.0375 0.0328125
2 0.146875 0.60234375 0.03125 0.03125