2 0.4890625 0.4921875 0.0359375 0.0484375
2 0.4796875 0.34765625 0.03125 0.04375
2 0.365625 0.3640625 0.0390625 0.0515625
2 0.37578125 0.503125 0.0359375 0.05
2 0.45703125 0.0640625 0.03125 0.0375
2 0.484375 0.79609375 0.0375 0.0421875
2 0.48984375 0.74140625 0.025 0.0375
2 0.52734375 0.79375 0.034375 0.040625
2 0.41953125 0.79921875 0.028125 0.0375
2 0.37109375 0.80234375 0.0296875 0.034375
2 0.434375 0.88984375 0.03125 0.0390625
2 0.62734375 0.7734375 0.0296875 0.040625
2 0.59921875 0.77421875 0.028125 0.034375