2 0.440625 0.48515625 0.0453125 0.0375
2 0.58671875 0.46953125 0.040625 0.0328125
2 0.5859375 0.35546875 0.0484375 0.0390625
2 0.4453125 0.371875 0.0484375 0.0359375
2 0.87421875 0.43359375 0.034375 0.0328125
2 0.97734375 0.46953125 0.021875 0.03125
2 0.13671875 0.49453125 0.0390625 0.0390625
2 0.190625 0.49765625 0.034375 0.0265625
2 0.13359375 0.53828125 0.0390625 0.0359375
2 0.1421875 0.4296875 0.034375 0.0296875
2 0.14609375 0.38125 0.03125 0.03125
2 0.05 0.44921875 0.034375 0.0328125
2 0.140625 0.6375 0.0375 0.03125
2 0.14375 0.609375 0.03125 0.0296875