2 0.4984375 0.48125 0.0359375 0.0453125
2 0.48671875 0.6265625 0.03125 0.0421875
2 0.37265625 0.61640625 0.0375 0.0484375
2 0.38515625 0.4765625 0.034375 0.0484375
2 0.459375 0.91171875 0.03125 0.0359375
2 0.49921875 0.17734375 0.0375 0.0390625
2 0.50390625 0.23203125 0.025 0.0359375
2 0.5421875 0.17734375 0.034375 0.0390625
2 0.434375 0.17734375 0.028125 0.0359375
2 0.3859375 0.17734375 0.0296875 0.0328125
2 0.45078125 0.08671875 0.03125 0.0359375
2 0.6421875 0.19296875 0.0296875 0.0390625
2 0.6140625 0.19375 0.028125 0.0328125