2 0.49296875 0.4265625 0.0359375 0.0453125
2 0.4796875 0.57265625 0.03125 0.0421875
2 0.365625 0.575 0.0375 0.0484375
2 0.3796875 0.43359375 0.034375 0.0484375
2 0.44921875 0.8609375 0.03125 0.0359375
2 0.48671875 0.96328125 0.03125 0.0234375
2 0.49765625 0.12265625 0.0375 0.0390625
2 0.5015625 0.17578125 0.025 0.0359375
2 0.540625 0.11796875 0.034375 0.0390625
2 0.4328125 0.1296875 0.028125 0.0359375
2 0.384375 0.134375 0.0296875 0.0328125
2 0.45 0.03671875 0.03125 0.0359375
2 0.640625 0.121875 0.0296875 0.0390625
2 0.6125 0.12578125 0.028125 0.0328125