2 0.4953125 0.559375 0.0359375 0.0453125
2 0.484375 0.41328125 0.03125 0.040625
2 0.3703125 0.4140625 0.0375 0.0484375
2 0.38203125 0.5546875 0.034375 0.0484375
2 0.45859375 0.12578125 0.03125 0.034375
2 0.4984375 0.02265625 0.03125 0.021875
2 0.49453125 0.86328125 0.0375 0.0390625
2 0.49921875 0.809375 0.025 0.034375
2 0.5375 0.86640625 0.034375 0.0390625
2 0.4296875 0.8578125 0.028125 0.034375
2 0.38125 0.85390625 0.0296875 0.03125
2 0.4453125 0.95 0.03125 0.0359375
2 0.6375 0.859375 0.0296875 0.0375
2 0.609375 0.85625 0.028125 0.03125