2 0.5296875 0.39140625 0.0390625 0.0484375
2 0.52890625 0.5390625 0.034375 0.04375
2 0.4140625 0.5484375 0.040625 0.0515625
2 0.4171875 0.40625 0.0375 0.0515625
2 0.52109375 0.82890625 0.034375 0.0375
2 0.56796875 0.928125 0.0328125 0.025
2 0.509375 0.0875 0.040625 0.0421875
2 0.51796875 0.140625 0.028125 0.0375
2 0.55234375 0.0796875 0.0375 0.0421875
2 0.4453125 0.09921875 0.03125 0.0375
2 0.396875 0.10703125 0.03125 0.034375
2 0.4546875 0.01171875 0.034375 0.0234375
2 0.653125 0.0765625 0.0328125 0.040625
2 0.625 0.08203125 0.0296875 0.034375