2 0.4234375 0.5515625 0.0453125 0.040625
2 0.5703125 0.55703125 0.0421875 0.0359375
2 0.57265625 0.4421875 0.0484375 0.04375
2 0.43125 0.43828125 0.0484375 0.040625
2 0.85859375 0.5625 0.0359375 0.0359375
2 0.96015625 0.6140625 0.0234375 0.034375
2 0.11953125 0.51640625 0.0390625 0.0421875
2 0.17265625 0.52734375 0.0359375 0.0296875
2 0.11484375 0.559375 0.0390625 0.0390625
2 0.12734375 0.45234375 0.0359375 0.0328125
2 0.13203125 0.40390625 0.0328125 0.0328125
2 0.03359375 0.4578125 0.0359375 0.0359375
2 0.11796875 0.66015625 0.0390625 0.034375
2 0.121875 0.6328125 0.0328125 0.03125