2 0.490625 0.38828125 0.0359375 0.0484375
2 0.4765625 0.5359375 0.03125 0.0453125
2 0.3625 0.546875 0.0390625 0.0515625
2 0.37734375 0.4046875 0.0359375 0.0515625
2 0.44375 0.82578125 0.03125 0.0390625
2 0.48125 0.925 0.03125 0.0265625
2 0.496875 0.084375 0.0375 0.0421875
2 0.5 0.1375 0.025 0.0375
2 0.53984375 0.0765625 0.034375 0.0421875
2 0.43203125 0.09609375 0.028125 0.0375
2 0.38359375 0.1046875 0.0296875 0.034375
2 0.45 0.0109375 0.03125 0.021875
2 0.63984375 0.07265625 0.0296875 0.040625
2 0.6109375 0.07890625 0.028125 0.034375