2 0.4203125 0.490625 0.0453125 0.0359375
2 0.5671875 0.4765625 0.0421875 0.03125
2 0.5703125 0.3625 0.05 0.0390625
2 0.42890625 0.37734375 0.0484375 0.0359375
2 0.85546875 0.44375 0.0359375 0.03125
2 0.95703125 0.48125 0.0234375 0.03125
2 0.11640625 0.496875 0.040625 0.0375
2 0.1703125 0.5 0.0359375 0.025
2 0.11171875 0.53984375 0.0390625 0.034375
2 0.12421875 0.43203125 0.0359375 0.028125
2 0.1296875 0.38359375 0.0328125 0.0296875
2 0.03125 0.45 0.0359375 0.03125
2 0.1140625 0.63984375 0.0390625 0.0296875
2 0.11875 0.6109375 0.0328125 0.028125