2 0.4921875 0.5734375 0.0359375 0.0453125
2 0.48203125 0.42734375 0.03125 0.0421875
2 0.36796875 0.425 0.0375 0.0484375
2 0.37890625 0.56640625 0.034375 0.0484375
2 0.4578125 0.1390625 0.03125 0.0359375
2 0.4984375 0.03671875 0.03125 0.0234375
2 0.4890625 0.87734375 0.0375 0.0390625
2 0.49453125 0.82421875 0.025 0.0359375
2 0.53203125 0.88203125 0.034375 0.0390625
2 0.42421875 0.8703125 0.028125 0.0359375
2 0.37578125 0.865625 0.0296875 0.0328125
2 0.43984375 0.96328125 0.03125 0.0375
2 0.63203125 0.878125 0.0296875 0.0390625
2 0.60390625 0.87421875 0.028125 0.0328125