2 0.5140625 0.5390625 0.0375 0.04375
2 0.4984375 0.39296875 0.0328125 0.040625
2 0.384375 0.39921875 0.0390625 0.046875
2 0.40078125 0.5390625 0.0359375 0.046875
2 0.4625 0.10703125 0.0328125 0.034375
2 0.4984375 0.00703125 0.03125 0.0140625
2 0.52421875 0.84296875 0.0390625 0.0375
2 0.52734375 0.7890625 0.0265625 0.034375
2 0.5671875 0.84453125 0.0359375 0.0375
2 0.459375 0.83984375 0.0296875 0.034375
2 0.41015625 0.83828125 0.03125 0.03125
2 0.478125 0.93203125 0.0328125 0.0359375
2 0.66640625 0.83359375 0.03125 0.0375
2 0.63828125 0.83125 0.0296875 0.03125