2 0.5109375 0.515625 0.0375 0.0453125
2 0.49609375 0.3703125 0.0328125 0.0421875
2 0.38203125 0.38125 0.0390625 0.05
2 0.39765625 0.52109375 0.0359375 0.0484375
2 0.46171875 0.08515625 0.0328125 0.0359375
2 0.51875 0.81953125 0.0390625 0.040625
2 0.52265625 0.765625 0.0265625 0.0359375
2 0.56171875 0.81953125 0.0359375 0.0390625
2 0.45390625 0.81953125 0.0296875 0.0359375
2 0.40546875 0.8203125 0.0296875 0.0328125
2 0.47265625 0.9109375 0.0328125 0.0375
2 0.66171875 0.803125 0.03125 0.0390625
2 0.63359375 0.803125 0.028125 0.0328125