2 0.46640625 0.5765625 0.0390625 0.0453125
2 0.46328125 0.4296875 0.034375 0.0421875
2 0.34921875 0.42734375 0.040625 0.0484375
2 0.353125 0.56875 0.0375 0.0484375
2 0.45234375 0.14140625 0.0328125 0.0359375
2 0.49765625 0.03984375 0.0328125 0.0234375
2 0.45 0.88046875 0.0390625 0.0390625
2 0.4578125 0.82734375 0.0265625 0.0359375
2 0.4921875 0.88515625 0.0359375 0.0390625
2 0.38515625 0.87265625 0.0296875 0.0359375
2 0.33671875 0.86796875 0.03125 0.0328125
2 0.39609375 0.96640625 0.0328125 0.0375
2 0.59296875 0.88203125 0.03125 0.0390625
2 0.56484375 0.878125 0.0296875 0.0328125