2 0.45703125 0.48359375 0.0390625 0.0484375
2 0.45625 0.3390625 0.034375 0.0453125
2 0.3421875 0.3578125 0.040625 0.0515625
2 0.34375 0.496875 0.0375 0.0515625
2 0.45078125 0.05546875 0.034375 0.0390625
2 0.434375 0.7875 0.040625 0.0421875
2 0.44375 0.7328125 0.028125 0.0375
2 0.47734375 0.784375 0.0375 0.0421875
2 0.3703125 0.79140625 0.03125 0.0375
2 0.321875 0.7953125 0.0328125 0.034375
2 0.3796875 0.88203125 0.034375 0.040625
2 0.578125 0.76171875 0.0328125 0.040625
2 0.55 0.76328125 0.03125 0.034375