1 0.7046875 0.73359375 0.1859375 0.2046875
1 0.71953125 0.4015625 0.1953125 0.1984375
1 0.54609375 0.4265625 0.1796875 0.1078125
1 0.38671875 0.4296875 0.1484375 0.1015625
1 0.20390625 0.41796875 0.1515625 0.1140625
1 0.49296875 0.6734375 0.1625 0.0609375
1 0.32421875 0.66875 0.171875 0.059375
1 0.165625 0.6703125 0.11875 0.0515625
1 0.15546875 0.56328125 0.10625 0.0953125
1 0.16328125 0.7796875 0.1390625 0.125
1 0.5171875 0.80546875 0.125 0.046875
1 0.33984375 0.80546875 0.16875 0.046875
1 0.5390625 0.74375 0.140625 0.05625
1 0.68828125 0.625 0.1015625 0.0859375
1 0.71796875 0.54296875 0.15625 0.0578125