1 0.76875 0.7421875 0.1984375 0.203125
1 0.75625 0.41015625 0.20625 0.1953125
1 0.584375 0.4328125 0.184375 0.10625
1 0.42421875 0.434375 0.153125 0.0984375
1 0.2390625 0.4203125 0.1578125 0.1125
1 0.55078125 0.6796875 0.165625 0.059375
1 0.38046875 0.67265625 0.175 0.05625
1 0.22109375 0.67265625 0.121875 0.05
1 0.20234375 0.565625 0.1109375 0.09375
1 0.228125 0.78125 0.1453125 0.1234375
1 0.5859375 0.81171875 0.128125 0.0453125
1 0.40703125 0.809375 0.171875 0.04375
1 0.603125 0.75 0.14375 0.0546875
1 0.74296875 0.6328125 0.10625 0.0859375
1 0.76640625 0.5515625 0.159375 0.05625