1 0.6640625 0.7625 0.196875 0.196875
1 0.69609375 0.43125 0.20625 0.190625
1 0.521875 0.4484375 0.184375 0.1
1 0.36328125 0.4453125 0.153125 0.0953125
1 0.18046875 0.4265625 0.15625 0.1078125
1 0.45625 0.69375 0.165625 0.0546875
1 0.2875 0.6828125 0.175 0.0515625
1 0.1296875 0.678125 0.121875 0.046875
1 0.12578125 0.5703125 0.1109375 0.090625
1 0.121875 0.78671875 0.1453125 0.1203125
1 0.4734375 0.8265625 0.128125 0.040625
1 0.29609375 0.81953125 0.1703125 0.0390625
1 0.4984375 0.76640625 0.14375 0.0515625
1 0.653125 0.653125 0.1046875 0.0828125
1 0.68671875 0.57265625 0.159375 0.0515625