2 0.7328125 0.3703125 0.0296875 0.03125
2 0.61171875 0.2625 0.0375 0.028125
2 0.63828125 0.66328125 0.0375 0.034375
2 0.7359375 0.69296875 0.0328125 0.028125
2 0.76328125 0.6609375 0.0421875 0.028125
2 0.78984375 0.71328125 0.0203125 0.025
2 0.8078125 0.7453125 0.0328125 0.0296875
2 0.8890625 0.890625 0.0359375 0.034375
2 0.6578125 0.875 0.0390625 0.034375
2 0.7296875 0.89375 0.0328125 0.03125
2 0.58984375 0.89921875 0.0421875 0.0328125
2 0.571875 0.77734375 0.0328125 0.034375
2 0.61953125 0.75546875 0.03125 0.0296875
2 0.7421875 0.75546875 0.0296875 0.03125
2 0.2265625 0.63125 0.0296875 0.028125
2 0.27109375 0.6546875 0.028125 0.021875
2 0.3046875 0.66796875 0.03125 0.028125
2 0.41484375 0.653125 0.034375 0.034375
2 0.48203125 0.7609375 0.028125 0.0328125
2 0.53828125 0.76484375 0.0328125 0.028125
2 0.20546875 0.85546875 0.0390625 0.0390625
2 0.15234375 0.8 0.0453125 0.03125
2 0.14296875 0.734375 0.0296875 0.0265625
2 0.37265625 0.8546875 0.0328125 0.028125
2 0.275 0.84375 0.025 0.0234375
2 0.28203125 0.86796875 0.0296875 0.034375