2 0.2671875 0.3265625 0.0296875 0.0296875
2 0.38828125 0.23671875 0.0375 0.028125
2 0.36171875 0.6359375 0.0375 0.034375
2 0.2640625 0.65078125 0.0328125 0.0265625
2 0.23671875 0.6140625 0.0421875 0.028125
2 0.21015625 0.6625 0.0203125 0.025
2 0.1921875 0.69140625 0.0328125 0.028125
2 0.1109375 0.825 0.0359375 0.034375
2 0.3421875 0.84609375 0.0390625 0.034375
2 0.2703125 0.85390625 0.0328125 0.0296875
2 0.41015625 0.88046875 0.0421875 0.0328125
2 0.428125 0.76171875 0.0328125 0.0328125
2 0.38046875 0.73125 0.03125 0.028125
2 0.2578125 0.7125 0.0296875 0.0296875
2 0.7734375 0.66875 0.0296875 0.0265625
2 0.72890625 0.68515625 0.028125 0.0203125
2 0.6953125 0.69296875 0.03125 0.0265625
2 0.58515625 0.6609375 0.034375 0.0328125
2 0.51796875 0.759375 0.028125 0.0328125
2 0.46171875 0.7546875 0.0328125 0.0265625
2 0.79453125 0.89765625 0.0390625 0.0390625
2 0.84765625 0.85 0.0453125 0.03125
2 0.85703125 0.7859375 0.0296875 0.025
2 0.62734375 0.87109375 0.0328125 0.0265625
2 0.725 0.87421875 0.025 0.0234375
2 0.71796875 0.8984375 0.0296875 0.0328125