2 0.73046875 0.31953125 0.0296875 0.028125
2 0.6109375 0.2203125 0.0359375 0.025
2 0.63515625 0.6203125 0.0375 0.03125
2 0.73203125 0.64296875 0.03125 0.025
2 0.759375 0.609375 0.040625 0.025
2 0.7859375 0.659375 0.01875 0.0234375
2 0.80390625 0.690625 0.03125 0.0265625
2 0.884375 0.83046875 0.0359375 0.03125
2 0.653125 0.83125 0.0390625 0.03125
2 0.725 0.8453125 0.0328125 0.028125
2 0.58515625 0.86015625 0.0421875 0.0296875
2 0.5671875 0.7390625 0.0328125 0.03125
2 0.615625 0.71328125 0.0296875 0.0265625
2 0.73828125 0.70546875 0.0296875 0.028125
2 0.2234375 0.6171875 0.028125 0.025
2 0.26796875 0.6375 0.028125 0.01875
2 0.30078125 0.64765625 0.0296875 0.025
2 0.4109375 0.62578125 0.034375 0.03125
2 0.478125 0.72890625 0.028125 0.03125
2 0.534375 0.72890625 0.03125 0.025
2 0.2 0.84296875 0.0390625 0.0359375
2 0.14765625 0.79140625 0.0453125 0.028125
2 0.1390625 0.7265625 0.028125 0.0234375
2 0.36796875 0.83125 0.03125 0.025
2 0.2703125 0.82578125 0.025 0.021875
2 0.27734375 0.85078125 0.0296875 0.03125