2 0.72578125 0.26484375 0.028125 0.0296875
2 0.60703125 0.17421875 0.0359375 0.0265625
2 0.62421875 0.5734375 0.0359375 0.0328125
2 0.72109375 0.5890625 0.03125 0.0265625
2 0.74921875 0.553125 0.040625 0.028125
2 0.775 0.6015625 0.01875 0.025
2 0.7921875 0.63125 0.03125 0.028125
2 0.8703125 0.765625 0.034375 0.0328125
2 0.63828125 0.78359375 0.0375 0.0328125
2 0.71015625 0.7921875 0.03125 0.0296875
2 0.5703125 0.8171875 0.040625 0.0328125
2 0.5546875 0.69765625 0.03125 0.0328125
2 0.603125 0.66875 0.0296875 0.028125
2 0.72578125 0.65078125 0.028125 0.0296875
2 0.2125 0.6015625 0.028125 0.0265625
2 0.25625 0.61796875 0.028125 0.0203125
2 0.28984375 0.6265625 0.0296875 0.0265625
2 0.4 0.59609375 0.0328125 0.0328125
2 0.465625 0.69453125 0.0265625 0.0328125
2 0.521875 0.690625 0.03125 0.0265625
2 0.1859375 0.8296875 0.0375 0.0375
2 0.134375 0.78203125 0.04375 0.03125
2 0.1265625 0.7171875 0.028125 0.025
2 0.353125 0.8046875 0.03125 0.0265625
2 0.25546875 0.8078125 0.025 0.0234375
2 0.2625 0.83125 0.028125 0.0328125