2 0.2671875 0.3234375 0.0296875 0.0296875
2 0.38828125 0.23203125 0.0375 0.0265625
2 0.36171875 0.63203125 0.0375 0.0328125
2 0.2640625 0.646875 0.0328125 0.0265625
2 0.23671875 0.6109375 0.0421875 0.028125
2 0.21015625 0.659375 0.0203125 0.025
2 0.1921875 0.6890625 0.0328125 0.028125
2 0.1109375 0.8234375 0.0359375 0.0328125
2 0.3421875 0.8421875 0.0390625 0.0328125
2 0.2703125 0.85 0.0328125 0.0296875
2 0.41015625 0.87578125 0.0421875 0.0328125
2 0.428125 0.75625 0.0328125 0.0328125
2 0.38046875 0.7265625 0.03125 0.028125
2 0.2578125 0.709375 0.0296875 0.0296875
2 0.7734375 0.659375 0.0296875 0.0265625
2 0.72890625 0.6765625 0.028125 0.0203125
2 0.6953125 0.68515625 0.03125 0.0265625
2 0.58515625 0.65390625 0.034375 0.0328125
2 0.51796875 0.75234375 0.028125 0.0328125
2 0.46171875 0.7484375 0.0328125 0.0265625
2 0.79453125 0.8875 0.0390625 0.0375
2 0.84765625 0.83984375 0.0453125 0.03125
2 0.85703125 0.77578125 0.0296875 0.025
2 0.62734375 0.86328125 0.0328125 0.0265625
2 0.725 0.865625 0.025 0.0234375
2 0.71796875 0.88984375 0.0296875 0.0328125