2 0.29609375 0.29375 0.0296875 0.0296875
2 0.4078125 0.190625 0.0375 0.0265625
2 0.41796875 0.59140625 0.0375 0.0328125
2 0.32265625 0.6171875 0.0328125 0.0265625
2 0.2921875 0.584375 0.0421875 0.0265625
2 0.2703125 0.63515625 0.0203125 0.025
2 0.2546875 0.66640625 0.0328125 0.028125
2 0.18671875 0.809375 0.0359375 0.0328125
2 0.41875 0.803125 0.0390625 0.0328125
2 0.34765625 0.81875 0.0328125 0.0296875
2 0.4890625 0.8296875 0.0421875 0.03125
2 0.49609375 0.70859375 0.0328125 0.0328125
2 0.4453125 0.684375 0.03125 0.028125
2 0.32265625 0.6796875 0.0296875 0.0296875
2 0.83046875 0.5765625 0.0296875 0.0265625
2 0.7875 0.59765625 0.0296875 0.0203125
2 0.75546875 0.609375 0.03125 0.0265625
2 0.64296875 0.590625 0.034375 0.0328125
2 0.58515625 0.69609375 0.028125 0.0328125
2 0.52890625 0.69765625 0.0328125 0.0265625
2 0.8734375 0.8015625 0.0390625 0.0375
2 0.92109375 0.7484375 0.0453125 0.0296875
2 0.92421875 0.6828125 0.0296875 0.025
2 0.7046875 0.79453125 0.0328125 0.0265625
2 0.8015625 0.78671875 0.0265625 0.0234375
2 0.796875 0.8109375 0.0296875 0.0328125