2 0.2546875 0.3265625 0.0296875 0.0296875
2 0.3796875 0.23671875 0.0375 0.028125
2 0.33671875 0.6359375 0.0390625 0.034375
2 0.23828125 0.65078125 0.0328125 0.0265625
2 0.2125 0.6140625 0.0421875 0.028125
2 0.18359375 0.6625 0.0203125 0.025
2 0.1640625 0.69140625 0.0328125 0.028125
2 0.07734375 0.825 0.0375 0.034375
2 0.30859375 0.84609375 0.040625 0.034375
2 0.2359375 0.85390625 0.0328125 0.0296875
2 0.37578125 0.88046875 0.0421875 0.0328125
2 0.3984375 0.76171875 0.034375 0.0328125
2 0.3515625 0.73125 0.03125 0.028125
2 0.2296875 0.7125 0.0296875 0.0296875
2 0.7484375 0.66875 0.0296875 0.0265625
2 0.703125 0.68515625 0.0296875 0.0203125
2 0.66953125 0.69296875 0.03125 0.0265625
2 0.56015625 0.6609375 0.0359375 0.0328125
2 0.48828125 0.759375 0.0296875 0.0328125
2 0.43203125 0.7546875 0.0328125 0.0265625
2 0.7609375 0.89765625 0.040625 0.0390625
2 0.81484375 0.85 0.0453125 0.03125
2 0.82734375 0.7859375 0.0296875 0.025
2 0.59375 0.87109375 0.0328125 0.0265625
2 0.69140625 0.87421875 0.0265625 0.0234375
2 0.68359375 0.8984375 0.03125 0.0328125