2 0.2640625 0.2890625 0.0296875 0.0296875
2 0.3859375 0.184375 0.0375 0.0265625
2 0.3546875 0.58515625 0.0375 0.0328125
2 0.25625 0.6125 0.0328125 0.0265625
2 0.2296875 0.5796875 0.0421875 0.028125
2 0.20234375 0.63125 0.0203125 0.025
2 0.184375 0.6625 0.0328125 0.028125
2 0.10078125 0.80703125 0.0359375 0.0328125
2 0.3328125 0.796875 0.0390625 0.034375
2 0.26015625 0.81328125 0.0328125 0.0296875
2 0.4 0.821875 0.0421875 0.0328125
2 0.41953125 0.70078125 0.0328125 0.0328125
2 0.371875 0.67734375 0.03125 0.028125
2 0.25 0.675 0.0296875 0.0296875
2 0.765625 0.5625 0.0296875 0.0265625
2 0.72109375 0.584375 0.0296875 0.0203125
2 0.68828125 0.596875 0.03125 0.0265625
2 0.578125 0.5796875 0.034375 0.0328125
2 0.509375 0.6859375 0.028125 0.0328125
2 0.453125 0.6890625 0.0328125 0.0265625
2 0.78515625 0.78671875 0.0390625 0.0390625
2 0.83828125 0.7328125 0.0453125 0.03125
2 0.8484375 0.66796875 0.0296875 0.025
2 0.61796875 0.7828125 0.0328125 0.0265625
2 0.715625 0.7734375 0.0265625 0.0234375
2 0.70859375 0.7984375 0.0296875 0.0328125