2 0.27109375 0.325 0.028125 0.0296875
2 0.390625 0.234375 0.0359375 0.0265625
2 0.36875 0.63359375 0.0359375 0.0328125
2 0.27109375 0.6484375 0.03125 0.0265625
2 0.24375 0.6125 0.040625 0.028125
2 0.21796875 0.6609375 0.01875 0.025
2 0.2 0.690625 0.03125 0.028125
2 0.1203125 0.82421875 0.034375 0.0328125
2 0.35234375 0.84375 0.0375 0.034375
2 0.2796875 0.85234375 0.03125 0.0296875
2 0.4203125 0.878125 0.040625 0.0328125
2 0.43671875 0.75859375 0.03125 0.0328125
2 0.38828125 0.72890625 0.0296875 0.028125
2 0.265625 0.7109375 0.028125 0.0296875
2 0.78046875 0.6640625 0.028125 0.0265625
2 0.7359375 0.68125 0.028125 0.0203125
2 0.703125 0.6890625 0.0296875 0.0265625
2 0.59296875 0.6578125 0.0328125 0.0328125
2 0.5265625 0.75625 0.0265625 0.0328125
2 0.4703125 0.7515625 0.03125 0.0265625
2 0.8046875 0.89296875 0.0390625 0.0390625
2 0.85625 0.8453125 0.04375 0.03125
2 0.86484375 0.78046875 0.028125 0.025
2 0.63671875 0.8671875 0.03125 0.0265625
2 0.73515625 0.8703125 0.025 0.0234375
2 0.728125 0.89375 0.028125 0.0328125