2 0.709375 0.28203125 0.0296875 0.0296875
2 0.59609375 0.18828125 0.0375 0.0265625
2 0.5921875 0.5875 0.0375 0.0328125
2 0.68828125 0.60546875 0.0328125 0.0265625
2 0.71796875 0.5703125 0.0421875 0.0265625
2 0.740625 0.61953125 0.0203125 0.0234375
2 0.75703125 0.64921875 0.0328125 0.028125
2 0.82734375 0.7859375 0.0359375 0.0328125
2 0.5953125 0.7984375 0.0390625 0.0328125
2 0.6671875 0.80859375 0.0328125 0.0296875
2 0.52578125 0.83046875 0.0421875 0.03125
2 0.51640625 0.7109375 0.0328125 0.0328125
2 0.56640625 0.68203125 0.03125 0.028125
2 0.68984375 0.66796875 0.0296875 0.0296875
2 0.18046875 0.60625 0.0296875 0.0265625
2 0.2234375 0.62421875 0.028125 0.0203125
2 0.25546875 0.6328125 0.03125 0.0265625
2 0.36796875 0.6046875 0.034375 0.0328125
2 0.42734375 0.70546875 0.028125 0.0328125
2 0.48359375 0.70234375 0.0328125 0.0265625
2 0.14140625 0.83359375 0.0390625 0.0375
2 0.09296875 0.784375 0.0453125 0.0296875
2 0.08828125 0.7203125 0.0296875 0.025
2 0.31015625 0.81328125 0.0328125 0.0265625
2 0.2125 0.81328125 0.0265625 0.0234375
2 0.21796875 0.8375 0.0296875 0.0328125