2 0.2546875 0.33984375 0.0296875 0.03125
2 0.3796875 0.25546875 0.0375 0.0296875
2 0.33671875 0.65390625 0.0390625 0.0359375
2 0.23828125 0.6640625 0.0328125 0.028125
2 0.2125 0.6265625 0.0421875 0.0296875
2 0.18359375 0.6734375 0.0203125 0.025
2 0.1640625 0.7015625 0.0328125 0.0296875
2 0.07734375 0.83203125 0.0375 0.0359375
2 0.30859375 0.8640625 0.040625 0.0359375
2 0.2359375 0.86796875 0.0328125 0.03125
2 0.37578125 0.9015625 0.0421875 0.034375
2 0.3984375 0.7828125 0.034375 0.034375
2 0.3515625 0.75078125 0.03125 0.0296875
2 0.2296875 0.72578125 0.0296875 0.03125
2 0.7484375 0.70625 0.0296875 0.028125
2 0.703125 0.7203125 0.0296875 0.021875
2 0.66953125 0.7265625 0.03125 0.028125
2 0.56015625 0.68984375 0.0359375 0.034375
2 0.48828125 0.784375 0.0296875 0.034375
2 0.43203125 0.77734375 0.0328125 0.028125
2 0.7609375 0.9359375 0.040625 0.040625
2 0.81484375 0.89140625 0.0453125 0.0328125
2 0.82734375 0.82734375 0.0296875 0.0265625
2 0.59375 0.9015625 0.0328125 0.028125
2 0.69140625 0.91015625 0.0265625 0.025
2 0.68359375 0.93359375 0.03125 0.034375