2 0.31484375 0.24921875 0.0296875 0.03125
2 0.22109375 0.37578125 0.0265625 0.0375
2 0.6203125 0.32578125 0.0328125 0.0390625
2 0.6390625 0.22734375 0.0265625 0.0328125
2 0.60390625 0.20234375 0.0265625 0.0421875
2 0.653125 0.17265625 0.0234375 0.0203125
2 0.6828125 0.15234375 0.028125 0.034375
2 0.81953125 0.06328125 0.0328125 0.0375
2 0.83125 0.29453125 0.0328125 0.040625
2 0.84140625 0.22109375 0.0296875 0.034375
2 0.8625 0.36015625 0.03125 0.04375
2 0.74296875 0.3859375 0.0328125 0.034375
2 0.71484375 0.3390625 0.028125 0.0328125
2 0.7015625 0.2171875 0.0296875 0.03125
2 0.63671875 0.7375 0.0265625 0.0296875
2 0.6546875 0.69140625 0.0203125 0.0296875
2 0.6640625 0.6578125 0.0265625 0.03125
2 0.63671875 0.54921875 0.0328125 0.0359375
2 0.73671875 0.47578125 0.03125 0.0296875
2 0.734375 0.41953125 0.0265625 0.0328125
2 0.8640625 0.74609375 0.0375 0.040625
2 0.81484375 0.8015625 0.0296875 0.046875
2 0.75 0.8140625 0.025 0.0296875
2 0.84375 0.57890625 0.0265625 0.0328125
2 0.84375 0.67734375 0.021875 0.0265625
2 0.86796875 0.66875 0.0328125 0.03125