2 0.721875 0.3578125 0.028125 0.0296875
2 0.6046875 0.2515625 0.0359375 0.028125
2 0.6171875 0.65234375 0.0359375 0.034375
2 0.7140625 0.68046875 0.03125 0.0265625
2 0.7421875 0.64765625 0.040625 0.028125
2 0.7671875 0.7 0.01875 0.025
2 0.784375 0.73125 0.03125 0.028125
2 0.8609375 0.87578125 0.034375 0.034375
2 0.62890625 0.8640625 0.0375 0.034375
2 0.70078125 0.88203125 0.03125 0.0296875
2 0.56015625 0.8890625 0.040625 0.0328125
2 0.54609375 0.76796875 0.03125 0.0328125
2 0.5953125 0.74453125 0.0296875 0.028125
2 0.71796875 0.74296875 0.028125 0.0296875
2 0.20546875 0.62734375 0.028125 0.0265625
2 0.24921875 0.65 0.028125 0.0203125
2 0.28203125 0.6625 0.0296875 0.0265625
2 0.39296875 0.64609375 0.0328125 0.0328125
2 0.45703125 0.753125 0.0265625 0.0328125
2 0.51328125 0.75625 0.03125 0.0265625
2 0.17578125 0.85234375 0.0375 0.0390625
2 0.125 0.79765625 0.04375 0.03125
2 0.11796875 0.7328125 0.028125 0.025
2 0.34375 0.84921875 0.03125 0.0265625
2 0.24609375 0.8390625 0.025 0.0234375
2 0.25234375 0.8640625 0.028125 0.0328125