2 0.70546875 0.340625 0.0296875 0.0296875
2 0.59375 0.2375 0.0375 0.0265625
2 0.58515625 0.63828125 0.0375 0.0328125
2 0.68125 0.6640625 0.0328125 0.0265625
2 0.7109375 0.63046875 0.0421875 0.0265625
2 0.73359375 0.68203125 0.0203125 0.025
2 0.74921875 0.71328125 0.0328125 0.028125
2 0.81796875 0.85546875 0.0359375 0.0328125
2 0.5859375 0.84921875 0.0390625 0.0328125
2 0.65703125 0.865625 0.0328125 0.0296875
2 0.515625 0.87578125 0.0421875 0.03125
2 0.5078125 0.75546875 0.0328125 0.0328125
2 0.55859375 0.73046875 0.03125 0.028125
2 0.68203125 0.7265625 0.0296875 0.0296875
2 0.1734375 0.62265625 0.0296875 0.0265625
2 0.21640625 0.64453125 0.0296875 0.0203125
2 0.2484375 0.65625 0.03125 0.0265625
2 0.36015625 0.63671875 0.034375 0.0328125
2 0.41953125 0.7421875 0.028125 0.0328125
2 0.47578125 0.74453125 0.0328125 0.0265625
2 0.13203125 0.84765625 0.0390625 0.0375
2 0.08359375 0.79453125 0.0453125 0.0296875
2 0.0796875 0.7296875 0.0296875 0.025
2 0.30078125 0.840625 0.0328125 0.0265625
2 0.203125 0.83359375 0.0265625 0.0234375
2 0.2078125 0.8578125 0.0296875 0.0328125