2 0.27265625 0.31171875 0.028125 0.028125
2 0.39140625 0.21640625 0.0359375 0.025
2 0.371875 0.61640625 0.0359375 0.03125
2 0.275 0.63515625 0.03125 0.025
2 0.24765625 0.60078125 0.040625 0.025
2 0.221875 0.65 0.01875 0.0234375
2 0.20390625 0.68046875 0.03125 0.0265625
2 0.125 0.81796875 0.034375 0.03125
2 0.35703125 0.8265625 0.0375 0.03125
2 0.284375 0.83828125 0.03125 0.028125
2 0.425 0.8578125 0.040625 0.0296875
2 0.44140625 0.7375 0.03125 0.03125
2 0.3921875 0.71015625 0.0296875 0.0265625
2 0.2703125 0.69765625 0.028125 0.028125
2 0.78359375 0.62734375 0.028125 0.025
2 0.73984375 0.64609375 0.028125 0.01875
2 0.70703125 0.65546875 0.0296875 0.025
2 0.59609375 0.6296875 0.0328125 0.03125
2 0.53046875 0.73046875 0.0265625 0.03125
2 0.47421875 0.72890625 0.03125 0.025
2 0.809375 0.85390625 0.0375 0.0359375
2 0.8609375 0.8046875 0.04375 0.028125
2 0.86953125 0.73984375 0.028125 0.0234375
2 0.6421875 0.83671875 0.03125 0.025
2 0.73984375 0.83515625 0.025 0.021875
2 0.7328125 0.859375 0.028125 0.03125