2 0.72578125 0.3953125 0.028125 0.03125
2 0.60703125 0.28359375 0.0359375 0.0296875
2 0.62421875 0.68515625 0.0359375 0.0359375
2 0.72109375 0.71796875 0.03125 0.028125
2 0.74921875 0.6875 0.040625 0.0296875
2 0.775 0.740625 0.01875 0.025
2 0.7921875 0.77265625 0.03125 0.0296875
2 0.8703125 0.92109375 0.034375 0.0359375
2 0.63828125 0.89765625 0.0375 0.0359375
2 0.71015625 0.91875 0.03125 0.03125
2 0.5703125 0.91875 0.040625 0.034375
2 0.5546875 0.796875 0.03125 0.034375
2 0.603125 0.7765625 0.0296875 0.0296875
2 0.72578125 0.78125 0.028125 0.03125
2 0.2125 0.63828125 0.028125 0.028125
2 0.25625 0.66328125 0.028125 0.021875
2 0.28984375 0.67734375 0.0296875 0.028125
2 0.4 0.6671875 0.0328125 0.0359375
2 0.465625 0.77734375 0.0265625 0.034375
2 0.521875 0.78359375 0.03125 0.028125
2 0.1859375 0.86171875 0.0375 0.040625
2 0.134375 0.8046875 0.04375 0.0328125
2 0.1265625 0.7390625 0.028125 0.0265625
2 0.353125 0.8671875 0.03125 0.028125
2 0.25546875 0.85234375 0.025 0.025
2 0.2625 0.87734375 0.028125 0.034375