2 0.6984375 0.3703125 0.0296875 0.03125
2 0.5890625 0.2625 0.0375 0.028125
2 0.57109375 0.66328125 0.0390625 0.034375
2 0.66640625 0.69296875 0.0328125 0.028125
2 0.696875 0.6609375 0.0421875 0.028125
2 0.71796875 0.71328125 0.0203125 0.025
2 0.7328125 0.7453125 0.0328125 0.0296875
2 0.79921875 0.890625 0.0375 0.034375
2 0.56640625 0.875 0.040625 0.034375
2 0.6375 0.89375 0.0328125 0.03125
2 0.49609375 0.89921875 0.0421875 0.0328125
2 0.490625 0.77734375 0.034375 0.034375
2 0.5421875 0.75546875 0.03125 0.0296875
2 0.665625 0.75546875 0.0296875 0.03125
2 0.159375 0.63125 0.0296875 0.028125
2 0.2015625 0.6546875 0.0296875 0.021875
2 0.23359375 0.66796875 0.03125 0.028125
2 0.34609375 0.653125 0.0359375 0.034375
2 0.40234375 0.7609375 0.0296875 0.0328125
2 0.45859375 0.76484375 0.0328125 0.028125
2 0.1125 0.85546875 0.040625 0.0390625
2 0.06484375 0.8 0.0453125 0.03125
2 0.06328125 0.734375 0.0296875 0.0265625
2 0.28125 0.8546875 0.0328125 0.028125
2 0.18359375 0.84375 0.0265625 0.0234375
2 0.18828125 0.86796875 0.03125 0.034375