2 0.29765625 0.30078125 0.0296875 0.028125
2 0.40859375 0.2 0.0375 0.0265625
2 0.421875 0.60078125 0.0375 0.0328125
2 0.3265625 0.6234375 0.0328125 0.025
2 0.29609375 0.58984375 0.0421875 0.0265625
2 0.27421875 0.640625 0.0203125 0.0234375
2 0.25859375 0.671875 0.0328125 0.0265625
2 0.19140625 0.8125 0.0359375 0.0328125
2 0.4234375 0.81171875 0.0390625 0.0328125
2 0.35234375 0.82578125 0.0328125 0.028125
2 0.49453125 0.83984375 0.0421875 0.03125
2 0.50078125 0.71875 0.0328125 0.03125
2 0.45 0.69375 0.03125 0.0265625
2 0.3265625 0.68671875 0.0296875 0.028125
2 0.83359375 0.59453125 0.0296875 0.025
2 0.79140625 0.615625 0.0296875 0.01875
2 0.759375 0.6265625 0.03125 0.025
2 0.646875 0.6046875 0.034375 0.03125
2 0.5890625 0.70859375 0.028125 0.03125
2 0.5328125 0.70859375 0.0328125 0.025
2 0.878125 0.8203125 0.0390625 0.0375
2 0.92578125 0.76875 0.0453125 0.0296875
2 0.928125 0.70390625 0.0296875 0.0234375
2 0.709375 0.809375 0.0328125 0.025
2 0.80625 0.8046875 0.0265625 0.021875
2 0.8015625 0.82890625 0.0296875 0.03125