2 0.321875 0.240625 0.0296875 0.03125
2 0.23046875 0.36953125 0.0265625 0.0390625
2 0.6296875 0.3078125 0.0328125 0.0390625
2 0.6453125 0.20859375 0.0265625 0.034375
2 0.609375 0.184375 0.0265625 0.04375
2 0.65859375 0.153125 0.025 0.021875
2 0.6875 0.1328125 0.028125 0.034375
2 0.82265625 0.0390625 0.0328125 0.0375
2 0.83984375 0.2703125 0.0328125 0.040625
2 0.8484375 0.196875 0.0296875 0.034375
2 0.8734375 0.33515625 0.03125 0.04375
2 0.753125 0.3640625 0.0328125 0.034375
2 0.72421875 0.31796875 0.028125 0.0328125
2 0.7078125 0.196875 0.0296875 0.03125
2 0.6546875 0.71953125 0.0265625 0.03125
2 0.671875 0.6734375 0.0203125 0.0296875
2 0.68046875 0.6390625 0.0265625 0.0328125
2 0.65078125 0.53125 0.0328125 0.0359375
2 0.74921875 0.4546875 0.0328125 0.0296875
2 0.74609375 0.3984375 0.0265625 0.034375
2 0.8828125 0.72109375 0.0375 0.0421875
2 0.83515625 0.778125 0.0296875 0.046875
2 0.7703125 0.79296875 0.025 0.03125
2 0.859375 0.5546875 0.0265625 0.034375
2 0.86171875 0.653125 0.0234375 0.028125
2 0.88515625 0.64375 0.0328125 0.03125