2 0.290625 0.34140625 0.0296875 0.03125
2 0.40390625 0.2578125 0.0375 0.0296875
2 0.4078125 0.65625 0.0375 0.0359375
2 0.31171875 0.665625 0.0328125 0.028125
2 0.28203125 0.628125 0.0421875 0.0296875
2 0.259375 0.675 0.0203125 0.025
2 0.24296875 0.703125 0.0328125 0.0296875
2 0.17265625 0.8328125 0.0359375 0.0359375
2 0.4046875 0.865625 0.0390625 0.0359375
2 0.3328125 0.86953125 0.0328125 0.03125
2 0.47421875 0.90390625 0.0421875 0.034375
2 0.48359375 0.78515625 0.0328125 0.034375
2 0.43359375 0.753125 0.03125 0.0296875
2 0.31015625 0.72734375 0.0296875 0.03125
2 0.81953125 0.7109375 0.0296875 0.028125
2 0.7765625 0.725 0.028125 0.021875
2 0.74453125 0.73125 0.03125 0.028125
2 0.63203125 0.69296875 0.034375 0.0359375
2 0.57265625 0.7875 0.028125 0.034375
2 0.51640625 0.7796875 0.0328125 0.028125
2 0.85859375 0.94140625 0.0390625 0.040625
2 0.90703125 0.896875 0.0453125 0.0328125
2 0.91171875 0.8328125 0.0296875 0.0265625
2 0.68984375 0.90546875 0.0328125 0.028125
2 0.7875 0.9140625 0.0265625 0.025
2 0.78203125 0.93828125 0.0296875 0.034375