2 0.30859375 0.28515625 0.028125 0.028125
2 0.21171875 0.4 0.025 0.0359375
2 0.61171875 0.396875 0.03125 0.0359375
2 0.63203125 0.30078125 0.025 0.03125
2 0.59765625 0.271875 0.025 0.040625
2 0.64765625 0.24765625 0.0234375 0.01875
2 0.678125 0.23125 0.0265625 0.03125
2 0.81640625 0.1578125 0.03125 0.034375
2 0.82265625 0.38984375 0.03125 0.0375
2 0.834375 0.31875 0.028125 0.03125
2 0.85234375 0.459375 0.0296875 0.040625
2 0.73203125 0.47109375 0.03125 0.03125
2 0.70546875 0.42109375 0.0265625 0.0296875
2 0.69453125 0.2984375 0.028125 0.028125
2 0.61796875 0.80859375 0.025 0.028125
2 0.6375 0.765625 0.01875 0.028125
2 0.646875 0.7328125 0.025 0.0296875
2 0.62265625 0.62109375 0.03125 0.0328125
2 0.72421875 0.559375 0.03125 0.0265625
2 0.7234375 0.503125 0.025 0.03125
2 0.84453125 0.84375 0.0359375 0.0390625
2 0.79453125 0.89375 0.028125 0.04375
2 0.7296875 0.89921875 0.0234375 0.028125
2 0.82890625 0.67578125 0.025 0.03125
2 0.8265625 0.77265625 0.021875 0.025
2 0.85078125 0.7671875 0.03125 0.028125