2 0.70078125 0.2265625 0.0296875 0.03125
2 0.58984375 0.1421875 0.0375 0.0296875
2 0.57421875 0.540625 0.0375 0.0359375
2 0.6703125 0.5515625 0.0328125 0.028125
2 0.70078125 0.5140625 0.0421875 0.0296875
2 0.721875 0.5609375 0.0203125 0.025
2 0.73671875 0.58984375 0.0328125 0.0296875
2 0.80390625 0.7203125 0.0359375 0.034375
2 0.571875 0.75078125 0.0390625 0.0359375
2 0.6421875 0.7546875 0.0328125 0.03125
2 0.50078125 0.7875 0.0421875 0.034375
2 0.4953125 0.66875 0.0328125 0.034375
2 0.54609375 0.63671875 0.03125 0.0296875
2 0.66953125 0.61328125 0.0296875 0.03125
2 0.1625 0.590625 0.0296875 0.028125
2 0.2046875 0.60546875 0.0296875 0.021875
2 0.23671875 0.61171875 0.03125 0.028125
2 0.35 0.575 0.034375 0.034375
2 0.40625 0.6703125 0.028125 0.034375
2 0.46328125 0.66328125 0.0328125 0.028125
2 0.1171875 0.8203125 0.040625 0.040625
2 0.06953125 0.775 0.0453125 0.0328125
2 0.0671875 0.7109375 0.0296875 0.0265625
2 0.2859375 0.78671875 0.0328125 0.028125
2 0.18828125 0.79453125 0.0265625 0.025
2 0.19296875 0.81796875 0.0296875 0.034375