2 0.25859375 0.30546875 0.0296875 0.028125
2 0.38203125 0.20703125 0.0375 0.025
2 0.34375 0.60703125 0.0375 0.03125
2 0.2453125 0.62890625 0.0328125 0.025
2 0.21953125 0.59453125 0.0421875 0.025
2 0.19140625 0.64453125 0.0203125 0.0234375
2 0.17265625 0.675 0.0328125 0.0265625
2 0.08671875 0.81484375 0.0359375 0.03125
2 0.31875 0.81796875 0.0390625 0.03125
2 0.24609375 0.83125 0.0328125 0.028125
2 0.38515625 0.84765625 0.0421875 0.0296875
2 0.40703125 0.72734375 0.0328125 0.03125
2 0.359375 0.70078125 0.03125 0.0265625
2 0.2375 0.69140625 0.0296875 0.028125
2 0.75546875 0.60859375 0.0296875 0.025
2 0.71015625 0.628125 0.0296875 0.01875
2 0.6765625 0.6390625 0.03125 0.025
2 0.5671875 0.61484375 0.034375 0.03125
2 0.496875 0.71796875 0.028125 0.03125
2 0.440625 0.7171875 0.0328125 0.025
2 0.7703125 0.83515625 0.0390625 0.0359375
2 0.82421875 0.78359375 0.0453125 0.028125
2 0.8359375 0.71875 0.0296875 0.0234375
2 0.603125 0.82109375 0.0328125 0.025
2 0.7015625 0.8171875 0.0265625 0.021875
2 0.69375 0.84140625 0.0296875 0.03125