2 0.5921875 0.37578125 0.0296875 0.03125
2 0.61875 0.45 0.0265625 0.028125
2 0.709375 0.5796875 0.025 0.0234375
2 0.73125 0.5890625 0.0203125 0.028125
2 0.7453125 0.62421875 0.0203125 0.028125
2 0.76171875 0.6671875 0.0296875 0.034375
2 0.7453125 0.7125 0.021875 0.034375
2 0.68671875 0.7078125 0.03125 0.025
2 0.6234375 0.7265625 0.0234375 0.025
2 0.58671875 0.834375 0.0203125 0.03125
2 0.553125 0.8546875 0.0203125 0.021875
2 0.62265625 0.878125 0.0234375 0.0296875
2 0.66640625 0.82890625 0.0328125 0.028125
2 0.7203125 0.828125 0.0296875 0.025
2 0.7546875 0.82265625 0.0296875 0.0390625
2 0.7765625 0.759375 0.0359375 0.034375
2 0.7828125 0.54609375 0.0265625 0.03125
2 0.72734375 0.54296875 0.0265625 0.03125
2 0.85546875 0.59609375 0.028125 0.0296875
2 0.17890625 0.66640625 0.025 0.0203125
2 0.18359375 0.60234375 0.0234375 0.034375
2 0.18046875 0.6859375 0.0234375 0.021875
2 0.2078125 0.83125 0.0234375 0.03125
2 0.21015625 0.878125 0.028125 0.034375
2 0.30625 0.59453125 0.0234375 0.0375
2 0.6828125 0.1859375 0.025 0.0265625
2 0.69140625 0.2359375 0.028125 0.0296875
2 0.77890625 0.2703125 0.0359375 0.0296875