2 0.3703125 0.36328125 0.03125 0.03125
2 0.4453125 0.328125 0.028125 0.0265625
2 0.57734375 0.22265625 0.0234375 0.025
2 0.58828125 0.19921875 0.028125 0.0203125
2 0.6234375 0.18125 0.028125 0.0203125
2 0.6671875 0.16015625 0.034375 0.03125
2 0.71171875 0.17109375 0.034375 0.0234375
2 0.70546875 0.23046875 0.025 0.03125
2 0.72265625 0.29140625 0.025 0.0234375
2 0.8296875 0.315625 0.03125 0.021875
2 0.8484375 0.346875 0.021875 0.0203125
2 0.87421875 0.27421875 0.0296875 0.0234375
2 0.82578125 0.23671875 0.028125 0.0328125
2 0.82734375 0.1828125 0.025 0.0296875
2 0.82265625 0.14921875 0.0390625 0.03125
2 0.759375 0.134375 0.0359375 0.0375
2 0.54609375 0.153125 0.03125 0.028125
2 0.5421875 0.20859375 0.03125 0.028125
2 0.5984375 0.075 0.0296875 0.028125
2 0.64921875 0.74296875 0.0203125 0.025
2 0.58515625 0.74609375 0.034375 0.025
2 0.66875 0.7390625 0.021875 0.0234375
2 0.81484375 0.6953125 0.03125 0.025
2 0.8625 0.6875 0.034375 0.0296875
2 0.58046875 0.62421875 0.0375 0.025
2 0.1828125 0.2953125 0.0265625 0.025
2 0.2328125 0.28046875 0.0296875 0.028125
2 0.2703125 0.1890625 0.03125 0.0359375