2 0.62109375 0.340625 0.0296875 0.0328125
2 0.653125 0.41328125 0.0265625 0.0296875
2 0.753125 0.53671875 0.025 0.025
2 0.7765625 0.5453125 0.0203125 0.0296875
2 0.79296875 0.5796875 0.0203125 0.0296875
2 0.8125 0.62109375 0.0296875 0.0359375
2 0.79921875 0.6671875 0.021875 0.0359375
2 0.740625 0.665625 0.03125 0.0265625
2 0.67890625 0.68828125 0.0234375 0.0265625
2 0.65 0.7984375 0.0203125 0.0328125
2 0.61796875 0.8203125 0.01875 0.0234375
2 0.6890625 0.83984375 0.0234375 0.03125
2 0.72890625 0.78828125 0.0328125 0.0296875
2 0.7828125 0.784375 0.0296875 0.0265625
2 0.8171875 0.7765625 0.0296875 0.040625
2 0.834375 0.7125 0.0359375 0.0359375
2 0.825 0.49921875 0.0265625 0.0328125
2 0.76875 0.49921875 0.0265625 0.0328125
2 0.90078125 0.5453125 0.028125 0.03125
2 0.2296875 0.6546875 0.0234375 0.021875
2 0.22890625 0.590625 0.0234375 0.0359375
2 0.2328125 0.67421875 0.021875 0.0234375
2 0.2703125 0.8171875 0.0234375 0.0328125
2 0.2765625 0.8640625 0.028125 0.0359375
2 0.3515625 0.575 0.0234375 0.0390625
2 0.696875 0.1453125 0.025 0.028125
2 0.71015625 0.19453125 0.028125 0.03125
2 0.79921875 0.22421875 0.0359375 0.03125