2 0.5953125 0.38828125 0.0328125 0.028125
2 0.52265625 0.359375 0.0296875 0.025
2 0.39921875 0.26484375 0.025 0.0234375
2 0.390625 0.2421875 0.0296875 0.01875
2 0.35625 0.2265625 0.0296875 0.01875
2 0.31484375 0.209375 0.0359375 0.028125
2 0.26796875 0.22421875 0.0359375 0.0203125
2 0.2703125 0.2828125 0.0265625 0.0296875
2 0.24765625 0.3453125 0.0265625 0.021875
2 0.1375 0.378125 0.0328125 0.01875
2 0.115625 0.4109375 0.0234375 0.01875
2 0.09609375 0.340625 0.03125 0.021875
2 0.14765625 0.29921875 0.0296875 0.03125
2 0.1515625 0.2453125 0.0265625 0.028125
2 0.159375 0.2109375 0.040625 0.028125
2 0.2234375 0.190625 0.0359375 0.034375
2 0.43671875 0.1921875 0.0328125 0.025
2 0.4359375 0.24765625 0.0328125 0.025
2 0.390625 0.11796875 0.03125 0.0265625
2 0.28125 0.7921875 0.021875 0.0234375
2 0.3453125 0.78984375 0.0359375 0.021875
2 0.26171875 0.78984375 0.0234375 0.021875
2 0.11875 0.7578125 0.0328125 0.021875
2 0.071875 0.753125 0.0359375 0.0265625
2 0.3609375 0.6671875 0.0390625 0.021875
2 0.790625 0.3046875 0.028125 0.0234375
2 0.74140625 0.29375 0.03125 0.0265625
2 0.71171875 0.20625 0.03125 0.034375