2 0.62734375 0.38359375 0.0296875 0.03125
2 0.6609375 0.4578125 0.0265625 0.028125
2 0.76328125 0.5875 0.025 0.0234375
2 0.78671875 0.5984375 0.0203125 0.028125
2 0.80390625 0.63359375 0.0203125 0.028125
2 0.82421875 0.6765625 0.0296875 0.034375
2 0.81171875 0.721875 0.021875 0.034375
2 0.753125 0.715625 0.03125 0.025
2 0.69140625 0.734375 0.0234375 0.025
2 0.66484375 0.8421875 0.0203125 0.03125
2 0.63359375 0.8609375 0.0203125 0.021875
2 0.7046875 0.8859375 0.0234375 0.0296875
2 0.74375 0.83671875 0.0328125 0.028125
2 0.79765625 0.8375 0.0296875 0.025
2 0.83125 0.83203125 0.0296875 0.0390625
2 0.84765625 0.76875 0.0359375 0.034375
2 0.834375 0.55546875 0.0265625 0.03125
2 0.77890625 0.55234375 0.0265625 0.03125
2 0.9109375 0.60703125 0.028125 0.0296875
2 0.24140625 0.66953125 0.025 0.0203125
2 0.23984375 0.60546875 0.0234375 0.034375
2 0.24453125 0.6890625 0.0234375 0.021875
2 0.28515625 0.834375 0.0234375 0.03125
2 0.2921875 0.88125 0.028125 0.034375
2 0.36171875 0.59765625 0.0234375 0.0375
2 0.70078125 0.19375 0.025 0.0265625
2 0.7140625 0.24375 0.028125 0.0296875
2 0.80390625 0.2796875 0.0359375 0.0296875