2 0.58828125 0.36328125 0.0328125 0.0296875
2 0.51640625 0.33671875 0.0296875 0.0265625
2 0.39453125 0.24765625 0.025 0.025
2 0.3859375 0.22578125 0.0296875 0.0203125
2 0.35234375 0.21171875 0.0296875 0.0203125
2 0.3109375 0.1953125 0.0359375 0.0296875
2 0.2640625 0.2125 0.0359375 0.021875
2 0.26484375 0.27109375 0.028125 0.03125
2 0.24140625 0.334375 0.0265625 0.0234375
2 0.13046875 0.37109375 0.0328125 0.0203125
2 0.10859375 0.40546875 0.0234375 0.0203125
2 0.08984375 0.3359375 0.03125 0.0234375
2 0.14296875 0.2921875 0.03125 0.0328125
2 0.146875 0.23828125 0.0265625 0.0296875
2 0.15546875 0.20390625 0.040625 0.0296875
2 0.2203125 0.18125 0.0375 0.0359375
2 0.43359375 0.1734375 0.0328125 0.0265625
2 0.43203125 0.22890625 0.0328125 0.0265625
2 0.38828125 0.1015625 0.03125 0.028125
2 0.2671875 0.778125 0.021875 0.025
2 0.33125 0.7734375 0.0359375 0.0234375
2 0.24765625 0.7765625 0.0234375 0.0234375
2 0.10546875 0.75078125 0.0328125 0.0234375
2 0.05859375 0.7484375 0.0359375 0.028125
2 0.34921875 0.65078125 0.0390625 0.0234375
2 0.78515625 0.271875 0.028125 0.025
2 0.7359375 0.26328125 0.03125 0.028125
2 0.7078125 0.1765625 0.0328125 0.0359375