2 0.640625 0.38125 0.0328125 0.028125
2 0.56484375 0.353125 0.0296875 0.025
2 0.43046875 0.26015625 0.025 0.0234375
2 0.41875 0.2375 0.0296875 0.01875
2 0.3828125 0.22265625 0.0296875 0.01875
2 0.3390625 0.20546875 0.0359375 0.028125
2 0.29453125 0.22109375 0.0359375 0.0203125
2 0.303125 0.2796875 0.0265625 0.0296875
2 0.2875 0.3421875 0.0265625 0.021875
2 0.18125 0.37578125 0.0328125 0.01875
2 0.1640625 0.409375 0.0234375 0.01875
2 0.1359375 0.3390625 0.03125 0.021875
2 0.1828125 0.296875 0.0296875 0.03125
2 0.18046875 0.24296875 0.0265625 0.028125
2 0.18359375 0.20859375 0.040625 0.028125
2 0.24609375 0.18828125 0.0359375 0.034375
2 0.459375 0.18671875 0.0328125 0.025
2 0.465625 0.2421875 0.0328125 0.025
2 0.4046875 0.11328125 0.03125 0.0265625
2 0.3734375 0.78828125 0.021875 0.0234375
2 0.4375 0.78515625 0.0359375 0.021875
2 0.35390625 0.7859375 0.0234375 0.021875
2 0.20703125 0.75546875 0.0328125 0.021875
2 0.16015625 0.7515625 0.0359375 0.0265625
2 0.4390625 0.6625 0.0390625 0.021875
2 0.8265625 0.2953125 0.028125 0.0234375
2 0.77578125 0.28515625 0.03125 0.0265625
2 0.7359375 0.19765625 0.03125 0.034375