2 0.5921875 0.446875 0.0296875 0.034375
2 0.61875 0.525 0.0265625 0.03125
2 0.709375 0.66484375 0.025 0.0265625
2 0.73125 0.67734375 0.0203125 0.0296875
2 0.7453125 0.71484375 0.0203125 0.0296875
2 0.76171875 0.759375 0.0296875 0.0375
2 0.7453125 0.803125 0.021875 0.0359375
2 0.68671875 0.79140625 0.03125 0.028125
2 0.6234375 0.803125 0.0234375 0.028125
2 0.58671875 0.90703125 0.0203125 0.0328125
2 0.553125 0.9234375 0.0203125 0.0234375
2 0.62265625 0.95546875 0.0234375 0.0328125
2 0.66640625 0.91015625 0.0328125 0.03125
2 0.7203125 0.91640625 0.0296875 0.028125
2 0.7546875 0.91484375 0.0296875 0.0421875
2 0.7765625 0.85390625 0.0359375 0.0375
2 0.7828125 0.63984375 0.0265625 0.034375
2 0.72734375 0.63125 0.0265625 0.034375
2 0.85546875 0.69921875 0.028125 0.0328125
2 0.17890625 0.690625 0.025 0.0234375
2 0.18359375 0.62734375 0.0234375 0.0375
2 0.18046875 0.7109375 0.0234375 0.025
2 0.2078125 0.859375 0.0234375 0.034375
2 0.21015625 0.90703125 0.028125 0.0375
2 0.30625 0.6328125 0.0234375 0.040625
2 0.6828125 0.26640625 0.025 0.0296875
2 0.69140625 0.31796875 0.028125 0.0328125
2 0.77890625 0.3625 0.0359375 0.0328125