2 0.62578125 0.45078125 0.0296875 0.034375
2 0.65859375 0.528125 0.0265625 0.03125
2 0.76015625 0.66953125 0.025 0.0265625
2 0.7828125 0.68203125 0.0203125 0.0296875
2 0.8 0.71875 0.0203125 0.0296875
2 0.8203125 0.7640625 0.0296875 0.0375
2 0.8078125 0.8078125 0.021875 0.0375
2 0.7484375 0.7953125 0.03125 0.028125
2 0.6875 0.80703125 0.0234375 0.028125
2 0.66015625 0.9109375 0.0203125 0.0328125
2 0.628125 0.9265625 0.0203125 0.0234375
2 0.7 0.959375 0.0234375 0.0328125
2 0.7390625 0.91484375 0.0328125 0.03125
2 0.79296875 0.92109375 0.0296875 0.028125
2 0.8265625 0.91953125 0.0296875 0.0421875
2 0.84375 0.85859375 0.0359375 0.0390625
2 0.83125 0.6453125 0.0265625 0.034375
2 0.77578125 0.63515625 0.0265625 0.034375
2 0.9078125 0.7046875 0.028125 0.0328125
2 0.2375 0.6921875 0.025 0.0234375
2 0.2359375 0.628125 0.0234375 0.0375
2 0.240625 0.71171875 0.0234375 0.025
2 0.28046875 0.8609375 0.0234375 0.034375
2 0.28671875 0.90859375 0.028125 0.0375
2 0.35859375 0.634375 0.0234375 0.040625
2 0.69921875 0.2703125 0.025 0.0296875
2 0.7125 0.321875 0.028125 0.0328125
2 0.80234375 0.3671875 0.0359375 0.034375