2 0.63203125 0.378125 0.0328125 0.028125
2 0.55703125 0.35 0.028125 0.025
2 0.42421875 0.2578125 0.0234375 0.0234375
2 0.41328125 0.23515625 0.028125 0.01875
2 0.378125 0.2203125 0.028125 0.01875
2 0.334375 0.203125 0.0359375 0.0296875
2 0.2890625 0.21953125 0.034375 0.021875
2 0.296875 0.27734375 0.0265625 0.0296875
2 0.2796875 0.340625 0.025 0.021875
2 0.17265625 0.375 0.03125 0.01875
2 0.15390625 0.40859375 0.021875 0.01875
2 0.128125 0.33828125 0.0296875 0.021875
2 0.17578125 0.29609375 0.0296875 0.03125
2 0.17421875 0.2421875 0.0265625 0.028125
2 0.17890625 0.2078125 0.040625 0.0296875
2 0.24140625 0.18671875 0.0359375 0.0359375
2 0.4546875 0.184375 0.03125 0.025
2 0.459375 0.23984375 0.03125 0.025
2 0.4015625 0.1109375 0.0296875 0.0265625
2 0.35546875 0.7859375 0.0203125 0.0234375
2 0.41953125 0.7828125 0.034375 0.0234375
2 0.33515625 0.784375 0.021875 0.021875
2 0.1890625 0.7546875 0.03125 0.021875
2 0.1421875 0.75078125 0.034375 0.028125
2 0.4234375 0.66015625 0.0375 0.0234375
2 0.81953125 0.290625 0.0265625 0.0234375
2 0.76875 0.28046875 0.0296875 0.0265625
2 0.73125 0.19296875 0.03125 0.034375