2 0.34765625 0.35 0.0328125 0.03125
2 0.42421875 0.3125 0.0296875 0.028125
2 0.56171875 0.20234375 0.025 0.0265625
2 0.5734375 0.17890625 0.0296875 0.021875
2 0.61015625 0.159375 0.0296875 0.021875
2 0.6546875 0.13671875 0.0359375 0.03125
2 0.6984375 0.14609375 0.0359375 0.0234375
2 0.68828125 0.20546875 0.028125 0.0328125
2 0.70234375 0.265625 0.0265625 0.025
2 0.80703125 0.2859375 0.0328125 0.021875
2 0.82421875 0.31640625 0.0234375 0.021875
2 0.85390625 0.24375 0.03125 0.025
2 0.80859375 0.2078125 0.03125 0.034375
2 0.8125 0.15390625 0.0265625 0.03125
2 0.81015625 0.11953125 0.040625 0.0328125
2 0.7484375 0.10703125 0.0375 0.0375
2 0.53515625 0.13359375 0.0328125 0.028125
2 0.52734375 0.1890625 0.0328125 0.028125
2 0.59140625 0.05390625 0.03125 0.0296875
2 0.603125 0.71953125 0.021875 0.025
2 0.5390625 0.725 0.0359375 0.025
2 0.62265625 0.71484375 0.0234375 0.025
2 0.77109375 0.66640625 0.0328125 0.025
2 0.81796875 0.65625 0.0359375 0.0296875
2 0.54140625 0.603125 0.0390625 0.0265625
2 0.16484375 0.28828125 0.028125 0.0265625
2 0.215625 0.271875 0.03125 0.0296875
2 0.2578125 0.1796875 0.0328125 0.0375