2 0.59453125 0.421875 0.0296875 0.0328125
2 0.621875 0.4984375 0.0265625 0.0296875
2 0.7125 0.63515625 0.025 0.025
2 0.734375 0.646875 0.0203125 0.0296875
2 0.74921875 0.6828125 0.0203125 0.0296875
2 0.765625 0.72734375 0.0296875 0.0359375
2 0.74921875 0.77109375 0.021875 0.0359375
2 0.690625 0.76171875 0.03125 0.0265625
2 0.62734375 0.77578125 0.0234375 0.0265625
2 0.5921875 0.88203125 0.0203125 0.0328125
2 0.55859375 0.89921875 0.01875 0.0234375
2 0.628125 0.928125 0.0234375 0.03125
2 0.67109375 0.88203125 0.0328125 0.0296875
2 0.725 0.88515625 0.0296875 0.0265625
2 0.759375 0.8828125 0.0296875 0.040625
2 0.78125 0.8203125 0.0359375 0.0375
2 0.7859375 0.60703125 0.0265625 0.0328125
2 0.73125 0.6 0.0265625 0.0328125
2 0.85859375 0.66328125 0.028125 0.03125
2 0.1828125 0.68203125 0.0234375 0.021875
2 0.18671875 0.61875 0.0234375 0.0359375
2 0.184375 0.70234375 0.021875 0.0234375
2 0.2125 0.85 0.0234375 0.0328125
2 0.215625 0.896875 0.028125 0.0359375
2 0.309375 0.61953125 0.0234375 0.0390625
2 0.684375 0.23828125 0.025 0.028125
2 0.69296875 0.2890625 0.028125 0.03125
2 0.78046875 0.33046875 0.0359375 0.0328125