2 0.39765625 0.4078125 0.0328125 0.0296875
2 0.47109375 0.38125 0.0296875 0.0265625
2 0.59609375 0.290625 0.025 0.025
2 0.60546875 0.26875 0.0296875 0.0203125
2 0.63984375 0.2546875 0.0296875 0.0203125
2 0.68203125 0.23828125 0.0359375 0.0296875
2 0.72734375 0.2546875 0.0359375 0.021875
2 0.725 0.31328125 0.0265625 0.03125
2 0.746875 0.3765625 0.0265625 0.0234375
2 0.85625 0.41328125 0.0328125 0.0203125
2 0.87734375 0.446875 0.0234375 0.0203125
2 0.89765625 0.37734375 0.03125 0.0234375
2 0.846875 0.33359375 0.0296875 0.0328125
2 0.84453125 0.2796875 0.0265625 0.0296875
2 0.8375 0.2453125 0.040625 0.0296875
2 0.77265625 0.2234375 0.0359375 0.0359375
2 0.56015625 0.2171875 0.0328125 0.0265625
2 0.559375 0.27265625 0.0328125 0.0265625
2 0.60703125 0.14453125 0.03125 0.028125
2 0.7046875 0.82109375 0.021875 0.025
2 0.640625 0.81640625 0.0359375 0.0234375
2 0.72421875 0.81953125 0.0234375 0.0234375
2 0.86796875 0.7921875 0.0328125 0.0234375
2 0.91484375 0.78984375 0.0359375 0.028125
2 0.62734375 0.69375 0.0390625 0.0234375
2 0.20390625 0.3171875 0.028125 0.025
2 0.25390625 0.30859375 0.03125 0.028125
2 0.28515625 0.22109375 0.03125 0.0359375