2 0.61875 0.3265625 0.0296875 0.034375
2 0.65078125 0.3984375 0.0265625 0.0296875
2 0.75 0.51953125 0.0234375 0.025
2 0.77265625 0.52734375 0.0203125 0.0296875
2 0.7890625 0.56171875 0.0203125 0.0296875
2 0.80859375 0.603125 0.0296875 0.0375
2 0.7953125 0.64921875 0.021875 0.0359375
2 0.73671875 0.64921875 0.0296875 0.028125
2 0.67421875 0.6734375 0.021875 0.0265625
2 0.6453125 0.78359375 0.0203125 0.0328125
2 0.61328125 0.80625 0.01875 0.0234375
2 0.684375 0.82421875 0.0234375 0.03125
2 0.72421875 0.771875 0.0328125 0.03125
2 0.778125 0.7671875 0.028125 0.028125
2 0.8125 0.75859375 0.0296875 0.0421875
2 0.8296875 0.69375 0.0359375 0.0375
2 0.821875 0.48046875 0.0265625 0.0328125
2 0.765625 0.48203125 0.0265625 0.0328125
2 0.896875 0.52421875 0.028125 0.03125
2 0.22578125 0.65 0.0234375 0.021875
2 0.225 0.5859375 0.0234375 0.0359375
2 0.22890625 0.66953125 0.021875 0.0234375
2 0.265625 0.81171875 0.0234375 0.0328125
2 0.271875 0.8578125 0.028125 0.0359375
2 0.34765625 0.5671875 0.0234375 0.0390625
2 0.69609375 0.1296875 0.0234375 0.028125
2 0.70859375 0.178125 0.028125 0.03125
2 0.79765625 0.20625 0.0359375 0.0328125