2 0.3890625 0.4296875 0.03125 0.03125
2 0.4625 0.4078125 0.028125 0.028125
2 0.58984375 0.325 0.0234375 0.025
2 0.59921875 0.303125 0.028125 0.021875
2 0.634375 0.29140625 0.028125 0.021875
2 0.6765625 0.27734375 0.034375 0.03125
2 0.72265625 0.296875 0.034375 0.0234375
2 0.71796875 0.3546875 0.025 0.0328125
2 0.73828125 0.41953125 0.025 0.025
2 0.846875 0.46171875 0.03125 0.021875
2 0.8671875 0.496875 0.021875 0.0203125
2 0.88984375 0.42890625 0.0296875 0.025
2 0.83984375 0.3828125 0.028125 0.034375
2 0.83828125 0.32890625 0.025 0.03125
2 0.83203125 0.29375 0.0390625 0.03125
2 0.76875 0.26796875 0.0359375 0.0375
2 0.55546875 0.24921875 0.03125 0.028125
2 0.553125 0.3046875 0.03125 0.028125
2 0.6046875 0.1796875 0.0296875 0.0296875
2 0.68671875 0.86015625 0.0203125 0.025
2 0.62265625 0.85234375 0.034375 0.025
2 0.70625 0.859375 0.021875 0.0234375
2 0.85078125 0.84140625 0.03125 0.025
2 0.896875 0.84140625 0.034375 0.0296875
2 0.61171875 0.72890625 0.0375 0.025
2 0.196875 0.328125 0.0265625 0.0265625
2 0.246875 0.321875 0.0296875 0.0296875
2 0.2796875 0.2375 0.03125 0.0375