2 0.409375 0.41875 0.0328125 0.0296875
2 0.48125 0.39453125 0.0296875 0.0265625
2 0.60390625 0.3078125 0.025 0.025
2 0.6125 0.2859375 0.0296875 0.0203125
2 0.64609375 0.27265625 0.0296875 0.0203125
2 0.6875 0.2578125 0.0359375 0.03125
2 0.734375 0.27578125 0.0359375 0.0234375
2 0.73359375 0.334375 0.0265625 0.03125
2 0.75703125 0.39765625 0.0265625 0.0234375
2 0.8671875 0.4375 0.0328125 0.0203125
2 0.8890625 0.471875 0.0234375 0.0203125
2 0.9078125 0.403125 0.03125 0.0234375
2 0.85546875 0.35859375 0.03125 0.0328125
2 0.8515625 0.3046875 0.0265625 0.0296875
2 0.84375 0.26953125 0.040625 0.03125
2 0.77890625 0.2453125 0.0375 0.0375
2 0.565625 0.2328125 0.0328125 0.0265625
2 0.56640625 0.28828125 0.0328125 0.0265625
2 0.6109375 0.1625 0.03125 0.028125
2 0.728125 0.840625 0.021875 0.025
2 0.6640625 0.834375 0.0359375 0.025
2 0.74765625 0.83984375 0.0234375 0.0234375
2 0.890625 0.8171875 0.0328125 0.0234375
2 0.93671875 0.815625 0.0359375 0.0296875
2 0.646875 0.7109375 0.0390625 0.025
2 0.21328125 0.32265625 0.028125 0.025
2 0.2625 0.31484375 0.03125 0.028125
2 0.290625 0.2296875 0.0328125 0.0359375