2 0.63828125 0.41015625 0.0328125 0.0296875
2 0.56328125 0.378125 0.0296875 0.0265625
2 0.42890625 0.2796875 0.025 0.0234375
2 0.41796875 0.25625 0.0296875 0.0203125
2 0.38203125 0.23984375 0.0296875 0.0203125
2 0.33828125 0.2203125 0.0359375 0.0296875
2 0.29296875 0.234375 0.0359375 0.021875
2 0.3015625 0.29296875 0.0265625 0.0296875
2 0.2859375 0.3546875 0.0265625 0.021875
2 0.1796875 0.38359375 0.0328125 0.0203125
2 0.16171875 0.415625 0.0234375 0.01875
2 0.13359375 0.34453125 0.03125 0.0234375
2 0.18125 0.3046875 0.0296875 0.0328125
2 0.17890625 0.25078125 0.0265625 0.028125
2 0.1828125 0.21640625 0.040625 0.0296875
2 0.24453125 0.19921875 0.0359375 0.0359375
2 0.45859375 0.2078125 0.0328125 0.0265625
2 0.4640625 0.26328125 0.0328125 0.0265625
2 0.40390625 0.13203125 0.03125 0.028125
2 0.36875 0.803125 0.021875 0.0234375
2 0.4328125 0.80390625 0.0359375 0.0234375
2 0.34921875 0.80078125 0.0234375 0.021875
2 0.20234375 0.76328125 0.0328125 0.0234375
2 0.15546875 0.75703125 0.0359375 0.028125
2 0.43515625 0.68125 0.0390625 0.0234375
2 0.82421875 0.3328125 0.028125 0.0234375
2 0.77421875 0.3203125 0.03125 0.028125
2 0.73515625 0.23125 0.03125 0.0359375