2 0.6046875 0.334375 0.0328125 0.03125
2 0.53125 0.31171875 0.0296875 0.028125
2 0.40546875 0.228125 0.025 0.025
2 0.39609375 0.20625 0.028125 0.021875
2 0.36171875 0.19453125 0.028125 0.021875
2 0.31953125 0.18046875 0.0359375 0.03125
2 0.2734375 0.19921875 0.0359375 0.0234375
2 0.2765625 0.2578125 0.0265625 0.03125
2 0.25546875 0.321875 0.0265625 0.0234375
2 0.14609375 0.3640625 0.03125 0.021875
2 0.12578125 0.3984375 0.021875 0.0203125
2 0.10390625 0.33046875 0.03125 0.025
2 0.1546875 0.284375 0.0296875 0.034375
2 0.15703125 0.23046875 0.0265625 0.0296875
2 0.1640625 0.1953125 0.040625 0.03125
2 0.228125 0.1703125 0.0359375 0.0375
2 0.44140625 0.15234375 0.0328125 0.028125
2 0.4421875 0.2078125 0.0328125 0.028125
2 0.39375 0.0828125 0.03125 0.0296875
2 0.3 0.7625 0.021875 0.025
2 0.3640625 0.75546875 0.0359375 0.025
2 0.28046875 0.7625 0.0234375 0.0234375
2 0.1359375 0.74296875 0.0328125 0.025
2 0.08984375 0.74296875 0.0359375 0.0296875
2 0.3765625 0.63203125 0.0390625 0.025
2 0.79765625 0.23359375 0.028125 0.0265625
2 0.74765625 0.22734375 0.03125 0.0296875
2 0.71640625 0.1421875 0.03125 0.0375