2 0.35234375 0.40546875 0.0328125 0.0296875
2 0.42890625 0.378125 0.0296875 0.0265625
2 0.56484375 0.2875 0.025 0.025
2 0.5765625 0.265625 0.0296875 0.0203125
2 0.61328125 0.25078125 0.0296875 0.0203125
2 0.65703125 0.234375 0.0359375 0.0296875
2 0.7015625 0.25078125 0.0359375 0.021875
2 0.6921875 0.309375 0.0265625 0.03125
2 0.70625 0.37265625 0.0265625 0.0234375
2 0.81171875 0.4078125 0.0328125 0.0203125
2 0.82890625 0.44140625 0.0234375 0.01875
2 0.8578125 0.371875 0.03125 0.0234375
2 0.81171875 0.32890625 0.0296875 0.0328125
2 0.815625 0.275 0.0265625 0.0296875
2 0.8125 0.240625 0.040625 0.0296875
2 0.75078125 0.21875 0.0375 0.0359375
2 0.5375 0.2140625 0.0328125 0.0265625
2 0.53046875 0.26875 0.0328125 0.0265625
2 0.59296875 0.14140625 0.03125 0.028125
2 0.6125 0.8171875 0.021875 0.0234375
2 0.5484375 0.81328125 0.0359375 0.0234375
2 0.63203125 0.815625 0.0234375 0.021875
2 0.7796875 0.7875 0.0328125 0.0234375
2 0.82734375 0.784375 0.0359375 0.028125
2 0.54921875 0.690625 0.0390625 0.0234375
2 0.16796875 0.315625 0.028125 0.025
2 0.21875 0.30703125 0.03125 0.028125
2 0.26015625 0.21953125 0.0328125 0.0359375