2 0.60234375 0.31640625 0.0328125 0.03125
2 0.52890625 0.2953125 0.0296875 0.028125
2 0.40390625 0.21640625 0.025 0.0265625
2 0.39453125 0.19453125 0.0296875 0.021875
2 0.36015625 0.18359375 0.0296875 0.021875
2 0.31796875 0.1703125 0.0359375 0.0328125
2 0.27265625 0.19140625 0.0359375 0.025
2 0.275 0.24921875 0.0265625 0.0328125
2 0.253125 0.3140625 0.0265625 0.025
2 0.14375 0.359375 0.0328125 0.021875
2 0.12265625 0.39453125 0.0234375 0.021875
2 0.10234375 0.3265625 0.03125 0.025
2 0.153125 0.2796875 0.0296875 0.034375
2 0.15546875 0.22578125 0.0265625 0.03125
2 0.1625 0.190625 0.040625 0.0328125
2 0.22734375 0.16328125 0.0359375 0.0390625
2 0.43984375 0.1390625 0.0328125 0.028125
2 0.440625 0.19453125 0.0328125 0.028125
2 0.39296875 0.07109375 0.03125 0.0296875
2 0.2953125 0.753125 0.021875 0.0265625
2 0.359375 0.74375 0.0359375 0.0265625
2 0.27578125 0.753125 0.0234375 0.025
2 0.13203125 0.73828125 0.0328125 0.025
2 0.08515625 0.7390625 0.0359375 0.03125
2 0.37265625 0.6203125 0.0390625 0.0265625
2 0.79609375 0.21015625 0.028125 0.0265625
2 0.74609375 0.20546875 0.03125 0.0296875
2 0.71484375 0.12109375 0.03125 0.0375