2 0.62734375 0.4140625 0.03125 0.0296875
2 0.55234375 0.38125 0.028125 0.0265625
2 0.42109375 0.28203125 0.0234375 0.025
2 0.41015625 0.25859375 0.028125 0.0203125
2 0.375 0.2421875 0.028125 0.0203125
2 0.33203125 0.22265625 0.034375 0.0296875
2 0.28671875 0.2359375 0.034375 0.021875
2 0.29296875 0.29453125 0.025 0.03125
2 0.27578125 0.35625 0.025 0.0234375
2 0.16796875 0.384375 0.03125 0.0203125
2 0.14921875 0.41640625 0.021875 0.01875
2 0.12421875 0.3453125 0.0296875 0.0234375
2 0.17265625 0.30546875 0.028125 0.0328125
2 0.17109375 0.2515625 0.025 0.0296875
2 0.1765625 0.21796875 0.0390625 0.0296875
2 0.2390625 0.20078125 0.034375 0.0359375
2 0.45234375 0.21015625 0.03125 0.0265625
2 0.45703125 0.265625 0.03125 0.0265625
2 0.40078125 0.134375 0.0296875 0.028125
2 0.34609375 0.80546875 0.0203125 0.0234375
2 0.41015625 0.80625 0.034375 0.0234375
2 0.3265625 0.80234375 0.021875 0.021875
2 0.18046875 0.7640625 0.03125 0.0234375
2 0.13359375 0.7578125 0.034375 0.028125
2 0.415625 0.68359375 0.0375 0.0234375
2 0.815625 0.3375 0.0265625 0.025
2 0.765625 0.325 0.0296875 0.028125
2 0.72890625 0.23515625 0.0296875 0.0359375