2 0.3453125 0.37265625 0.034375 0.0296875
2 0.421875 0.3390625 0.0296875 0.0265625
2 0.56015625 0.23671875 0.025 0.025
2 0.57265625 0.21328125 0.0296875 0.0203125
2 0.60859375 0.19609375 0.0296875 0.0203125
2 0.653125 0.17578125 0.0375 0.0296875
2 0.69765625 0.18828125 0.0359375 0.021875
2 0.68671875 0.246875 0.028125 0.03125
2 0.7 0.30859375 0.0265625 0.0234375
2 0.80546875 0.33515625 0.0328125 0.0203125
2 0.821875 0.36640625 0.0234375 0.0203125
2 0.85234375 0.2953125 0.03125 0.0234375
2 0.80625 0.25625 0.03125 0.0328125
2 0.8109375 0.20234375 0.028125 0.0296875
2 0.80859375 0.16875 0.0421875 0.0296875
2 0.746875 0.15234375 0.0375 0.0359375
2 0.53359375 0.165625 0.0328125 0.0265625
2 0.52578125 0.22109375 0.0328125 0.0265625
2 0.59140625 0.0890625 0.03125 0.028125
2 0.5984375 0.75859375 0.021875 0.025
2 0.534375 0.76015625 0.0359375 0.0234375
2 0.61796875 0.75546875 0.0234375 0.0234375
2 0.76640625 0.71484375 0.0328125 0.0234375
2 0.8140625 0.7078125 0.0359375 0.028125
2 0.5375 0.63828125 0.0390625 0.0234375
2 0.1625 0.29921875 0.028125 0.025
2 0.2140625 0.2859375 0.03125 0.028125
2 0.25625 0.19609375 0.0328125 0.0359375