2 0.6046875 0.3921875 0.0328125 0.028125
2 0.53125 0.3625 0.0296875 0.025
2 0.40546875 0.2671875 0.025 0.0234375
2 0.39609375 0.24453125 0.028125 0.01875
2 0.36171875 0.22890625 0.028125 0.01875
2 0.31953125 0.2109375 0.0359375 0.028125
2 0.2734375 0.22578125 0.0359375 0.0203125
2 0.2765625 0.284375 0.0265625 0.0296875
2 0.25546875 0.346875 0.0265625 0.021875
2 0.14609375 0.37890625 0.03125 0.01875
2 0.12578125 0.41171875 0.021875 0.01875
2 0.10390625 0.34140625 0.03125 0.021875
2 0.1546875 0.3 0.0296875 0.03125
2 0.15703125 0.24609375 0.0265625 0.028125
2 0.1640625 0.21171875 0.040625 0.028125
2 0.228125 0.1921875 0.0359375 0.034375
2 0.44140625 0.19453125 0.0328125 0.025
2 0.4421875 0.25 0.0328125 0.025
2 0.39375 0.1203125 0.03125 0.0265625
2 0.3 0.79375 0.021875 0.0234375
2 0.3640625 0.7921875 0.0359375 0.021875
2 0.28046875 0.79140625 0.0234375 0.021875
2 0.1359375 0.75859375 0.0328125 0.021875
2 0.08984375 0.75390625 0.0359375 0.0265625
2 0.3765625 0.66953125 0.0390625 0.021875
2 0.79765625 0.309375 0.028125 0.0234375
2 0.74765625 0.2984375 0.03125 0.0265625
2 0.71640625 0.21015625 0.03125 0.034375