2 0.6015625 0.3546875 0.028125 0.0328125
2 0.6296875 0.428125 0.025 0.0296875
2 0.72265625 0.55390625 0.0234375 0.025
2 0.7453125 0.56328125 0.01875 0.028125
2 0.76015625 0.59765625 0.01875 0.028125
2 0.77734375 0.63984375 0.028125 0.0359375
2 0.76171875 0.6859375 0.0203125 0.0359375
2 0.703125 0.6828125 0.0296875 0.0265625
2 0.640625 0.70390625 0.021875 0.0265625
2 0.60625 0.81328125 0.01875 0.03125
2 0.5734375 0.83359375 0.01875 0.021875
2 0.64296875 0.85546875 0.021875 0.03125
2 0.68515625 0.80390625 0.03125 0.0296875
2 0.7390625 0.80234375 0.028125 0.0265625
2 0.77421875 0.7953125 0.028125 0.040625
2 0.79453125 0.73125 0.034375 0.0359375
2 0.79609375 0.51796875 0.025 0.0328125
2 0.740625 0.5171875 0.025 0.0328125
2 0.86953125 0.565625 0.0265625 0.03125
2 0.19453125 0.659375 0.0234375 0.021875
2 0.19765625 0.5953125 0.021875 0.0359375
2 0.196875 0.67890625 0.021875 0.0234375
2 0.2265625 0.82265625 0.021875 0.0328125
2 0.23046875 0.86953125 0.0265625 0.0359375
2 0.3203125 0.5828125 0.021875 0.0390625
2 0.6875 0.16171875 0.0234375 0.028125
2 0.69765625 0.2109375 0.0265625 0.03125
2 0.78515625 0.24296875 0.034375 0.03125