2 0.65 0.39921875 0.0328125 0.028125
2 0.5734375 0.36875 0.0296875 0.025
2 0.43671875 0.271875 0.025 0.0234375
2 0.425 0.24921875 0.0296875 0.01875
2 0.38828125 0.23359375 0.0296875 0.01875
2 0.34375 0.21484375 0.0359375 0.028125
2 0.3 0.22890625 0.0359375 0.0203125
2 0.31015625 0.2875 0.0265625 0.0296875
2 0.29609375 0.35 0.0265625 0.021875
2 0.190625 0.38046875 0.0328125 0.01875
2 0.1734375 0.41328125 0.0234375 0.01875
2 0.14375 0.34296875 0.03125 0.021875
2 0.18984375 0.3015625 0.03125 0.03125
2 0.1859375 0.24765625 0.0265625 0.028125
2 0.1890625 0.2140625 0.040625 0.028125
2 0.25078125 0.1953125 0.0375 0.034375
2 0.4640625 0.2 0.0328125 0.025
2 0.47109375 0.25546875 0.0328125 0.025
2 0.4078125 0.125 0.03125 0.0265625
2 0.3921875 0.79765625 0.021875 0.0234375
2 0.45625 0.796875 0.0359375 0.021875
2 0.37265625 0.7953125 0.0234375 0.021875
2 0.225 0.76015625 0.0328125 0.021875
2 0.17734375 0.75546875 0.0359375 0.0265625
2 0.4546875 0.67421875 0.0390625 0.021875
2 0.83359375 0.31875 0.028125 0.0234375
2 0.7828125 0.30703125 0.03125 0.0265625
2 0.740625 0.21875 0.0328125 0.034375