2 0.61796875 0.35234375 0.03125 0.0296875
2 0.54375 0.32734375 0.028125 0.0265625
2 0.41484375 0.240625 0.0234375 0.025
2 0.4046875 0.21875 0.028125 0.0203125
2 0.36953125 0.20546875 0.028125 0.0203125
2 0.3265625 0.18984375 0.034375 0.0296875
2 0.28125 0.2078125 0.034375 0.021875
2 0.28671875 0.265625 0.025 0.03125
2 0.2671875 0.3296875 0.025 0.0234375
2 0.159375 0.36875 0.03125 0.0203125
2 0.13984375 0.40234375 0.021875 0.0203125
2 0.115625 0.33359375 0.0296875 0.0234375
2 0.165625 0.2890625 0.028125 0.0328125
2 0.165625 0.23515625 0.025 0.0296875
2 0.17109375 0.20078125 0.0390625 0.03125
2 0.23515625 0.17734375 0.034375 0.0359375
2 0.4484375 0.165625 0.03125 0.0265625
2 0.45078125 0.22109375 0.03125 0.0265625
2 0.39765625 0.09453125 0.0296875 0.028125
2 0.32734375 0.77265625 0.0203125 0.025
2 0.39140625 0.7671875 0.034375 0.0234375
2 0.3078125 0.77109375 0.021875 0.0234375
2 0.1625 0.74765625 0.03125 0.0234375
2 0.115625 0.74609375 0.034375 0.028125
2 0.4 0.64375 0.0375 0.025
2 0.80859375 0.2578125 0.0265625 0.025
2 0.75859375 0.25 0.0296875 0.028125
2 0.7234375 0.1640625 0.0296875 0.0359375