2 0.6453125 0.39609375 0.0328125 0.028125
2 0.56953125 0.365625 0.0296875 0.025
2 0.43359375 0.26953125 0.025 0.0234375
2 0.421875 0.246875 0.0296875 0.01875
2 0.3859375 0.23125 0.0296875 0.01875
2 0.34140625 0.2125 0.0359375 0.028125
2 0.29765625 0.22734375 0.0359375 0.0203125
2 0.30625 0.2859375 0.0265625 0.0296875
2 0.29140625 0.3484375 0.0265625 0.021875
2 0.1859375 0.3796875 0.0328125 0.01875
2 0.16875 0.4125 0.0234375 0.01875
2 0.13984375 0.3421875 0.03125 0.021875
2 0.18671875 0.30078125 0.0296875 0.03125
2 0.1828125 0.246875 0.0265625 0.028125
2 0.1859375 0.2125 0.040625 0.028125
2 0.2484375 0.19375 0.0359375 0.034375
2 0.46171875 0.196875 0.0328125 0.025
2 0.46875 0.25234375 0.0328125 0.025
2 0.40625 0.12265625 0.03125 0.0265625
2 0.3828125 0.7953125 0.021875 0.0234375
2 0.446875 0.79453125 0.0359375 0.021875
2 0.36328125 0.79296875 0.0234375 0.021875
2 0.215625 0.759375 0.0328125 0.021875
2 0.16875 0.7546875 0.0359375 0.0265625
2 0.446875 0.671875 0.0390625 0.021875
2 0.8296875 0.3140625 0.028125 0.0234375
2 0.77890625 0.303125 0.03125 0.0265625
2 0.73828125 0.2140625 0.03125 0.034375