2 0.6015625 0.4328125 0.028125 0.034375
2 0.6296875 0.509375 0.025 0.0296875
2 0.72265625 0.64765625 0.0234375 0.025
2 0.7453125 0.66015625 0.01875 0.0296875
2 0.76015625 0.69609375 0.01875 0.0296875
2 0.77734375 0.740625 0.028125 0.0375
2 0.76171875 0.78515625 0.0203125 0.0359375
2 0.703125 0.77421875 0.0296875 0.028125
2 0.640625 0.7875 0.021875 0.0265625
2 0.60625 0.89296875 0.01875 0.0328125
2 0.5734375 0.909375 0.01875 0.0234375
2 0.64296875 0.93984375 0.021875 0.03125
2 0.68515625 0.89375 0.03125 0.03125
2 0.7390625 0.8984375 0.028125 0.028125
2 0.77421875 0.89609375 0.028125 0.0421875
2 0.79453125 0.834375 0.034375 0.0375
2 0.79609375 0.62109375 0.025 0.0328125
2 0.740625 0.61328125 0.025 0.0328125
2 0.86953125 0.67890625 0.0265625 0.03125
2 0.19453125 0.6859375 0.0234375 0.021875
2 0.19765625 0.621875 0.021875 0.0359375
2 0.196875 0.70546875 0.021875 0.0234375
2 0.2265625 0.85390625 0.021875 0.0328125
2 0.23046875 0.9015625 0.0265625 0.0359375
2 0.3203125 0.625 0.021875 0.0390625
2 0.6875 0.25 0.0234375 0.028125
2 0.69765625 0.3015625 0.0265625 0.03125
2 0.78515625 0.34375 0.034375 0.0328125