2 0.38671875 0.37890625 0.03125 0.0296875
2 0.46015625 0.346875 0.028125 0.0265625
2 0.58828125 0.246875 0.0234375 0.025
2 0.59765625 0.2234375 0.028125 0.0203125
2 0.6328125 0.20703125 0.028125 0.0203125
2 0.67578125 0.1875 0.034375 0.0296875
2 0.72109375 0.20078125 0.034375 0.021875
2 0.71640625 0.259375 0.025 0.03125
2 0.73671875 0.32109375 0.025 0.0234375
2 0.84453125 0.35 0.03125 0.0203125
2 0.86484375 0.38203125 0.021875 0.01875
2 0.88828125 0.3109375 0.0296875 0.0234375
2 0.83828125 0.27109375 0.028125 0.0328125
2 0.83671875 0.2171875 0.025 0.0296875
2 0.83125 0.1828125 0.0390625 0.0296875
2 0.7671875 0.165625 0.034375 0.0359375
2 0.55390625 0.175 0.03125 0.0265625
2 0.55234375 0.23125 0.03125 0.0265625
2 0.60390625 0.09921875 0.0296875 0.028125
2 0.68203125 0.7703125 0.0203125 0.0234375
2 0.61796875 0.77109375 0.034375 0.0234375
2 0.7015625 0.7671875 0.021875 0.021875
2 0.84609375 0.7296875 0.03125 0.0234375
2 0.89296875 0.7234375 0.034375 0.028125
2 0.6078125 0.6484375 0.0375 0.0234375
2 0.1953125 0.303125 0.0265625 0.025
2 0.2453125 0.28984375 0.0296875 0.028125
2 0.27890625 0.20078125 0.0296875 0.0359375