2 0.35703125 0.434375 0.0328125 0.03125
2 0.4328125 0.4125 0.0296875 0.028125
2 0.56796875 0.33203125 0.025 0.0265625
2 0.5796875 0.31015625 0.0296875 0.021875
2 0.615625 0.2984375 0.0296875 0.021875
2 0.659375 0.28515625 0.0359375 0.03125
2 0.70390625 0.30546875 0.0359375 0.0234375
2 0.6953125 0.36328125 0.0265625 0.0328125
2 0.71015625 0.428125 0.0265625 0.025
2 0.81640625 0.471875 0.0328125 0.021875
2 0.83359375 0.50703125 0.0234375 0.021875
2 0.8625 0.4390625 0.03125 0.025
2 0.815625 0.3921875 0.0296875 0.034375
2 0.81875 0.33828125 0.0265625 0.03125
2 0.81484375 0.30390625 0.040625 0.0328125
2 0.753125 0.27734375 0.0359375 0.0375
2 0.5390625 0.25546875 0.0328125 0.028125
2 0.5328125 0.3109375 0.0328125 0.028125
2 0.59453125 0.18671875 0.03125 0.0296875
2 0.621875 0.86796875 0.021875 0.025
2 0.5578125 0.859375 0.0359375 0.025
2 0.64140625 0.86796875 0.0234375 0.025
2 0.78828125 0.85078125 0.0328125 0.025
2 0.8359375 0.8515625 0.0359375 0.0296875
2 0.55703125 0.7359375 0.0390625 0.0265625
2 0.171875 0.33046875 0.028125 0.0265625
2 0.22265625 0.325 0.03125 0.0296875
2 0.2625 0.240625 0.03125 0.0375