2 0.2421875 0.50546875 0.075 0.0828125
2 0.27265625 0.55234375 0.0484375 0.0515625
2 0.1046875 0.5828125 0.040625 0.05
2 0.08515625 0.54296875 0.0453125 0.0515625
2 0.0875 0.62734375 0.040625 0.0546875
2 0.13828125 0.6140625 0.0484375 0.0484375
2 0.12265625 0.53984375 0.04375 0.0546875
2 0.2859375 0.46171875 0.0375 0.0453125
2 0.27734375 0.5921875 0.0390625 0.040625
2 0.25390625 0.6640625 0.04375 0.0515625
2 0.36953125 0.5515625 0.0484375 0.0609375
2 0.3875 0.51328125 0.040625 0.0546875
2 0.53984375 0.4859375 0.0609375 0.071875
2 0.4875 0.49140625 0.0390625 0.0546875
2 0.596875 0.36875 0.053125 0.0625
2 0.62421875 0.42890625 0.0484375 0.0640625
2 0.6234375 0.49296875 0.0515625 0.0703125
2 0.65625 0.5421875 0.05 0.0765625
2 0.72734375 0.5421875 0.0546875 0.078125
2 0.73828125 0.421875 0.0515625 0.065625
2 0.671875 0.4640625 0.0546875 0.06875
2 0.69453125 0.3671875 0.0515625 0.071875
2 0.40546875 0.39140625 0.04375 0.0484375
2 0.4515625 0.44921875 0.05 0.065625
2 0.47109375 0.3984375 0.04375 0.05625
2 0.515625 0.38671875 0.046875 0.053125
2 0.815625 0.3625 0.0515625 0.0703125
2 0.84375 0.51875 0.0609375 0.084375