2 0.8109375 0.465625 0.0734375 0.075
2 0.78203125 0.415625 0.046875 0.046875
2 0.94921875 0.40390625 0.0390625 0.04375
2 0.96875 0.44609375 0.04375 0.046875
2 0.96796875 0.36171875 0.0390625 0.05
2 0.9171875 0.36875 0.046875 0.04375
2 0.93046875 0.44453125 0.0421875 0.05
2 0.76640625 0.50390625 0.0359375 0.040625
2 0.778125 0.375 0.0390625 0.0359375
2 0.80234375 0.30703125 0.0421875 0.046875
2 0.684375 0.40546875 0.046875 0.05625
2 0.665625 0.44140625 0.0390625 0.05
2 0.5140625 0.4515625 0.059375 0.065625
2 0.56640625 0.45234375 0.0375 0.05
2 0.45390625 0.5625 0.0515625 0.05625
2 0.428125 0.49921875 0.0484375 0.059375
2 0.43046875 0.4359375 0.05 0.0640625
2 0.3984375 0.38359375 0.0484375 0.071875
2 0.328125 0.37578125 0.053125 0.071875
2 0.3140625 0.49375 0.0515625 0.059375
2 0.38125 0.459375 0.053125 0.0625
2 0.35703125 0.553125 0.05 0.065625
2 0.6453125 0.5609375 0.0421875 0.04375
2 0.60078125 0.4984375 0.05 0.059375
2 0.58046875 0.546875 0.0421875 0.0515625
2 0.53515625 0.553125 0.0453125 0.0484375
2 0.23515625 0.54375 0.05 0.0640625
2 0.2109375 0.38671875 0.059375 0.078125