2 0.81875 0.44296875 0.075 0.078125
2 0.7890625 0.39375 0.0484375 0.0484375
2 0.95703125 0.3765625 0.040625 0.0453125
2 0.9765625 0.41875 0.0453125 0.0484375
2 0.97421875 0.33359375 0.040625 0.0515625
2 0.9234375 0.34296875 0.0484375 0.0453125
2 0.9390625 0.41796875 0.04375 0.0515625
2 0.775 0.4828125 0.0375 0.0421875
2 0.784375 0.353125 0.0390625 0.0375
2 0.8078125 0.284375 0.04375 0.0484375
2 0.6921875 0.3859375 0.0484375 0.0578125
2 0.6734375 0.42265625 0.040625 0.0515625
2 0.521875 0.4375 0.059375 0.0671875
2 0.57421875 0.43671875 0.0390625 0.0515625
2 0.4640625 0.55 0.053125 0.0578125
2 0.43671875 0.4875 0.0484375 0.0609375
2 0.43828125 0.42421875 0.05 0.065625
2 0.40546875 0.37265625 0.05 0.0734375
2 0.334375 0.36640625 0.0546875 0.0734375
2 0.32265625 0.48515625 0.0515625 0.0609375
2 0.3890625 0.44921875 0.053125 0.0640625
2 0.36640625 0.54296875 0.05 0.0671875
2 0.65546875 0.54296875 0.04375 0.0453125
2 0.609375 0.48125 0.05 0.0609375
2 0.58984375 0.53046875 0.04375 0.053125
2 0.54453125 0.53828125 0.046875 0.05
2 0.2453125 0.5375 0.05 0.065625
2 0.21796875 0.38046875 0.0609375 0.0796875