2 0.82734375 0.41015625 0.0765625 0.0796875
2 0.796875 0.3625 0.0484375 0.05
2 0.9640625 0.3390625 0.040625 0.046875
2 0.98046875 0.3796875 0.0390625 0.05
2 0.98046875 0.2953125 0.0390625 0.053125
2 0.9296875 0.30625 0.0484375 0.046875
2 0.946875 0.38046875 0.04375 0.053125
2 0.78359375 0.45234375 0.0375 0.04375
2 0.79140625 0.321875 0.040625 0.0390625
2 0.81328125 0.2515625 0.04375 0.05
2 0.69921875 0.35859375 0.05 0.059375
2 0.68125 0.39609375 0.040625 0.053125
2 0.5296875 0.4171875 0.0609375 0.0703125
2 0.58203125 0.4140625 0.0390625 0.053125
2 0.47421875 0.53203125 0.0546875 0.059375
2 0.44609375 0.4703125 0.05 0.0625
2 0.44609375 0.40703125 0.0515625 0.0671875
2 0.41171875 0.35703125 0.05 0.075
2 0.34140625 0.35390625 0.0546875 0.075
2 0.33125 0.4734375 0.053125 0.0625
2 0.39765625 0.434375 0.0546875 0.065625
2 0.3765625 0.5296875 0.0515625 0.06875
2 0.665625 0.51796875 0.04375 0.046875
2 0.61875 0.4578125 0.0515625 0.0625
2 0.59921875 0.5078125 0.0453125 0.0546875
2 0.5546875 0.5171875 0.046875 0.0515625
2 0.2546875 0.52890625 0.0515625 0.0671875
2 0.225 0.37265625 0.0625 0.0828125