2 0.7828125 0.378125 0.071875 0.0828125
2 0.7578125 0.33125 0.046875 0.0515625
2 0.92578125 0.3 0.0375 0.0484375
2 0.9421875 0.340625 0.04375 0.0515625
2 0.946875 0.25546875 0.0390625 0.0546875
2 0.8953125 0.26875 0.0453125 0.0484375
2 0.9046875 0.34296875 0.0421875 0.0546875
2 0.73671875 0.42109375 0.034375 0.0453125
2 0.75625 0.290625 0.0375 0.040625
2 0.784375 0.21953125 0.0421875 0.0515625
2 0.6609375 0.33125 0.046875 0.0609375
2 0.63984375 0.36953125 0.0390625 0.0546875
2 0.4875 0.396875 0.0578125 0.071875
2 0.53984375 0.39140625 0.0375 0.0546875
2 0.42109375 0.5140625 0.0515625 0.0625
2 0.39921875 0.45390625 0.046875 0.0640625
2 0.4046875 0.38984375 0.0484375 0.0703125
2 0.37578125 0.34140625 0.046875 0.0765625
2 0.30625 0.340625 0.0515625 0.078125
2 0.28515625 0.4609375 0.05 0.065625
2 0.3546875 0.41953125 0.0515625 0.06875
2 0.325 0.515625 0.0484375 0.071875
2 0.6125 0.4921875 0.040625 0.0484375
2 0.571875 0.43359375 0.0484375 0.065625
2 0.5484375 0.48515625 0.0421875 0.05625
2 0.503125 0.49609375 0.0453125 0.053125
2 0.20390625 0.5203125 0.0484375 0.0703125
2 0.18828125 0.36484375 0.0578125 0.084375