2 0.75859375 0.53515625 0.075 0.08125
2 0.73515625 0.4828125 0.0484375 0.05
2 0.90390625 0.48515625 0.040625 0.046875
2 0.91875 0.52890625 0.0453125 0.05
2 0.92734375 0.4453125 0.040625 0.053125
2 0.87578125 0.44765625 0.0484375 0.046875
2 0.88125 0.52421875 0.04375 0.053125
2 0.709375 0.56953125 0.0375 0.04375
2 0.7359375 0.4421875 0.040625 0.0390625
2 0.76796875 0.3765625 0.04375 0.05
2 0.6390625 0.4640625 0.05 0.059375
2 0.61640625 0.4984375 0.040625 0.053125
2 0.46328125 0.4953125 0.0609375 0.0703125
2 0.515625 0.5 0.0390625 0.053125
2 0.39140625 0.6 0.0546875 0.0609375
2 0.37265625 0.53515625 0.05 0.0625
2 0.38203125 0.471875 0.0515625 0.0671875
2 0.35546875 0.4171875 0.05 0.075
2 0.2859375 0.403125 0.0546875 0.0765625
2 0.259375 0.51953125 0.053125 0.0640625
2 0.33046875 0.49140625 0.0546875 0.0671875
2 0.2953125 0.58203125 0.0515625 0.06875
2 0.5828125 0.615625 0.04375 0.046875
2 0.5453125 0.54921875 0.0515625 0.0625
2 0.51953125 0.5953125 0.04375 0.0546875
2 0.4734375 0.5984375 0.046875 0.0515625
2 0.175 0.5625 0.0515625 0.0671875
2 0.16796875 0.403125 0.0609375 0.0828125