2 0.7609375 0.3734375 0.075 0.084375
2 0.73828125 0.3265625 0.0484375 0.053125
2 0.90625 0.29453125 0.040625 0.0484375
2 0.92109375 0.33515625 0.0453125 0.0515625
2 0.9296875 0.25 0.040625 0.0546875
2 0.87734375 0.26328125 0.0484375 0.05
2 0.88359375 0.33828125 0.04375 0.0546875
2 0.7125 0.4171875 0.0375 0.0453125
2 0.73828125 0.2859375 0.0390625 0.040625
2 0.76953125 0.21484375 0.04375 0.0515625
2 0.64140625 0.32734375 0.0484375 0.0625
2 0.61875 0.365625 0.040625 0.0546875
2 0.46640625 0.39375 0.0609375 0.071875
2 0.51875 0.38828125 0.0390625 0.0546875
2 0.3953125 0.51171875 0.053125 0.0625
2 0.37578125 0.4515625 0.0484375 0.065625
2 0.384375 0.3875 0.0515625 0.0703125
2 0.3578125 0.3390625 0.05 0.078125
2 0.28828125 0.3390625 0.0546875 0.078125
2 0.26171875 0.459375 0.0515625 0.065625
2 0.3328125 0.4171875 0.0546875 0.06875
2 0.29921875 0.51328125 0.0515625 0.071875
2 0.58671875 0.48828125 0.04375 0.0484375
2 0.5484375 0.43046875 0.05 0.065625
2 0.52265625 0.48125 0.04375 0.05625
2 0.4765625 0.49296875 0.046875 0.053125
2 0.178125 0.51875 0.0515625 0.0703125
2 0.1703125 0.36328125 0.0609375 0.084375