2 0.23359375 0.52265625 0.0734375 0.078125
2 0.2625 0.57109375 0.046875 0.0484375
2 0.09453125 0.58828125 0.0390625 0.046875
2 0.07578125 0.546875 0.04375 0.0484375
2 0.0765625 0.63125 0.0390625 0.0515625
2 0.12734375 0.62265625 0.046875 0.0453125
2 0.11328125 0.546875 0.0421875 0.0515625
2 0.27734375 0.4828125 0.0359375 0.0421875
2 0.26640625 0.61171875 0.0390625 0.0375
2 0.2421875 0.68125 0.0421875 0.0484375
2 0.359375 0.57890625 0.0484375 0.0578125
2 0.378125 0.5421875 0.0390625 0.0515625
2 0.53046875 0.52734375 0.059375 0.0671875
2 0.47734375 0.52890625 0.0375 0.0515625
2 0.5890625 0.415625 0.053125 0.0578125
2 0.615625 0.478125 0.0484375 0.0609375
2 0.61328125 0.54140625 0.05 0.065625
2 0.64609375 0.5921875 0.0484375 0.0734375
2 0.71640625 0.5984375 0.053125 0.0734375
2 0.7296875 0.4796875 0.0515625 0.0609375
2 0.6625 0.51640625 0.053125 0.0640625
2 0.68671875 0.421875 0.05 0.0671875
2 0.39765625 0.421875 0.0421875 0.0453125
2 0.44296875 0.48359375 0.05 0.0609375
2 0.46328125 0.434375 0.04375 0.053125
2 0.5078125 0.4265625 0.0453125 0.05
2 0.8078125 0.42734375 0.05 0.065625
2 0.83359375 0.584375 0.059375 0.0796875