2 0.16875 0.53359375 0.0765625 0.0765625
2 0.19140625 0.58359375 0.0484375 0.0484375
2 0.02265625 0.5921875 0.040625 0.0453125
2 0.015625 0.54921875 0.03125 0.046875
2 0.01015625 0.63359375 0.0203125 0.05
2 0.05078125 0.62734375 0.0484375 0.0453125
2 0.04609375 0.5515625 0.04375 0.05
2 0.2171875 0.49609375 0.0375 0.040625
2 0.190625 0.62421875 0.040625 0.0359375
2 0.1578125 0.6921875 0.04375 0.046875
2 0.2875 0.59609375 0.05 0.0578125
2 0.31015625 0.5609375 0.040625 0.05
2 0.46328125 0.55390625 0.0609375 0.0671875
2 0.4109375 0.55234375 0.0390625 0.05
2 0.5359375 0.4453125 0.0546875 0.0578125
2 0.5546875 0.50859375 0.05 0.0609375
2 0.5453125 0.571875 0.0515625 0.065625
2 0.5703125 0.625 0.05 0.0734375
2 0.640625 0.634375 0.0546875 0.0734375
2 0.66796875 0.5171875 0.053125 0.0609375
2 0.596875 0.54921875 0.0546875 0.0640625
2 0.63203125 0.45703125 0.0515625 0.0671875
2 0.34453125 0.44140625 0.04375 0.04375
2 0.38203125 0.50546875 0.0515625 0.0609375
2 0.4078125 0.4578125 0.0453125 0.0515625
2 0.45390625 0.45234375 0.046875 0.0484375
2 0.75234375 0.46875 0.0515625 0.065625
2 0.75859375 0.6265625 0.0625 0.0796875