2 0.23671875 0.52265625 0.075 0.078125
2 0.265625 0.57109375 0.0484375 0.0484375
2 0.0984375 0.58828125 0.040625 0.046875
2 0.07890625 0.546875 0.0453125 0.0484375
2 0.0796875 0.63125 0.040625 0.0515625
2 0.13125 0.62265625 0.046875 0.0453125
2 0.11640625 0.546875 0.04375 0.0515625
2 0.28046875 0.4828125 0.0359375 0.0421875
2 0.2703125 0.61171875 0.0390625 0.0375
2 0.24609375 0.68125 0.04375 0.0484375
2 0.36328125 0.57890625 0.0484375 0.0578125
2 0.38125 0.5421875 0.040625 0.0515625
2 0.53359375 0.52734375 0.059375 0.0671875
2 0.48125 0.52890625 0.0390625 0.0515625
2 0.59140625 0.415625 0.053125 0.0578125
2 0.61796875 0.478125 0.0484375 0.0609375
2 0.6171875 0.54140625 0.05 0.065625
2 0.64921875 0.5921875 0.0484375 0.0734375
2 0.7203125 0.5984375 0.053125 0.0734375
2 0.7328125 0.4796875 0.0515625 0.0609375
2 0.665625 0.51640625 0.053125 0.0640625
2 0.6890625 0.421875 0.05 0.0671875
2 0.4 0.421875 0.0421875 0.0453125
2 0.4453125 0.48359375 0.05 0.0609375
2 0.465625 0.434375 0.04375 0.053125
2 0.5109375 0.4265625 0.046875 0.05
2 0.8109375 0.42734375 0.05 0.065625
2 0.83671875 0.584375 0.0609375 0.0796875