2 0.81640625 0.43828125 0.075 0.078125
2 0.78671875 0.3890625 0.0484375 0.0484375
2 0.95390625 0.37109375 0.0390625 0.0453125
2 0.9734375 0.4125 0.0453125 0.0484375
2 0.97265625 0.328125 0.040625 0.0515625
2 0.92109375 0.3375 0.046875 0.0453125
2 0.9359375 0.4125 0.04375 0.0515625
2 0.771875 0.478125 0.0359375 0.0421875
2 0.78203125 0.3484375 0.0390625 0.0375
2 0.80625 0.2796875 0.04375 0.0484375
2 0.6890625 0.38203125 0.0484375 0.0578125
2 0.67109375 0.41875 0.040625 0.0515625
2 0.51953125 0.434375 0.059375 0.0671875
2 0.571875 0.4328125 0.0390625 0.0515625
2 0.4609375 0.54765625 0.053125 0.0578125
2 0.434375 0.48515625 0.0484375 0.0609375
2 0.43515625 0.42109375 0.05 0.065625
2 0.403125 0.3703125 0.0484375 0.0734375
2 0.33203125 0.36484375 0.053125 0.0734375
2 0.31953125 0.48359375 0.0515625 0.0609375
2 0.38671875 0.446875 0.053125 0.0640625
2 0.36328125 0.54140625 0.05 0.0671875
2 0.65234375 0.53984375 0.0421875 0.0453125
2 0.60703125 0.478125 0.05 0.0609375
2 0.58671875 0.52734375 0.04375 0.053125
2 0.54140625 0.53515625 0.046875 0.05
2 0.2421875 0.53671875 0.05 0.065625
2 0.215625 0.3796875 0.0609375 0.0796875