2 0.75546875 0.4609375 0.0765625 0.0765625
2 0.7328125 0.41171875 0.0484375 0.046875
2 0.9015625 0.3984375 0.040625 0.04375
2 0.915625 0.440625 0.0453125 0.046875
2 0.925 0.35625 0.040625 0.05
2 0.8734375 0.3640625 0.0484375 0.04375
2 0.878125 0.4390625 0.04375 0.05
2 0.70703125 0.5 0.0375 0.040625
2 0.73359375 0.37109375 0.040625 0.0359375
2 0.76640625 0.30234375 0.04375 0.046875
2 0.63671875 0.4015625 0.05 0.05625
2 0.6140625 0.4375 0.040625 0.05
2 0.4609375 0.44921875 0.0609375 0.065625
2 0.51328125 0.44921875 0.0390625 0.05
2 0.38828125 0.56015625 0.0546875 0.05625
2 0.36953125 0.496875 0.05 0.059375
2 0.37890625 0.43359375 0.0515625 0.0640625
2 0.35390625 0.38125 0.05 0.071875
2 0.28359375 0.3734375 0.0546875 0.071875
2 0.25625 0.4921875 0.053125 0.059375
2 0.32734375 0.4578125 0.0546875 0.0625
2 0.2921875 0.55078125 0.0515625 0.065625
2 0.5796875 0.5578125 0.04375 0.04375
2 0.5421875 0.49453125 0.0515625 0.059375
2 0.51640625 0.54375 0.0453125 0.0515625
2 0.4703125 0.55 0.046875 0.0484375
2 0.171875 0.54296875 0.0515625 0.0640625
2 0.165625 0.38515625 0.0625 0.078125