2 0.821875 0.53984375 0.075 0.08125
2 0.79140625 0.4875 0.0484375 0.0515625
2 0.959375 0.490625 0.040625 0.046875
2 0.978125 0.534375 0.04375 0.05
2 0.9765625 0.45078125 0.040625 0.053125
2 0.92578125 0.453125 0.0484375 0.0484375
2 0.94140625 0.5296875 0.04375 0.053125
2 0.778125 0.5734375 0.0375 0.04375
2 0.78671875 0.44609375 0.0390625 0.0390625
2 0.81015625 0.38046875 0.04375 0.05
2 0.69453125 0.46796875 0.0484375 0.0609375
2 0.6765625 0.50234375 0.040625 0.053125
2 0.52421875 0.49765625 0.0609375 0.0703125
2 0.5765625 0.503125 0.0390625 0.053125
2 0.4671875 0.60234375 0.053125 0.0609375
2 0.43984375 0.5375 0.0484375 0.0640625
2 0.440625 0.47421875 0.0515625 0.06875
2 0.4078125 0.41953125 0.05 0.0765625
2 0.33671875 0.4046875 0.0546875 0.0765625
2 0.32578125 0.52109375 0.0515625 0.0640625
2 0.3921875 0.49375 0.0546875 0.0671875
2 0.36953125 0.58359375 0.0515625 0.0703125
2 0.65859375 0.61953125 0.04375 0.046875
2 0.6125 0.55234375 0.05 0.0640625
2 0.59296875 0.5984375 0.04375 0.0546875
2 0.5484375 0.60078125 0.046875 0.0515625
2 0.2484375 0.5640625 0.0515625 0.06875
2 0.2203125 0.4046875 0.0609375 0.0828125