2 0.821875 0.378125 0.075 0.0828125
2 0.79140625 0.33125 0.0484375 0.0515625
2 0.959375 0.3 0.040625 0.0484375
2 0.978125 0.340625 0.04375 0.0515625
2 0.9765625 0.25546875 0.040625 0.0546875
2 0.92578125 0.26875 0.0484375 0.0484375
2 0.94140625 0.34296875 0.04375 0.0546875
2 0.778125 0.42109375 0.0375 0.0453125
2 0.78671875 0.290625 0.0390625 0.040625
2 0.81015625 0.21953125 0.04375 0.0515625
2 0.69453125 0.33125 0.0484375 0.0609375
2 0.6765625 0.36953125 0.040625 0.0546875
2 0.52421875 0.396875 0.0609375 0.071875
2 0.5765625 0.39140625 0.0390625 0.0546875
2 0.4671875 0.5140625 0.053125 0.0625
2 0.43984375 0.45390625 0.0484375 0.0640625
2 0.440625 0.38984375 0.0515625 0.0703125
2 0.4078125 0.34140625 0.05 0.0765625
2 0.33671875 0.340625 0.0546875 0.078125
2 0.32578125 0.4609375 0.0515625 0.065625
2 0.3921875 0.41953125 0.0546875 0.06875
2 0.36953125 0.515625 0.0515625 0.071875
2 0.65859375 0.4921875 0.04375 0.0484375
2 0.6125 0.43359375 0.05 0.065625
2 0.59296875 0.48515625 0.04375 0.05625
2 0.5484375 0.49609375 0.046875 0.053125
2 0.2484375 0.5203125 0.0515625 0.0703125
2 0.2203125 0.36484375 0.0609375 0.084375