2 0.79453125 0.52578125 0.0703125 0.0796875
2 0.7671875 0.4734375 0.0453125 0.05
2 0.93515625 0.47421875 0.0375 0.046875
2 0.95234375 0.51796875 0.0421875 0.05
2 0.95546875 0.43359375 0.0375 0.053125
2 0.90390625 0.4375 0.0453125 0.046875
2 0.91484375 0.5140625 0.040625 0.053125
2 0.7484375 0.5609375 0.034375 0.04375
2 0.76484375 0.4328125 0.0375 0.0390625
2 0.79140625 0.3671875 0.040625 0.05
2 0.6703125 0.45625 0.0453125 0.059375
2 0.65 0.490625 0.0375 0.053125
2 0.49765625 0.4890625 0.05625 0.0703125
2 0.55 0.49375 0.0359375 0.053125
2 0.434375 0.5953125 0.05 0.059375
2 0.4109375 0.53046875 0.0453125 0.0625
2 0.41484375 0.4671875 0.046875 0.0671875
2 0.38515625 0.4125 0.0453125 0.075
2 0.31484375 0.39921875 0.05 0.075
2 0.296875 0.515625 0.0484375 0.0625
2 0.36484375 0.48671875 0.05 0.065625
2 0.3375 0.578125 0.046875 0.06875
2 0.62578125 0.60859375 0.040625 0.046875
2 0.58359375 0.5421875 0.046875 0.0625
2 0.5609375 0.5890625 0.040625 0.0546875
2 0.515625 0.5921875 0.04375 0.0515625
2 0.21640625 0.56015625 0.046875 0.0671875
2 0.19765625 0.40078125 0.05625 0.0828125