2 0.21484375 0.55 0.071875 0.08125
2 0.2421875 0.603125 0.0453125 0.0515625
2 0.07421875 0.59765625 0.0375 0.0484375
2 0.05625 0.553125 0.0421875 0.0515625
2 0.05390625 0.6375 0.0375 0.053125
2 0.10546875 0.6359375 0.0453125 0.0484375
2 0.09375 0.55859375 0.040625 0.0546875
2 0.26015625 0.51640625 0.034375 0.04375
2 0.24453125 0.64375 0.0375 0.0390625
2 0.21796875 0.709375 0.040625 0.0515625
2 0.3390625 0.6234375 0.0453125 0.0609375
2 0.35859375 0.58984375 0.0375 0.053125
2 0.5109375 0.5953125 0.05625 0.071875
2 0.45859375 0.5890625 0.0359375 0.053125
2 0.5734375 0.49140625 0.05 0.0609375
2 0.59765625 0.55703125 0.0453125 0.0640625
2 0.59375 0.6203125 0.046875 0.06875
2 0.62421875 0.675 0.046875 0.0765625
2 0.69453125 0.690625 0.0515625 0.0765625
2 0.7125 0.575 0.0484375 0.0640625
2 0.64375 0.6015625 0.05 0.0671875
2 0.67109375 0.51171875 0.046875 0.0703125
2 0.38203125 0.47265625 0.040625 0.0484375
2 0.425 0.53984375 0.046875 0.0640625
2 0.44765625 0.49375 0.040625 0.05625
2 0.49296875 0.4921875 0.04375 0.053125
2 0.7921875 0.5328125 0.046875 0.06875
2 0.81171875 0.6921875 0.0578125 0.084375