2 0.21796875 0.5515625 0.071875 0.0828125
2 0.2453125 0.6046875 0.046875 0.0515625
2 0.07734375 0.59765625 0.0390625 0.05
2 0.059375 0.55390625 0.04375 0.0515625
2 0.0578125 0.6375 0.0390625 0.0546875
2 0.109375 0.6359375 0.0453125 0.0484375
2 0.096875 0.559375 0.0421875 0.0546875
2 0.26328125 0.51796875 0.034375 0.04375
2 0.2484375 0.6453125 0.0375 0.040625
2 0.221875 0.71015625 0.0421875 0.0515625
2 0.3421875 0.62578125 0.046875 0.0609375
2 0.36171875 0.59140625 0.0390625 0.0546875
2 0.5140625 0.5984375 0.0578125 0.071875
2 0.46171875 0.5921875 0.0375 0.053125
2 0.5765625 0.4953125 0.0515625 0.0609375
2 0.60078125 0.5609375 0.046875 0.0640625
2 0.59765625 0.6234375 0.0484375 0.06875
2 0.628125 0.67890625 0.046875 0.0765625
2 0.6984375 0.69453125 0.0515625 0.0765625
2 0.71484375 0.57890625 0.05 0.0640625
2 0.646875 0.60546875 0.0515625 0.0671875
2 0.6734375 0.515625 0.0484375 0.0703125
2 0.38515625 0.475 0.040625 0.0484375
2 0.428125 0.5421875 0.0484375 0.0640625
2 0.45 0.49609375 0.0421875 0.05625
2 0.4953125 0.4953125 0.0453125 0.053125
2 0.79453125 0.5375 0.0484375 0.06875
2 0.815625 0.696875 0.0578125 0.084375