2 0.175 0.509375 0.075 0.08125
2 0.19765625 0.55625 0.0484375 0.0515625
2 0.0296875 0.58359375 0.040625 0.0484375
2 0.01875 0.54375 0.0375 0.0515625
2 0.01328125 0.628125 0.0265625 0.053125
2 0.05859375 0.615625 0.0484375 0.0484375
2 0.05234375 0.54140625 0.04375 0.0546875
2 0.2234375 0.46640625 0.0375 0.04375
2 0.19765625 0.596875 0.0390625 0.0390625
2 0.16640625 0.6671875 0.04375 0.0515625
2 0.29453125 0.5578125 0.0484375 0.0609375
2 0.3171875 0.51953125 0.040625 0.053125
2 0.46953125 0.4953125 0.0609375 0.071875
2 0.4171875 0.5 0.0390625 0.053125
2 0.540625 0.37890625 0.053125 0.0609375
2 0.56015625 0.43984375 0.0484375 0.0640625
2 0.5515625 0.503125 0.0515625 0.06875
2 0.578125 0.553125 0.05 0.0765625
2 0.64765625 0.5546875 0.0546875 0.0765625
2 0.67421875 0.434375 0.0515625 0.0640625
2 0.603125 0.475 0.0546875 0.0671875
2 0.63671875 0.37890625 0.0515625 0.0703125
2 0.34921875 0.39765625 0.04375 0.0484375
2 0.3875 0.45703125 0.05 0.0640625
2 0.41328125 0.40625 0.04375 0.05625
2 0.459375 0.3953125 0.046875 0.053125
2 0.7578125 0.3765625 0.0515625 0.06875
2 0.765625 0.5328125 0.0609375 0.084375