2 0.2484375 0.5390625 0.0765625 0.078125
2 0.27890625 0.590625 0.0484375 0.0484375
2 0.11171875 0.59375 0.040625 0.046875
2 0.09140625 0.55078125 0.0453125 0.0484375
2 0.09453125 0.63515625 0.040625 0.0515625
2 0.14609375 0.63046875 0.0484375 0.0453125
2 0.12890625 0.55390625 0.04375 0.0515625
2 0.2921875 0.503125 0.0375 0.0421875
2 0.284375 0.63125 0.040625 0.0375
2 0.2625 0.6984375 0.04375 0.0484375
2 0.3765625 0.60625 0.05 0.0578125
2 0.39453125 0.57109375 0.040625 0.0515625
2 0.54609375 0.56875 0.0609375 0.06875
2 0.49375 0.565625 0.0390625 0.0515625
2 0.6015625 0.46171875 0.0546875 0.0578125
2 0.6296875 0.52578125 0.05 0.0609375
2 0.6296875 0.5890625 0.0515625 0.065625
2 0.6640625 0.64296875 0.05 0.0734375
2 0.734375 0.6546875 0.0546875 0.0734375
2 0.74453125 0.5375 0.053125 0.0609375
2 0.678125 0.56796875 0.0546875 0.0640625
2 0.69921875 0.4765625 0.0515625 0.0671875
2 0.41015625 0.45234375 0.04375 0.0453125
2 0.45703125 0.51796875 0.0515625 0.0609375
2 0.4765625 0.4703125 0.0453125 0.053125
2 0.52109375 0.46640625 0.046875 0.05
2 0.82109375 0.49140625 0.0515625 0.065625
2 0.85078125 0.65 0.0625 0.08125