2 0.7859375 0.44296875 0.071875 0.078125
2 0.76015625 0.39375 0.0453125 0.0484375
2 0.928125 0.3765625 0.0375 0.0453125
2 0.94453125 0.41875 0.0421875 0.0484375
2 0.94921875 0.33359375 0.0375 0.0515625
2 0.896875 0.34296875 0.0453125 0.0453125
2 0.90703125 0.41796875 0.040625 0.0515625
2 0.7390625 0.4828125 0.034375 0.0421875
2 0.7578125 0.353125 0.0375 0.0375
2 0.7859375 0.284375 0.040625 0.0484375
2 0.66328125 0.3859375 0.0453125 0.0578125
2 0.6421875 0.42265625 0.0375 0.0515625
2 0.48984375 0.4375 0.05625 0.0671875
2 0.5421875 0.43671875 0.0359375 0.0515625
2 0.425 0.55 0.05 0.0578125
2 0.40234375 0.4875 0.0453125 0.0609375
2 0.40703125 0.42421875 0.046875 0.065625
2 0.378125 0.37265625 0.046875 0.0734375
2 0.3078125 0.36640625 0.0515625 0.0734375
2 0.28828125 0.48515625 0.0484375 0.0609375
2 0.35703125 0.44921875 0.05 0.0640625
2 0.328125 0.54296875 0.046875 0.0671875
2 0.61640625 0.54296875 0.040625 0.0453125
2 0.575 0.48125 0.046875 0.0609375
2 0.5515625 0.53046875 0.040625 0.053125
2 0.50625 0.53828125 0.04375 0.05
2 0.20703125 0.5375 0.046875 0.065625
2 0.190625 0.38046875 0.0578125 0.0796875