2 0.2515625 0.54296875 0.0765625 0.0796875
2 0.2828125 0.59453125 0.0484375 0.05
2 0.115625 0.5953125 0.040625 0.0484375
2 0.09453125 0.5515625 0.0453125 0.05
2 0.0984375 0.6359375 0.0421875 0.053125
2 0.14921875 0.63203125 0.0484375 0.046875
2 0.13203125 0.55546875 0.0453125 0.053125
2 0.29453125 0.5078125 0.0375 0.0421875
2 0.28828125 0.63515625 0.040625 0.0390625
2 0.26640625 0.7015625 0.04375 0.05
2 0.38046875 0.61171875 0.05 0.059375
2 0.39765625 0.57734375 0.0421875 0.053125
2 0.54921875 0.57734375 0.0609375 0.06875
2 0.496875 0.5734375 0.040625 0.0515625
2 0.60390625 0.471875 0.0546875 0.059375
2 0.6328125 0.53671875 0.05 0.0625
2 0.63359375 0.59921875 0.0515625 0.0671875
2 0.6671875 0.65390625 0.0515625 0.075
2 0.73828125 0.66640625 0.05625 0.075
2 0.74765625 0.55 0.053125 0.0625
2 0.68125 0.57890625 0.0546875 0.065625
2 0.70234375 0.48828125 0.0515625 0.06875
2 0.4125 0.459375 0.04375 0.046875
2 0.46015625 0.525 0.0515625 0.0625
2 0.47890625 0.478125 0.0453125 0.0546875
2 0.5234375 0.475 0.0484375 0.0515625
2 0.82421875 0.50546875 0.0515625 0.0671875
2 0.8546875 0.6640625 0.0625 0.08125