2 0.43046875 0.415625 0.021875 0.025
2 0.4171875 0.4578125 0.01875 0.021875
2 0.37109375 0.43671875 0.015625 0.015625
2 0.39609375 0.48671875 0.015625 0.0171875
2 0.41796875 0.490625 0.0125 0.015625
2 0.43984375 0.6 0.015625 0.0171875
2 0.3921875 0.53125 0.0125 0.0171875
2 0.3671875 0.48046875 0.015625 0.0171875
2 0.42265625 0.51953125 0.015625 0.0171875
2 0.41171875 0.59375 0.0125 0.0109375
2 0.3734375 0.5625 0.01875 0.0171875
2 0.35078125 0.5828125 0.01875 0.0171875
2 0.3859375 0.61171875 0.0171875 0.015625
2 0.44375 0.61796875 0.015625 0.0125
2 0.36953125 0.63515625 0.015625 0.0140625
2 0.42265625 0.6546875 0.015625 0.0140625
2 0.4296875 0.48125 0.015625 0.0171875