2 0.41484375 0.36484375 0.021875 0.021875
2 0.40078125 0.40859375 0.01875 0.0203125
2 0.3546875 0.39296875 0.015625 0.0140625
2 0.378125 0.43984375 0.015625 0.015625
2 0.4 0.44140625 0.0125 0.0140625
2 0.4171875 0.5484375 0.015625 0.015625
2 0.371875 0.48515625 0.0125 0.015625
2 0.34921875 0.4375 0.015625 0.015625
2 0.403125 0.46953125 0.015625 0.015625
2 0.3890625 0.5453125 0.0125 0.009375
2 0.35234375 0.51875 0.01875 0.015625
2 0.32890625 0.5421875 0.01875 0.015625
2 0.3625 0.5671875 0.0171875 0.0140625
2 0.4203125 0.56640625 0.015625 0.0109375
2 0.3453125 0.5921875 0.015625 0.0125
2 0.39765625 0.60546875 0.015625 0.0125
2 0.4125 0.43046875 0.015625 0.015625