2 0.46875 0.628125 0.0234375 0.021875
2 0.45078125 0.584375 0.0203125 0.0203125
2 0.40625 0.60078125 0.0171875 0.0140625
2 0.42578125 0.553125 0.0171875 0.015625
2 0.44765625 0.5515625 0.0140625 0.0140625
2 0.45703125 0.44453125 0.0171875 0.015625
2 0.41640625 0.5078125 0.0140625 0.015625
2 0.396875 0.55625 0.0171875 0.015625
2 0.44921875 0.5234375 0.0171875 0.015625
2 0.42890625 0.44765625 0.0125 0.009375
2 0.39453125 0.475 0.0203125 0.015625
2 0.36875 0.45234375 0.0203125 0.015625
2 0.40078125 0.4265625 0.01875 0.0140625
2 0.45859375 0.4265625 0.0171875 0.0109375
2 0.38125 0.4015625 0.0171875 0.0125
2 0.43359375 0.3875 0.0171875 0.0125
2 0.4609375 0.5625 0.0171875 0.015625