2 0.61328125 0.41328125 0.0234375 0.021875
2 0.5703125 0.4 0.0203125 0.01875
2 0.58828125 0.35390625 0.0140625 0.015625
2 0.53984375 0.37734375 0.015625 0.015625
2 0.5375 0.39921875 0.0140625 0.0125
2 0.4296875 0.41796875 0.015625 0.015625
2 0.49453125 0.371875 0.015625 0.0125
2 0.54453125 0.3484375 0.015625 0.015625
2 0.509375 0.403125 0.015625 0.015625
2 0.434375 0.38984375 0.009375 0.0125
2 0.4625 0.35234375 0.015625 0.01875
2 0.440625 0.3296875 0.015625 0.01875
2 0.4140625 0.36328125 0.0140625 0.0171875
2 0.41171875 0.42109375 0.0109375 0.015625
2 0.38984375 0.34609375 0.0125 0.015625
2 0.3734375 0.39921875 0.0125 0.015625
2 0.54765625 0.41171875 0.015625 0.015625