2 0.47265625 0.66484375 0.0234375 0.0234375
2 0.4546875 0.61953125 0.0203125 0.021875
2 0.41015625 0.63203125 0.0171875 0.015625
2 0.42890625 0.58671875 0.0171875 0.0171875
2 0.45078125 0.58671875 0.0140625 0.015625
2 0.459375 0.48125 0.0171875 0.0171875
2 0.41953125 0.540625 0.0140625 0.0171875
2 0.40078125 0.5875 0.0171875 0.0171875
2 0.45234375 0.55859375 0.0171875 0.0171875
2 0.43125 0.48203125 0.0140625 0.0109375
2 0.396875 0.50625 0.0203125 0.0171875
2 0.371875 0.48125 0.0203125 0.0171875
2 0.403125 0.45859375 0.01875 0.015625
2 0.4609375 0.46328125 0.0171875 0.0125
2 0.38359375 0.43203125 0.0171875 0.0140625
2 0.4359375 0.42265625 0.0171875 0.0140625
2 0.4640625 0.5984375 0.0171875 0.0171875