2 0.4609375 0.58203125 0.0234375 0.025
2 0.44453125 0.53984375 0.0203125 0.021875
2 0.39921875 0.56171875 0.0171875 0.015625
2 0.41953125 0.5109375 0.0171875 0.0171875
2 0.44140625 0.50703125 0.0140625 0.015625
2 0.4515625 0.39765625 0.0171875 0.0171875
2 0.4109375 0.46640625 0.0140625 0.0171875
2 0.390625 0.5171875 0.0171875 0.0171875
2 0.44296875 0.478125 0.0171875 0.0171875
2 0.4234375 0.40390625 0.0125 0.0109375
2 0.3890625 0.4359375 0.0203125 0.0171875
2 0.3640625 0.41484375 0.0203125 0.0171875
2 0.3953125 0.3859375 0.01875 0.015625
2 0.453125 0.3796875 0.015625 0.0125
2 0.3765625 0.36328125 0.0171875 0.0140625
2 0.42890625 0.34296875 0.0171875 0.0140625
2 0.4546875 0.51640625 0.0171875 0.0171875