2 0.434375 0.40390625 0.0234375 0.0234375
2 0.42265625 0.44609375 0.0203125 0.021875
2 0.37578125 0.42578125 0.015625 0.015625
2 0.4015625 0.47578125 0.015625 0.0171875
2 0.4234375 0.47890625 0.0125 0.015625
2 0.44609375 0.5875 0.015625 0.0171875
2 0.39765625 0.5203125 0.0125 0.0171875
2 0.371875 0.4703125 0.015625 0.0171875
2 0.428125 0.50703125 0.015625 0.0171875
2 0.41796875 0.58203125 0.0125 0.0109375
2 0.3796875 0.5515625 0.01875 0.0171875
2 0.3578125 0.5734375 0.01875 0.0171875
2 0.3921875 0.60078125 0.0171875 0.015625
2 0.45 0.60546875 0.015625 0.0125
2 0.3765625 0.62421875 0.015625 0.0140625
2 0.4296875 0.64296875 0.015625 0.0140625
2 0.43515625 0.46875 0.015625 0.0171875