2 0.428125 0.40078125 0.021875 0.0234375
2 0.41484375 0.44375 0.01875 0.021875
2 0.36875 0.42421875 0.015625 0.015625
2 0.39375 0.4734375 0.015625 0.0171875
2 0.415625 0.4765625 0.0125 0.015625
2 0.43671875 0.58515625 0.015625 0.0171875
2 0.3890625 0.51796875 0.0125 0.0171875
2 0.3640625 0.46796875 0.015625 0.0171875
2 0.4203125 0.5046875 0.015625 0.0171875
2 0.4078125 0.5796875 0.0125 0.0109375
2 0.3703125 0.54921875 0.01875 0.0171875
2 0.34765625 0.57109375 0.01875 0.0171875
2 0.38203125 0.5984375 0.0171875 0.015625
2 0.43984375 0.603125 0.015625 0.0125
2 0.365625 0.62265625 0.015625 0.0140625
2 0.41953125 0.640625 0.015625 0.0140625
2 0.42734375 0.46640625 0.015625 0.0171875