2 0.4578125 0.6109375 0.0234375 0.0234375
2 0.440625 0.56796875 0.0203125 0.021875
2 0.3953125 0.58671875 0.0171875 0.0140625
2 0.41640625 0.5375 0.0171875 0.015625
2 0.4375 0.53515625 0.0140625 0.0140625
2 0.44921875 0.42734375 0.0171875 0.015625
2 0.4078125 0.49296875 0.0140625 0.015625
2 0.3875 0.5421875 0.0171875 0.015625
2 0.43984375 0.50703125 0.0171875 0.015625
2 0.42109375 0.43203125 0.0125 0.009375
2 0.3859375 0.4609375 0.0203125 0.0171875
2 0.3609375 0.43828125 0.0203125 0.0171875
2 0.39296875 0.41171875 0.01875 0.015625
2 0.45078125 0.409375 0.015625 0.0109375
2 0.37421875 0.3875 0.0171875 0.0125
2 0.4265625 0.37109375 0.0171875 0.0125
2 0.45078125 0.5453125 0.0171875 0.015625