2 0.40859375 0.42109375 0.021875 0.025
2 0.39375 0.4625 0.01875 0.021875
2 0.34765625 0.440625 0.015625 0.015625
2 0.3703125 0.49140625 0.015625 0.0171875
2 0.3921875 0.4953125 0.0125 0.015625
2 0.4078125 0.6046875 0.015625 0.0171875
2 0.36328125 0.5359375 0.0125 0.0171875
2 0.34140625 0.484375 0.015625 0.0171875
2 0.3953125 0.52421875 0.015625 0.0171875
2 0.3796875 0.5984375 0.0125 0.0109375
2 0.34296875 0.56640625 0.01875 0.0171875
2 0.31953125 0.58671875 0.01875 0.0171875
2 0.35234375 0.615625 0.0171875 0.015625
2 0.41015625 0.6234375 0.015625 0.0125
2 0.334375 0.6390625 0.015625 0.0140625
2 0.3875 0.659375 0.015625 0.0140625
2 0.4046875 0.4859375 0.015625 0.0171875