2 0.41328125 0.64765625 0.021875 0.0234375
2 0.4 0.603125 0.01875 0.0203125
2 0.35390625 0.61796875 0.015625 0.0140625
2 0.37734375 0.57109375 0.015625 0.015625
2 0.39921875 0.5703125 0.0125 0.0140625
2 0.41796875 0.4640625 0.015625 0.015625
2 0.371875 0.52578125 0.0125 0.015625
2 0.3484375 0.57265625 0.015625 0.015625
2 0.403125 0.5421875 0.015625 0.015625
2 0.38984375 0.465625 0.0125 0.009375
2 0.35234375 0.4921875 0.01875 0.015625
2 0.3296875 0.4671875 0.01875 0.015625
2 0.36328125 0.44375 0.0171875 0.0140625
2 0.42109375 0.44609375 0.015625 0.0109375
2 0.34609375 0.41796875 0.015625 0.0125
2 0.39921875 0.40625 0.015625 0.0125
2 0.41171875 0.58203125 0.015625 0.015625