2 0.41953125 0.35 0.021875 0.0234375
2 0.40546875 0.39453125 0.01875 0.021875
2 0.359375 0.38046875 0.015625 0.0140625
2 0.3828125 0.4265625 0.015625 0.015625
2 0.4046875 0.42734375 0.0125 0.0140625
2 0.4234375 0.53359375 0.015625 0.015625
2 0.378125 0.47265625 0.0125 0.015625
2 0.35390625 0.425 0.015625 0.015625
2 0.409375 0.45546875 0.015625 0.015625
2 0.3953125 0.53203125 0.0125 0.009375
2 0.35859375 0.50625 0.01875 0.0171875
2 0.33515625 0.53046875 0.01875 0.0171875
2 0.36875 0.55390625 0.0171875 0.015625
2 0.4265625 0.5515625 0.015625 0.0109375
2 0.3515625 0.5796875 0.015625 0.0125
2 0.40546875 0.59140625 0.015625 0.0125
2 0.4171875 0.415625 0.015625 0.015625