2 0.39140625 0.584375 0.0234375 0.025
2 0.37890625 0.5421875 0.0203125 0.021875
2 0.3328125 0.56328125 0.015625 0.015625
2 0.3578125 0.51328125 0.015625 0.0171875
2 0.3796875 0.509375 0.0125 0.015625
2 0.40234375 0.4 0.015625 0.0171875
2 0.35390625 0.46875 0.0125 0.0171875
2 0.32890625 0.51953125 0.015625 0.0171875
2 0.38515625 0.48046875 0.015625 0.0171875
2 0.37421875 0.40625 0.0125 0.0109375
2 0.3359375 0.4375 0.01875 0.0171875
2 0.31328125 0.4171875 0.01875 0.0171875
2 0.3484375 0.38828125 0.0171875 0.015625
2 0.40625 0.38203125 0.015625 0.0125
2 0.33203125 0.36484375 0.015625 0.0140625
2 0.3859375 0.3453125 0.015625 0.0140625
2 0.3921875 0.51875 0.015625 0.0171875