2 0.59921875 0.3765625 0.0234375 0.0234375
2 0.55625 0.365625 0.021875 0.0203125
2 0.57578125 0.31875 0.015625 0.0171875
2 0.5265625 0.34453125 0.0171875 0.0171875
2 0.5234375 0.3671875 0.015625 0.0140625
2 0.41484375 0.39140625 0.0171875 0.0171875
2 0.48203125 0.3421875 0.0171875 0.0140625
2 0.53203125 0.315625 0.0171875 0.0171875
2 0.4953125 0.37265625 0.0171875 0.0171875
2 0.4203125 0.36328125 0.0109375 0.0125
2 0.45078125 0.325 0.0171875 0.0203125
2 0.42890625 0.303125 0.0171875 0.0203125
2 0.4015625 0.33828125 0.015625 0.01875
2 0.396875 0.39609375 0.0125 0.015625
2 0.37734375 0.32265625 0.0140625 0.0171875
2 0.359375 0.3765625 0.0140625 0.0171875
2 0.53359375 0.37890625 0.0171875 0.0171875