2 0.43515625 0.62578125 0.021875 0.021875
2 0.4203125 0.58203125 0.01875 0.0203125
2 0.37421875 0.59921875 0.015625 0.0140625
2 0.396875 0.55078125 0.015625 0.015625
2 0.41875 0.54921875 0.0125 0.0140625
2 0.43359375 0.4421875 0.015625 0.015625
2 0.38984375 0.50546875 0.0125 0.015625
2 0.36796875 0.5546875 0.015625 0.015625
2 0.421875 0.52109375 0.015625 0.015625
2 0.40546875 0.4453125 0.0125 0.009375
2 0.36953125 0.4734375 0.01875 0.015625
2 0.3453125 0.45 0.01875 0.015625
2 0.378125 0.425 0.0171875 0.0140625
2 0.4359375 0.42421875 0.015625 0.0109375
2 0.36015625 0.4 0.015625 0.0125
2 0.41328125 0.38515625 0.015625 0.0125
2 0.43125 0.56015625 0.015625 0.015625