2 0.440625 0.3671875 0.0234375 0.021875
2 0.4296875 0.4109375 0.0203125 0.0203125
2 0.3828125 0.39453125 0.0171875 0.0140625
2 0.40859375 0.4421875 0.0171875 0.015625
2 0.43125 0.44375 0.0140625 0.0140625
2 0.45546875 0.55078125 0.0171875 0.015625
2 0.40625 0.4875 0.0140625 0.015625
2 0.3796875 0.4390625 0.0171875 0.015625
2 0.43671875 0.471875 0.0171875 0.015625
2 0.42734375 0.54765625 0.0125 0.009375
2 0.3890625 0.5203125 0.0203125 0.015625
2 0.3671875 0.54453125 0.0203125 0.015625
2 0.40234375 0.56875 0.01875 0.0140625
2 0.46015625 0.56875 0.015625 0.0109375
2 0.38671875 0.59375 0.0171875 0.0125
2 0.440625 0.6078125 0.0171875 0.0125
2 0.44296875 0.4328125 0.0171875 0.015625