2 0.40625 0.615625 0.021875 0.021875
2 0.39296875 0.57265625 0.01875 0.0203125
2 0.346875 0.590625 0.015625 0.0140625
2 0.37109375 0.5421875 0.015625 0.015625
2 0.39296875 0.53984375 0.0125 0.0140625
2 0.4125 0.43203125 0.015625 0.015625
2 0.36640625 0.496875 0.0125 0.015625
2 0.3421875 0.54609375 0.015625 0.015625
2 0.396875 0.51171875 0.015625 0.015625
2 0.384375 0.4359375 0.0125 0.009375
2 0.346875 0.46484375 0.01875 0.015625
2 0.32421875 0.4421875 0.01875 0.015625
2 0.3578125 0.41640625 0.0171875 0.0140625
2 0.415625 0.4140625 0.015625 0.0109375
2 0.34140625 0.39140625 0.015625 0.0125
2 0.39453125 0.37578125 0.015625 0.0125
2 0.4046875 0.55 0.015625 0.015625