2 0.45390625 0.58671875 0.0234375 0.0234375
2 0.4375 0.54453125 0.0203125 0.021875
2 0.3921875 0.565625 0.0171875 0.015625
2 0.4125 0.515625 0.0171875 0.0171875
2 0.434375 0.51171875 0.0140625 0.015625
2 0.44609375 0.40234375 0.0171875 0.0171875
2 0.4046875 0.47109375 0.0140625 0.0171875
2 0.384375 0.521875 0.0171875 0.0171875
2 0.43671875 0.4828125 0.0171875 0.0171875
2 0.41875 0.40859375 0.0125 0.0109375
2 0.38359375 0.43984375 0.0203125 0.0171875
2 0.35859375 0.41875 0.0203125 0.0171875
2 0.390625 0.390625 0.01875 0.015625
2 0.4484375 0.384375 0.015625 0.0125
2 0.371875 0.3671875 0.015625 0.0140625
2 0.42421875 0.34765625 0.015625 0.0140625
2 0.44765625 0.52109375 0.0171875 0.0171875