2 0.6015625 0.47578125 0.0234375 0.0234375
2 0.55859375 0.4578125 0.021875 0.0203125
2 0.578125 0.41328125 0.015625 0.0171875
2 0.52890625 0.43203125 0.0171875 0.0171875
2 0.52578125 0.45390625 0.015625 0.0140625
2 0.4171875 0.46171875 0.0171875 0.0171875
2 0.48359375 0.42265625 0.0171875 0.0140625
2 0.534375 0.40390625 0.0171875 0.0171875
2 0.49765625 0.45546875 0.0171875 0.0171875
2 0.42265625 0.434375 0.0109375 0.0140625
2 0.45234375 0.4 0.0171875 0.0203125
2 0.43046875 0.37421875 0.0171875 0.0203125
2 0.403125 0.40546875 0.015625 0.01875
2 0.39921875 0.46328125 0.0125 0.0171875
2 0.3796875 0.3859375 0.0140625 0.0171875
2 0.36171875 0.43828125 0.0140625 0.0171875
2 0.5359375 0.4671875 0.0171875 0.0171875