2 0.40859375 0.4109375 0.021875 0.0234375
2 0.39375 0.453125 0.01875 0.021875
2 0.34765625 0.43203125 0.015625 0.015625
2 0.3703125 0.48203125 0.015625 0.0171875
2 0.3921875 0.4859375 0.0125 0.015625
2 0.4078125 0.59453125 0.015625 0.0171875
2 0.36328125 0.52734375 0.0125 0.0171875
2 0.34140625 0.4765625 0.015625 0.0171875
2 0.3953125 0.51484375 0.015625 0.0171875
2 0.3796875 0.5890625 0.0125 0.0109375
2 0.34296875 0.5578125 0.01875 0.0171875
2 0.31953125 0.57890625 0.01875 0.0171875
2 0.35234375 0.60703125 0.0171875 0.015625
2 0.41015625 0.61328125 0.015625 0.0125
2 0.334375 0.63046875 0.015625 0.0140625
2 0.3875 0.65 0.015625 0.0140625
2 0.4046875 0.4765625 0.015625 0.0171875