2 0.353125 0.6546875 0.03125 0.0296875
2 0.3765625 0.67109375 0.025 0.025
2 0.38828125 0.57109375 0.0265625 0.025
2 0.40234375 0.51484375 0.0203125 0.021875
2 0.4140625 0.490625 0.0234375 0.028125
2 0.465625 0.46015625 0.0234375 0.021875
2 0.38984375 0.3890625 0.034375 0.03125
2 0.49921875 0.3015625 0.0265625 0.021875
2 0.42578125 0.25625 0.028125 0.0296875
2 0.6671875 0.509375 0.0234375 0.01875
2 0.634375 0.58828125 0.025 0.021875
2 0.609375 0.61171875 0.03125 0.03125
2 0.61328125 0.56875 0.0234375 0.01875
2 0.59453125 0.59140625 0.0265625 0.025
2 0.52265625 0.60859375 0.0296875 0.028125
2 0.53671875 0.76328125 0.0265625 0.025
2 0.6328125 0.69921875 0.0265625 0.025
2 0.62890625 0.790625 0.0375 0.0328125
2 0.38984375 0.9 0.0375 0.034375
2 0.325 0.746875 0.0234375 0.025
2 0.27734375 0.7296875 0.0265625 0.021875
2 0.228125 0.7203125 0.025 0.034375
2 0.33671875 0.8015625 0.0265625 0.0265625
2 0.35546875 0.6015625 0.01875 0.01875
2 0.38515625 0.590625 0.0234375 0.0203125
2 0.38984375 0.603125 0.01875 0.025
2 0.35078125 0.58671875 0.0296875 0.0265625
2 0.27421875 0.76015625 0.028125 0.01875
2 0.68671875 0.5453125 0.025 0.028125
1 0.7546875 0.65390625 0.0453125 0.059375
1 0.725 0.71171875 0.0390625 0.0375
1 0.69765625 0.746875 0.040625 0.0375
1 0.61796875 0.8234375 0.028125 0.0375
1 0.57734375 0.840625 0.046875 0.0328125