1 0.7421875 0.89765625 0.103125 0.090625
1 0.8546875 0.84296875 0.10625 0.05625
1 0.6625 0.92109375 0.071875 0.0515625
2 0.42890625 0.7109375 0.0484375 0.0375
2 0.50078125 0.7515625 0.0546875 0.046875
2 0.58671875 0.653125 0.0453125 0.0390625
2 0.8 0.68046875 0.0453125 0.04375
2 0.81015625 0.64609375 0.0453125 0.0375
2 0.51484375 0.61484375 0.0421875 0.034375
2 0.5109375 0.65625 0.0453125 0.040625
2 0.55625 0.603125 0.0453125 0.04375
2 0.5921875 0.5828125 0.05 0.0453125
2 0.6390625 0.59765625 0.040625 0.0484375
2 0.946875 0.4765625 0.046875 0.040625
2 0.71171875 0.5328125 0.0515625 0.046875
2 0.6546875 0.503125 0.0515625 0.046875
2 0.6328125 0.43828125 0.0515625 0.0453125
2 0.625 0.40234375 0.0578125 0.0421875
2 0.33515625 0.2921875 0.0640625 0.0375
2 0.01796875 0.3296875 0.0359375 0.05
2 0.19921875 0.12109375 0.053125 0.059375
2 0.4625 0.17109375 0.0296875 0.034375
2 0.4 0.19453125 0.0421875 0.040625
2 0.56640625 0.165625 0.0390625 0.040625
2 0.61015625 0.1484375 0.0375 0.04375
2 0.63046875 0.0984375 0.0421875 0.0421875
2 0.6 0.0859375 0.0328125 0.03125
2 0.77265625 0.15078125 0.06875 0.0515625
2 0.7359375 0.0984375 0.0546875 0.046875
2 0.72109375 0.028125 0.053125 0.0484375
2 0.9328125 0.0546875 0.040625 0.05