1 0.1625 0.80234375 0.096875 0.109375
1 0.225 0.91875 0.0640625 0.109375
1 0.1328125 0.72109375 0.05625 0.075
2 0.32421875 0.50234375 0.040625 0.0515625
2 0.2890625 0.57109375 0.05 0.0578125
2 0.39453125 0.6640625 0.0421875 0.0484375
2 0.3828125 0.875 0.046875 0.0484375
2 0.41796875 0.8875 0.040625 0.0484375
2 0.4265625 0.59453125 0.0375 0.0453125
2 0.38515625 0.58828125 0.04375 0.0484375
2 0.44140625 0.63671875 0.046875 0.0484375
2 0.46484375 0.67421875 0.0484375 0.053125
2 0.453125 0.7203125 0.0515625 0.04375
2 0.5234375 0.796875 0.05 0.0546875
2 0.5484375 0.7421875 0.05 0.0546875
2 0.61171875 0.725 0.0484375 0.0546875
2 0.646875 0.7203125 0.046875 0.0609375
2 0.734375 0.4375 0.0421875 0.0671875
2 0.67265625 0.1109375 0.053125 0.053125
2 0.89453125 0.31328125 0.0625 0.0578125
2 0.86484375 0.5734375 0.0359375 0.0328125
2 0.83671875 0.509375 0.04375 0.0453125
2 0.87734375 0.678125 0.04375 0.0421875
2 0.8984375 0.72265625 0.046875 0.040625
2 0.95 0.74609375 0.0453125 0.0453125
2 0.96015625 0.7171875 0.0328125 0.034375
2 0.90859375 0.88515625 0.05625 0.071875
2 0.9578125 0.8515625 0.05 0.0578125