2 0.6453125 0.46484375 0.03125 0.03125
2 0.6609375 0.49140625 0.0265625 0.025
2 0.5609375 0.48515625 0.0265625 0.0265625
2 0.5046875 0.48984375 0.021875 0.0203125
2 0.48046875 0.4984375 0.028125 0.025
2 0.4484375 0.54453125 0.021875 0.0234375
2 0.37890625 0.45625 0.0328125 0.034375
2 0.28984375 0.55078125 0.0234375 0.0265625
2 0.24609375 0.46953125 0.03125 0.028125
2 0.49296875 0.7546875 0.01875 0.0234375
2 0.571875 0.73515625 0.0234375 0.025
2 0.59609375 0.7140625 0.0328125 0.03125
2 0.553125 0.7109375 0.01875 0.0234375
2 0.5765625 0.69609375 0.0265625 0.0265625
2 0.5953125 0.6265625 0.0296875 0.03125
2 0.74921875 0.66640625 0.0265625 0.0265625
2 0.6828125 0.75234375 0.0265625 0.0265625
2 0.77421875 0.76328125 0.034375 0.0375
2 0.8890625 0.54296875 0.0359375 0.0375
2 0.73828125 0.45234375 0.025 0.0234375
2 0.721875 0.4015625 0.0234375 0.0265625
2 0.71328125 0.35078125 0.034375 0.025
2 0.7921875 0.47265625 0.028125 0.0265625
2 0.5921875 0.4578125 0.01875 0.01875
2 0.58046875 0.4859375 0.0203125 0.0234375
2 0.59296875 0.49296875 0.025 0.01875
2 0.57734375 0.45078125 0.028125 0.0296875
2 0.75234375 0.40390625 0.0203125 0.028125
2 0.528125 0.78046875 0.0296875 0.0265625