2 0.453125 0.6140625 0.0296875 0.0328125
2 0.47890625 0.628125 0.025 0.028125
2 0.47578125 0.52734375 0.0265625 0.028125
2 0.48125 0.47109375 0.0203125 0.0234375
2 0.4890625 0.4453125 0.0234375 0.03125
2 0.53671875 0.41015625 0.0234375 0.025
2 0.44921875 0.346875 0.0328125 0.034375
2 0.54609375 0.25 0.0265625 0.025
2 0.46484375 0.2125 0.0265625 0.0328125
2 0.7453125 0.4390625 0.0234375 0.021875
2 0.72421875 0.5203125 0.025 0.025
2 0.703125 0.54609375 0.0296875 0.034375
2 0.70078125 0.503125 0.0234375 0.021875
2 0.6859375 0.528125 0.0265625 0.028125
2 0.615625 0.55234375 0.0296875 0.03125
2 0.653125 0.70390625 0.0265625 0.028125
2 0.73984375 0.63046875 0.0265625 0.028125
2 0.74921875 0.72109375 0.0359375 0.0359375
2 0.52734375 0.85390625 0.0375 0.0375
2 0.4390625 0.70859375 0.0234375 0.028125
2 0.3890625 0.69609375 0.0265625 0.025
2 0.33828125 0.69140625 0.025 0.0375
2 0.45859375 0.76171875 0.0265625 0.0296875
2 0.446875 0.56171875 0.01875 0.0203125
2 0.475 0.546875 0.0234375 0.0234375
2 0.48203125 0.56015625 0.01875 0.0265625
2 0.440625 0.546875 0.0296875 0.0296875
2 0.38984375 0.7265625 0.028125 0.021875
2 0.77109375 0.47265625 0.025 0.03125