2 0.596875 0.63828125 0.028125 0.03125
2 0.571875 0.65625 0.0234375 0.0265625
2 0.56796875 0.55625 0.025 0.0265625
2 0.55859375 0.50078125 0.01875 0.021875
2 0.5484375 0.47734375 0.021875 0.028125
2 0.4984375 0.44921875 0.021875 0.021875
2 0.58046875 0.3734375 0.03125 0.0328125
2 0.47734375 0.29140625 0.025 0.0234375
2 0.5546875 0.2421875 0.025 0.03125
2 0.29375 0.5078125 0.021875 0.01875
2 0.3203125 0.58515625 0.0234375 0.0234375
2 0.34375 0.6078125 0.028125 0.0328125
2 0.34296875 0.56484375 0.021875 0.01875
2 0.359375 0.58671875 0.025 0.0265625
2 0.43125 0.60078125 0.028125 0.0296875
2 0.40546875 0.75625 0.025 0.0265625
2 0.31328125 0.69609375 0.025 0.0265625
2 0.3109375 0.7875 0.034375 0.034375
2 0.54140625 0.88671875 0.034375 0.0359375
2 0.61796875 0.73046875 0.021875 0.025
2 0.66640625 0.71015625 0.025 0.0234375
2 0.71640625 0.6984375 0.021875 0.034375
2 0.60234375 0.78515625 0.025 0.028125
2 0.59921875 0.58515625 0.0171875 0.01875
2 0.56953125 0.57578125 0.021875 0.0203125
2 0.5640625 0.5890625 0.0171875 0.025
2 0.60390625 0.5703125 0.028125 0.028125
2 0.66796875 0.740625 0.0265625 0.0203125
2 0.27109375 0.54453125 0.0234375 0.0296875