2 0.25859375 0.48515625 0.040625 0.05
2 0.2140625 0.55625 0.05 0.0546875
2 0.30703125 0.64375 0.0421875 0.046875
2 0.265625 0.85625 0.046875 0.046875
2 0.29921875 0.86640625 0.040625 0.046875
2 0.35 0.571875 0.0375 0.0421875
2 0.30859375 0.5671875 0.04375 0.046875
2 0.35859375 0.61328125 0.046875 0.046875
2 0.37734375 0.65 0.0484375 0.05
2 0.359375 0.69609375 0.0515625 0.040625
2 0.4609375 0.990625 0.04375 0.01875
2 0.4203125 0.76953125 0.05 0.0515625
2 0.453125 0.7125 0.05 0.0515625
2 0.51953125 0.69140625 0.0484375 0.0515625
2 0.55625 0.684375 0.046875 0.059375
2 0.6859375 0.3953125 0.0421875 0.065625
2 0.66796875 0.071875 0.053125 0.05
2 0.86640625 0.26171875 0.0625 0.053125
2 0.79921875 0.52421875 0.0359375 0.0296875
2 0.77890625 0.46171875 0.04375 0.04375
2 0.79765625 0.62890625 0.04375 0.040625
2 0.8125 0.67265625 0.046875 0.0390625
2 0.8609375 0.69296875 0.0453125 0.04375
2 0.87578125 0.66328125 0.0328125 0.0328125
2 0.79921875 0.83515625 0.05625 0.06875
2 0.8546875 0.7984375 0.05 0.0546875
2 0.925 0.78515625 0.0515625 0.053125
2 0.88515625 0.9875 0.053125 0.025