1 0.21875 0.08984375 0.1046875 0.0984375
1 0.11328125 0.15390625 0.1078125 0.0640625
1 0.29453125 0.059375 0.071875 0.0578125
2 0.55390625 0.24765625 0.05 0.040625
2 0.478125 0.2140625 0.0546875 0.0515625
2 0.403125 0.31953125 0.046875 0.0421875
2 0.1875 0.3109375 0.046875 0.046875
2 0.18125 0.34609375 0.046875 0.040625
2 0.48046875 0.3515625 0.04375 0.0375
2 0.47890625 0.309375 0.046875 0.04375
2 0.440625 0.36640625 0.046875 0.046875
2 0.40703125 0.390625 0.05 0.0484375
2 0.3578125 0.3796875 0.040625 0.0515625
2 0.06484375 0.5265625 0.0484375 0.04375
2 0.29375 0.45078125 0.0515625 0.0515625
2 0.3546875 0.475 0.0515625 0.0515625
2 0.384375 0.5375 0.0515625 0.05
2 0.39609375 0.57265625 0.059375 0.046875
2 0.7 0.65703125 0.065625 0.0421875
2 0.99609375 0.59140625 0.0078125 0.053125
2 0.85625 0.815625 0.0546875 0.0640625
2 0.58671875 0.7890625 0.03125 0.0359375
2 0.64609375 0.759375 0.04375 0.04375
2 0.48359375 0.803125 0.040625 0.04375
2 0.4421875 0.82421875 0.0390625 0.046875
2 0.428125 0.87578125 0.04375 0.0453125
2 0.459375 0.8859375 0.0328125 0.034375
2 0.27890625 0.8359375 0.06875 0.05625
2 0.32265625 0.88515625 0.0546875 0.0515625
2 0.3453125 0.953125 0.053125 0.053125
2 0.13125 0.9453125 0.040625 0.053125