2 0.43359375 0.74140625 0.0484375 0.040625
2 0.5046875 0.7859375 0.053125 0.05
2 0.590625 0.69296875 0.0453125 0.0421875
2 0.80390625 0.734375 0.0453125 0.046875
2 0.8140625 0.70078125 0.0453125 0.040625
2 0.51875 0.65 0.0421875 0.0375
2 0.51484375 0.69140625 0.0453125 0.04375
2 0.559375 0.64140625 0.0453125 0.046875
2 0.5953125 0.62265625 0.0484375 0.0484375
2 0.64296875 0.640625 0.0390625 0.0515625
2 0.95 0.5390625 0.046875 0.04375
2 0.71484375 0.5796875 0.05 0.05
2 0.65703125 0.546875 0.05 0.05
2 0.63515625 0.48046875 0.05 0.0484375
2 0.62734375 0.44375 0.0578125 0.046875
2 0.33671875 0.3140625 0.0640625 0.0421875
2 0.01875 0.33203125 0.0375 0.053125
2 0.2 0.13359375 0.053125 0.0625
2 0.46328125 0.20078125 0.0296875 0.0359375
2 0.4015625 0.22109375 0.0421875 0.04375
2 0.5671875 0.20234375 0.0390625 0.04375
2 0.6109375 0.1875 0.0375 0.046875
2 0.63046875 0.1390625 0.0421875 0.0453125
2 0.60078125 0.12421875 0.0328125 0.0328125
2 0.7734375 0.20078125 0.06875 0.05625
2 0.7359375 0.1453125 0.053125 0.05
2 0.721875 0.075 0.0515625 0.0515625
2 0.9328125 0.11484375 0.0390625 0.053125