2 0.65234375 0.39921875 0.0296875 0.028125
2 0.66796875 0.42421875 0.025 0.0234375
2 0.56796875 0.428125 0.025 0.025
2 0.5125 0.43828125 0.021875 0.01875
2 0.48828125 0.44921875 0.028125 0.021875
2 0.4578125 0.4984375 0.021875 0.021875
2 0.38671875 0.4171875 0.03125 0.03125
2 0.2984375 0.5203125 0.021875 0.025
2 0.25390625 0.44375 0.0296875 0.025
2 0.50546875 0.703125 0.01875 0.021875
2 0.584375 0.67578125 0.021875 0.0234375
2 0.6078125 0.653125 0.03125 0.028125
2 0.56484375 0.653125 0.01875 0.021875
2 0.58828125 0.63671875 0.025 0.025
2 0.60546875 0.565625 0.028125 0.028125
2 0.76015625 0.590625 0.025 0.025
2 0.6953125 0.68203125 0.025 0.025
2 0.7859375 0.684375 0.0328125 0.034375
2 0.89765625 0.45390625 0.034375 0.034375
2 0.74453125 0.378125 0.025 0.021875
2 0.72734375 0.32890625 0.021875 0.025
2 0.71875 0.27890625 0.034375 0.021875
2 0.79921875 0.39296875 0.0265625 0.025
2 0.59921875 0.39765625 0.01875 0.0171875
2 0.5875 0.4265625 0.0203125 0.021875
2 0.60078125 0.4328125 0.025 0.0171875
2 0.584375 0.3921875 0.0265625 0.028125
2 0.7578125 0.328125 0.01875 0.0265625
2 0.54140625 0.72578125 0.028125 0.0234375