2 0.4375 0.70859375 0.0484375 0.0375
2 0.509375 0.7484375 0.053125 0.046875
2 0.59453125 0.64921875 0.0453125 0.0390625
2 0.8078125 0.67578125 0.0453125 0.04375
2 0.81796875 0.64140625 0.0453125 0.0375
2 0.521875 0.61171875 0.0421875 0.034375
2 0.51875 0.653125 0.0453125 0.040625
2 0.56328125 0.6 0.0453125 0.04375
2 0.59921875 0.57890625 0.0484375 0.0453125
2 0.64609375 0.59375 0.0390625 0.0484375
2 0.95234375 0.47109375 0.046875 0.040625
2 0.7171875 0.528125 0.05 0.046875
2 0.66015625 0.49921875 0.05 0.046875
2 0.6375 0.434375 0.05 0.0453125
2 0.6296875 0.3984375 0.0578125 0.0421875
2 0.33828125 0.28984375 0.0640625 0.0375
2 0.0203125 0.3296875 0.040625 0.05
2 0.20078125 0.11953125 0.053125 0.059375
2 0.4640625 0.16796875 0.0296875 0.034375
2 0.40234375 0.1921875 0.0421875 0.040625
2 0.56875 0.1625 0.0390625 0.040625
2 0.61171875 0.14453125 0.0375 0.04375
2 0.63125 0.09453125 0.0421875 0.0421875
2 0.6015625 0.08203125 0.0328125 0.03125
2 0.77421875 0.14609375 0.0671875 0.0515625
2 0.73671875 0.09375 0.053125 0.046875
2 0.721875 0.02421875 0.0515625 0.0484375
2 0.9328125 0.04921875 0.0390625 0.05