1 0.0515625 0.78671875 0.096875 0.1
1 0.1 0.89453125 0.0640625 0.1046875
1 0.0328125 0.709375 0.05625 0.0703125
2 0.25859375 0.459375 0.040625 0.0484375
2 0.2140625 0.534375 0.05 0.053125
2 0.30703125 0.61328125 0.0421875 0.0453125
2 0.265625 0.82734375 0.046875 0.0453125
2 0.29921875 0.83515625 0.040625 0.0453125
2 0.35 0.5375 0.0375 0.0421875
2 0.30859375 0.5375 0.04375 0.0453125
2 0.35859375 0.578125 0.046875 0.0453125
2 0.37734375 0.6125 0.0484375 0.0484375
2 0.359375 0.6609375 0.0515625 0.0390625
2 0.4609375 0.959375 0.04375 0.046875
2 0.4203125 0.728125 0.05 0.05
2 0.453125 0.66875 0.05 0.05
2 0.51953125 0.6421875 0.0484375 0.05
2 0.55625 0.63203125 0.046875 0.0578125
2 0.6859375 0.33359375 0.0421875 0.0640625
2 0.66796875 0.01875 0.053125 0.0375
2 0.86640625 0.18515625 0.0625 0.0515625
2 0.79921875 0.4515625 0.0359375 0.0296875
2 0.77890625 0.39140625 0.04375 0.0421875
2 0.79765625 0.55546875 0.04375 0.0390625
2 0.8125 0.5984375 0.046875 0.0375
2 0.8609375 0.6140625 0.0453125 0.0421875
2 0.87578125 0.58359375 0.0328125 0.03125
2 0.79921875 0.7609375 0.05625 0.0671875
2 0.8546875 0.71953125 0.05 0.053125
2 0.925 0.7 0.0515625 0.0515625
2 0.88515625 0.91328125 0.053125 0.040625