2 0.4109375 0.68515625 0.028125 0.03125
2 0.4359375 0.703125 0.0234375 0.0265625
2 0.43828125 0.60390625 0.025 0.0265625
2 0.44765625 0.5484375 0.01875 0.0234375
2 0.4578125 0.525 0.021875 0.0296875
2 0.50625 0.4984375 0.021875 0.0234375
2 0.42421875 0.42109375 0.03125 0.0328125
2 0.52578125 0.34140625 0.025 0.0234375
2 0.4484375 0.290625 0.025 0.03125
2 0.7125 0.56328125 0.021875 0.0203125
2 0.6859375 0.63984375 0.0234375 0.0234375
2 0.6640625 0.66171875 0.028125 0.0328125
2 0.66328125 0.61875 0.021875 0.0203125
2 0.646875 0.640625 0.025 0.0265625
2 0.5765625 0.65234375 0.028125 0.0296875
2 0.60390625 0.80859375 0.025 0.0265625
2 0.69453125 0.7515625 0.025 0.0265625
2 0.6984375 0.84296875 0.034375 0.034375
2 0.46953125 0.93515625 0.034375 0.0359375
2 0.39140625 0.7765625 0.021875 0.0265625
2 0.34140625 0.75546875 0.025 0.0234375
2 0.29140625 0.7421875 0.021875 0.0359375
2 0.40703125 0.83203125 0.025 0.028125
2 0.40859375 0.63203125 0.0171875 0.0203125
2 0.43671875 0.6234375 0.021875 0.021875
2 0.44375 0.63671875 0.0171875 0.0265625
2 0.40234375 0.6171875 0.028125 0.028125
2 0.34140625 0.7859375 0.0265625 0.0203125
2 0.73515625 0.60078125 0.0234375 0.0296875