2 0.58515625 0.65234375 0.028125 0.0296875
2 0.56015625 0.66953125 0.0234375 0.025
2 0.5578125 0.56953125 0.025 0.025
2 0.54921875 0.5140625 0.01875 0.021875
2 0.53984375 0.48984375 0.021875 0.028125
2 0.490625 0.4609375 0.021875 0.021875
2 0.5734375 0.38671875 0.03125 0.03125
2 0.471875 0.30234375 0.025 0.021875
2 0.55 0.25546875 0.025 0.0296875
2 0.284375 0.51484375 0.021875 0.01875
2 0.31015625 0.5921875 0.0234375 0.021875
2 0.3328125 0.615625 0.028125 0.03125
2 0.3328125 0.57265625 0.021875 0.01875
2 0.34921875 0.5953125 0.025 0.025
2 0.4203125 0.6109375 0.028125 0.028125
2 0.3921875 0.765625 0.025 0.025
2 0.30078125 0.703125 0.025 0.025
2 0.296875 0.79453125 0.034375 0.0328125
2 0.52578125 0.89921875 0.034375 0.034375
2 0.6046875 0.74453125 0.021875 0.025
2 0.65390625 0.72578125 0.025 0.021875
2 0.70390625 0.71484375 0.021875 0.034375
2 0.58828125 0.79921875 0.025 0.0265625
2 0.58828125 0.59921875 0.0171875 0.01875
2 0.559375 0.5890625 0.021875 0.0203125
2 0.553125 0.60234375 0.0171875 0.025
2 0.59375 0.584375 0.028125 0.0265625
2 0.6546875 0.75625 0.0265625 0.01875
2 0.26171875 0.55078125 0.0234375 0.028125
1 0.18359375 0.6609375 0.040625 0.059375
1 0.2078125 0.71875 0.0359375 0.0375
1 0.23203125 0.75234375 0.0375 0.0375
1 0.3046875 0.82734375 0.025 0.0375
1 0.34296875 0.84453125 0.04375 0.0328125