2 0.615625 0.71796875 0.0296875 0.0328125
2 0.59140625 0.73203125 0.025 0.0265625
2 0.58515625 0.63203125 0.0265625 0.028125
2 0.5734375 0.57578125 0.01875 0.0234375
2 0.5625 0.55 0.0234375 0.0296875
2 0.5125 0.515625 0.021875 0.0234375
2 0.5921875 0.45078125 0.0328125 0.034375
2 0.48671875 0.3546875 0.025 0.025
2 0.5625 0.31640625 0.0265625 0.0328125
2 0.30859375 0.546875 0.021875 0.0203125
2 0.33828125 0.62734375 0.0234375 0.0234375
2 0.36171875 0.653125 0.0296875 0.034375
2 0.36015625 0.61015625 0.021875 0.0203125
2 0.37734375 0.634375 0.0265625 0.028125
2 0.44921875 0.6578125 0.0296875 0.03125
2 0.42734375 0.81015625 0.0265625 0.028125
2 0.334375 0.7375 0.0265625 0.028125
2 0.334375 0.82890625 0.0359375 0.0359375
2 0.5671875 0.95859375 0.0359375 0.0375
2 0.63984375 0.8125 0.0234375 0.0265625
2 0.68828125 0.79921875 0.025 0.025
2 0.7375 0.79375 0.0234375 0.0359375
2 0.62578125 0.865625 0.0265625 0.0296875
2 0.61640625 0.665625 0.0171875 0.0203125
2 0.5875 0.6515625 0.021875 0.021875
2 0.58125 0.6640625 0.01875 0.0265625
2 0.62109375 0.65078125 0.0296875 0.0296875
2 0.68984375 0.8296875 0.0265625 0.021875
2 0.2875 0.58046875 0.025 0.0296875