2 0.45 0.70625 0.0484375 0.0375
2 0.52265625 0.7453125 0.053125 0.046875
2 0.60625 0.6453125 0.0453125 0.0390625
2 0.81953125 0.67109375 0.0453125 0.04375
2 0.82890625 0.63671875 0.0453125 0.0375
2 0.5328125 0.60859375 0.0421875 0.034375
2 0.53046875 0.65 0.0453125 0.040625
2 0.5734375 0.596875 0.0453125 0.04375
2 0.609375 0.575 0.0484375 0.0453125
2 0.65625 0.58984375 0.0390625 0.0484375
2 0.9609375 0.465625 0.046875 0.040625
2 0.7265625 0.5234375 0.05 0.046875
2 0.66875 0.4953125 0.05 0.046875
2 0.6453125 0.43046875 0.05 0.0453125
2 0.63671875 0.39453125 0.0578125 0.0421875
2 0.34296875 0.2875 0.0640625 0.0375
2 0.02265625 0.3296875 0.0453125 0.05
2 0.20234375 0.11796875 0.0515625 0.059375
2 0.4671875 0.16484375 0.0296875 0.034375
2 0.40546875 0.18984375 0.0421875 0.040625
2 0.57109375 0.159375 0.0390625 0.040625
2 0.61484375 0.140625 0.0375 0.04375
2 0.6328125 0.090625 0.0421875 0.0421875
2 0.603125 0.078125 0.03125 0.03125
2 0.77734375 0.14140625 0.0671875 0.0515625
2 0.73828125 0.0890625 0.053125 0.046875
2 0.721875 0.021875 0.0515625 0.04375
2 0.934375 0.04375 0.0390625 0.05