2 0.45390625 0.66484375 0.046875 0.0421875
2 0.5265625 0.69765625 0.053125 0.0515625
2 0.609375 0.59140625 0.04375 0.04375
2 0.8234375 0.59765625 0.04375 0.0484375
2 0.8328125 0.5625 0.04375 0.0421875
2 0.5359375 0.5609375 0.040625 0.0375
2 0.53359375 0.60234375 0.04375 0.0453125
2 0.57734375 0.5453125 0.04375 0.0484375
2 0.6125 0.52109375 0.0484375 0.05
2 0.66015625 0.53125 0.0390625 0.0515625
2 0.96328125 0.38046875 0.0453125 0.0453125
2 0.7296875 0.459375 0.05 0.0515625
2 0.671875 0.4359375 0.05 0.0515625
2 0.64765625 0.3734375 0.05 0.05
2 0.6390625 0.33828125 0.05625 0.046875
2 0.3453125 0.25703125 0.0625 0.04375
2 0.0234375 0.32734375 0.046875 0.0546875
2 0.203125 0.1 0.0515625 0.0640625
2 0.46796875 0.12421875 0.028125 0.0375
2 0.40703125 0.15390625 0.040625 0.04375
2 0.571875 0.10859375 0.0375 0.04375
2 0.615625 0.08671875 0.0359375 0.046875
2 0.63359375 0.03515625 0.040625 0.0453125
2 0.603125 0.02578125 0.03125 0.034375
2 0.778125 0.0734375 0.0671875 0.0578125
2 0.7390625 0.025 0.053125 0.05