2 0.3078125 0.4390625 0.0390625 0.05
2 0.2703125 0.51640625 0.0484375 0.05625
2 0.37265625 0.58828125 0.040625 0.046875
2 0.353125 0.8046875 0.0453125 0.0484375
2 0.38828125 0.81015625 0.0390625 0.046875
2 0.40703125 0.5109375 0.0359375 0.04375
2 0.365625 0.51328125 0.0421875 0.046875
2 0.4203125 0.55 0.0453125 0.0484375
2 0.44296875 0.58359375 0.046875 0.0515625
2 0.4296875 0.63203125 0.05 0.0421875
2 0.5625 0.92265625 0.0421875 0.0484375
2 0.49765625 0.6953125 0.0484375 0.053125
2 0.52421875 0.63359375 0.0484375 0.053125
2 0.58828125 0.60234375 0.046875 0.053125
2 0.62421875 0.58984375 0.04375 0.0609375
2 0.72265625 0.28359375 0.0390625 0.065625
2 0.8875 0.1234375 0.0609375 0.05625
2 0.8484375 0.39375 0.0359375 0.03125
2 0.821875 0.334375 0.0421875 0.04375
2 0.8578125 0.496875 0.0421875 0.040625
2 0.87734375 0.53828125 0.0453125 0.040625
2 0.92734375 0.55078125 0.04375 0.0453125
2 0.9390625 0.51875 0.0328125 0.034375
2 0.88125 0.70078125 0.053125 0.0703125
2 0.93203125 0.65625 0.0484375 0.05625
2 0.98828125 0.63125 0.0234375 0.0546875
2 0.97890625 0.84609375 0.0421875 0.04375