2 0.61953125 0.59375 0.0296875 0.0328125
2 0.5953125 0.6125 0.025 0.028125
2 0.58828125 0.51328125 0.0265625 0.028125
2 0.5765625 0.45859375 0.0203125 0.0234375
2 0.565625 0.4359375 0.0234375 0.03125
2 0.51484375 0.41171875 0.0234375 0.025
2 0.59453125 0.3296875 0.0328125 0.034375
2 0.48828125 0.2546875 0.0265625 0.025
2 0.5640625 0.2 0.0265625 0.0328125
2 0.31171875 0.4859375 0.021875 0.021875
2 0.34140625 0.5609375 0.025 0.025
2 0.36484375 0.58203125 0.0296875 0.034375
2 0.36328125 0.5390625 0.021875 0.021875
2 0.38046875 0.559375 0.0265625 0.028125
2 0.45234375 0.56796875 0.0296875 0.03125
2 0.43203125 0.72578125 0.0265625 0.028125
2 0.33828125 0.67265625 0.0265625 0.028125
2 0.3390625 0.7640625 0.0359375 0.0359375
2 0.57265625 0.84609375 0.0359375 0.0375
2 0.64375 0.68359375 0.0234375 0.028125
2 0.6921875 0.66015625 0.0265625 0.025
2 0.7421875 0.64453125 0.0234375 0.0375
2 0.63046875 0.73984375 0.0265625 0.0296875
2 0.6203125 0.53984375 0.0171875 0.0203125
2 0.590625 0.5328125 0.0234375 0.0234375
2 0.58515625 0.54609375 0.01875 0.0265625
2 0.625 0.525 0.0296875 0.0296875
2 0.69453125 0.690625 0.0265625 0.021875
2 0.290625 0.52421875 0.025 0.03125
1 0.21875 0.6421875 0.04375 0.0640625
1 0.24609375 0.696875 0.0375 0.0421875
1 0.27109375 0.72890625 0.0390625 0.0421875
1 0.34765625 0.79609375 0.0265625 0.040625
1 0.3875 0.809375 0.0453125 0.0375