2 0.51171875 0.67578125 0.05 0.040625
2 0.5875 0.7109375 0.0546875 0.05
2 0.6625 0.60546875 0.046875 0.0421875
2 0.878125 0.6171875 0.046875 0.046875
2 0.88515625 0.58203125 0.046875 0.040625
2 0.5859375 0.5734375 0.0421875 0.0375
2 0.5875 0.61484375 0.046875 0.04375
2 0.62578125 0.55859375 0.046875 0.046875
2 0.659375 0.53515625 0.05 0.0484375
2 0.70859375 0.546875 0.040625 0.0515625
2 0.9890625 0.403125 0.021875 0.04375
2 0.77265625 0.4765625 0.0515625 0.05
2 0.7125 0.4515625 0.0515625 0.05
2 0.68359375 0.38828125 0.0515625 0.0484375
2 0.671875 0.353125 0.059375 0.046875
2 0.36875 0.265625 0.065625 0.0421875
2 0.05 0.32734375 0.05 0.053125
2 0.21328125 0.10546875 0.053125 0.0625
2 0.48203125 0.13515625 0.0296875 0.0359375
2 0.42265625 0.16328125 0.04375 0.04375
2 0.58515625 0.12265625 0.040625 0.04375
2 0.62734375 0.1015625 0.0390625 0.046875
2 0.64140625 0.05 0.04375 0.0453125
2 0.61015625 0.03984375 0.0328125 0.0328125
2 0.78984375 0.09140625 0.06875 0.05625
2 0.746875 0.0421875 0.0546875 0.05
2 0.93828125 0.0046875 0.040625 0.009375