2 0.39921875 0.63828125 0.028125 0.03125
2 0.42421875 0.653125 0.0234375 0.0265625
2 0.428125 0.553125 0.025 0.0265625
2 0.43828125 0.496875 0.01875 0.0234375
2 0.44921875 0.471875 0.021875 0.0296875
2 0.4984375 0.43984375 0.021875 0.0234375
2 0.4171875 0.371875 0.03125 0.0328125
2 0.5203125 0.28046875 0.025 0.0234375
2 0.44375 0.23828125 0.025 0.03125
2 0.703125 0.48046875 0.021875 0.0203125
2 0.67578125 0.56015625 0.0234375 0.0234375
2 0.653125 0.58515625 0.028125 0.0328125
2 0.653125 0.5421875 0.021875 0.0203125
2 0.63671875 0.565625 0.025 0.0265625
2 0.565625 0.5859375 0.028125 0.0296875
2 0.590625 0.7390625 0.025 0.0265625
2 0.68203125 0.67109375 0.025 0.0265625
2 0.684375 0.76171875 0.034375 0.034375
2 0.45390625 0.88125 0.034375 0.0359375
2 0.378125 0.73125 0.021875 0.0265625
2 0.32890625 0.715625 0.025 0.0234375
2 0.27890625 0.70859375 0.021875 0.0359375
2 0.39296875 0.78515625 0.025 0.028125
2 0.39765625 0.58515625 0.0171875 0.0203125
2 0.4265625 0.57265625 0.021875 0.021875
2 0.4328125 0.58515625 0.0171875 0.0265625
2 0.3921875 0.5703125 0.028125 0.028125
2 0.328125 0.74609375 0.0265625 0.0203125
2 0.72578125 0.515625 0.0234375 0.0296875