2 0.67109375 0.453125 0.03125 0.0296875
2 0.68828125 0.47890625 0.025 0.025
2 0.58828125 0.47578125 0.025 0.0265625
2 0.53359375 0.48125 0.021875 0.0203125
2 0.509375 0.4890625 0.028125 0.0234375
2 0.48125 0.53671875 0.021875 0.0234375
2 0.40625 0.44921875 0.0328125 0.0328125
2 0.3234375 0.54609375 0.021875 0.0265625
2 0.275 0.46484375 0.0296875 0.0265625
2 0.53828125 0.7453125 0.01875 0.0234375
2 0.615625 0.72421875 0.021875 0.025
2 0.6390625 0.703125 0.0328125 0.0296875
2 0.59609375 0.70078125 0.01875 0.0234375
2 0.61796875 0.6859375 0.025 0.0265625
2 0.63203125 0.615625 0.0296875 0.0296875
2 0.7875 0.653125 0.025 0.0265625
2 0.72734375 0.73984375 0.025 0.0265625
2 0.81875 0.74921875 0.034375 0.0359375
2 0.91875 0.52734375 0.0359375 0.0375
2 0.7625 0.4390625 0.025 0.0234375
2 0.74375 0.3890625 0.021875 0.0265625
2 0.73203125 0.33828125 0.034375 0.025
2 0.81796875 0.45859375 0.0265625 0.0265625
2 0.61796875 0.446875 0.01875 0.01875
2 0.6078125 0.475 0.0203125 0.0234375
2 0.62109375 0.48203125 0.025 0.01875
2 0.603125 0.440625 0.028125 0.0296875
2 0.77421875 0.38984375 0.01875 0.028125
2 0.575 0.77109375 0.028125 0.025
1 0.68671875 0.8546875 0.0609375 0.0453125
1 0.74375 0.834375 0.0390625 0.0390625
1 0.77734375 0.8125 0.0390625 0.040625
1 0.8515625 0.74375 0.0375 0.028125
1 0.8671875 0.70625 0.034375 0.0453125