2 0.66640625 0.35703125 0.0296875 0.0296875
2 0.68359375 0.38046875 0.025 0.025
2 0.58359375 0.39140625 0.025 0.0265625
2 0.528125 0.40546875 0.021875 0.0203125
2 0.50390625 0.4171875 0.028125 0.0234375
2 0.475 0.46875 0.021875 0.0234375
2 0.40078125 0.3921875 0.03125 0.034375
2 0.3171875 0.50078125 0.021875 0.0265625
2 0.26953125 0.42734375 0.0296875 0.0265625
2 0.53046875 0.6703125 0.01875 0.0234375
2 0.6078125 0.6375 0.021875 0.025
2 0.63125 0.61328125 0.03125 0.03125
2 0.58828125 0.61640625 0.01875 0.0234375
2 0.61015625 0.5984375 0.025 0.0265625
2 0.62578125 0.52578125 0.028125 0.0296875
2 0.78046875 0.540625 0.025 0.0265625
2 0.71875 0.63671875 0.025 0.0265625
2 0.8109375 0.63359375 0.0328125 0.0375
2 0.91328125 0.3953125 0.034375 0.0375
2 0.75859375 0.3296875 0.025 0.0234375
2 0.73984375 0.28203125 0.021875 0.0265625
2 0.728125 0.2328125 0.034375 0.025
2 0.81328125 0.34140625 0.0265625 0.0265625
2 0.61328125 0.35859375 0.01875 0.01875
2 0.603125 0.38828125 0.0203125 0.0234375
2 0.61640625 0.39375 0.025 0.01875
2 0.5984375 0.3546875 0.0265625 0.0296875
2 0.7703125 0.27890625 0.01875 0.028125
2 0.56640625 0.68984375 0.028125 0.025