1 0.73203125 0.81953125 0.1046875 0.1
1 0.84453125 0.75390625 0.10625 0.065625
1 0.65234375 0.85078125 0.071875 0.0578125
2 0.42109375 0.66484375 0.05 0.0421875
2 0.4921875 0.69765625 0.0546875 0.0515625
2 0.5796875 0.59140625 0.046875 0.04375
2 0.7921875 0.59765625 0.046875 0.0484375
2 0.80234375 0.5625 0.046875 0.0421875
2 0.5078125 0.5609375 0.0421875 0.0375
2 0.503125 0.60234375 0.046875 0.0453125
2 0.54921875 0.5453125 0.046875 0.0484375
2 0.5859375 0.52109375 0.05 0.05
2 0.63203125 0.53125 0.040625 0.0515625
2 0.94140625 0.38046875 0.0484375 0.0453125
2 0.70546875 0.459375 0.0515625 0.0515625
2 0.6484375 0.4359375 0.0515625 0.0515625
2 0.62734375 0.3734375 0.0515625 0.05
2 0.6203125 0.33828125 0.059375 0.046875
2 0.33125 0.25703125 0.065625 0.04375
2 0.01640625 0.32734375 0.0328125 0.0546875
2 0.19765625 0.1 0.053125 0.0640625
2 0.46015625 0.12421875 0.0296875 0.0375
2 0.39765625 0.15390625 0.04375 0.04375
2 0.56484375 0.10859375 0.040625 0.04375
2 0.60859375 0.08671875 0.0390625 0.046875
2 0.62890625 0.03515625 0.04375 0.0453125
2 0.59921875 0.02578125 0.0328125 0.034375
2 0.77109375 0.0734375 0.06875 0.0578125
2 0.734375 0.025 0.0546875 0.05