2 0.69296875 0.403125 0.03125 0.028125
2 0.7109375 0.428125 0.0265625 0.0234375
2 0.6109375 0.43203125 0.0265625 0.025
2 0.55625 0.44140625 0.0234375 0.01875
2 0.53359375 0.4515625 0.0296875 0.021875
2 0.5078125 0.5015625 0.0234375 0.021875
2 0.428125 0.41953125 0.034375 0.03125
2 0.35078125 0.52265625 0.0234375 0.025
2 0.2984375 0.4453125 0.03125 0.025
2 0.57578125 0.70625 0.0203125 0.021875
2 0.6515625 0.6796875 0.0234375 0.0234375
2 0.6734375 0.65625 0.0328125 0.028125
2 0.63046875 0.65703125 0.0203125 0.021875
2 0.6515625 0.640625 0.0265625 0.025
2 0.6625 0.56875 0.0296875 0.028125
2 0.81953125 0.59453125 0.0265625 0.025
2 0.76328125 0.68671875 0.0265625 0.025
2 0.8546875 0.6890625 0.0359375 0.034375
2 0.94296875 0.45859375 0.0375 0.034375
2 0.7828125 0.38203125 0.0265625 0.021875
2 0.7609375 0.33359375 0.0234375 0.025
2 0.746875 0.28359375 0.0359375 0.021875
2 0.8390625 0.39765625 0.028125 0.025
2 0.6390625 0.40078125 0.0203125 0.0171875
2 0.63046875 0.43046875 0.021875 0.021875
2 0.64453125 0.4359375 0.0265625 0.0171875
2 0.62421875 0.39609375 0.028125 0.028125
2 0.79140625 0.33203125 0.0203125 0.0265625
2 0.61328125 0.72890625 0.0296875 0.0234375
1 0.72890625 0.8046875 0.0625 0.040625
1 0.78515625 0.7796875 0.040625 0.0359375
1 0.8171875 0.7546875 0.040625 0.0375
1 0.8875 0.68125 0.0390625 0.025
1 0.9015625 0.6421875 0.0359375 0.04375