2 0.278125 0.475 0.0390625 0.0484375
2 0.2359375 0.546875 0.0484375 0.053125
2 0.3328125 0.63125 0.040625 0.0453125
2 0.3 0.84453125 0.0453125 0.0453125
2 0.334375 0.85390625 0.0390625 0.0453125
2 0.37265625 0.5578125 0.0359375 0.0421875
2 0.33125 0.55546875 0.0421875 0.0453125
2 0.3828125 0.59921875 0.0453125 0.0453125
2 0.403125 0.63515625 0.046875 0.0484375
2 0.38671875 0.68203125 0.05 0.0390625
2 0.50078125 0.98203125 0.0421875 0.0359375
2 0.45 0.753125 0.0484375 0.05
2 0.48125 0.6953125 0.0484375 0.05
2 0.546875 0.671875 0.046875 0.05
2 0.5828125 0.66328125 0.04375 0.0578125
2 0.7 0.3703125 0.0390625 0.0640625
2 0.66953125 0.0484375 0.0515625 0.0484375
2 0.87421875 0.23125 0.0609375 0.0515625
2 0.81796875 0.4953125 0.0359375 0.0296875
2 0.79609375 0.43359375 0.0421875 0.0421875
2 0.82109375 0.59921875 0.0421875 0.0390625
2 0.8375 0.64296875 0.0453125 0.0375
2 0.88671875 0.66171875 0.04375 0.0421875
2 0.9 0.63125 0.0328125 0.0328125
2 0.83125 0.80546875 0.053125 0.0671875
2 0.884375 0.7671875 0.0484375 0.053125
2 0.9546875 0.75078125 0.05 0.0515625
2 0.9234375 0.9625 0.0515625 0.040625