2 0.453125 0.6640625 0.0296875 0.0296875
2 0.47890625 0.68046875 0.025 0.025
2 0.47578125 0.58046875 0.0265625 0.025
2 0.48125 0.52578125 0.0203125 0.021875
2 0.4890625 0.5015625 0.0234375 0.028125
2 0.53671875 0.47265625 0.0234375 0.021875
2 0.44921875 0.3984375 0.0328125 0.03125
2 0.54609375 0.3140625 0.0265625 0.021875
2 0.46484375 0.2671875 0.0265625 0.0296875
2 0.7453125 0.5265625 0.0234375 0.01875
2 0.72421875 0.60390625 0.025 0.021875
2 0.703125 0.62734375 0.0296875 0.03125
2 0.70078125 0.584375 0.0234375 0.01875
2 0.6859375 0.60703125 0.0265625 0.025
2 0.615625 0.62265625 0.0296875 0.028125
2 0.653125 0.77734375 0.0265625 0.025
2 0.73984375 0.71484375 0.0265625 0.025
2 0.74921875 0.80625 0.0359375 0.0328125
2 0.52734375 0.9109375 0.0375 0.034375
2 0.4390625 0.75625 0.0234375 0.025
2 0.3890625 0.7375 0.0265625 0.021875
2 0.33828125 0.7265625 0.025 0.034375
2 0.45859375 0.8109375 0.0265625 0.0265625
2 0.446875 0.6109375 0.01875 0.01875
2 0.475 0.6 0.0234375 0.0203125
2 0.48203125 0.6140625 0.01875 0.025
2 0.440625 0.59609375 0.0296875 0.0265625
2 0.38984375 0.76796875 0.028125 0.01875
2 0.77109375 0.5625 0.025 0.028125