2 0.63359375 0.4296875 0.03125 0.0296875
2 0.6484375 0.45546875 0.0265625 0.025
2 0.54765625 0.45546875 0.0265625 0.0265625
2 0.4921875 0.4625 0.0234375 0.01875
2 0.4671875 0.471875 0.0296875 0.0234375
2 0.434375 0.5203125 0.0234375 0.021875
2 0.36640625 0.4359375 0.0328125 0.0328125
2 0.27421875 0.53515625 0.0234375 0.025
2 0.2328125 0.45625 0.03125 0.0265625
2 0.47265625 0.72734375 0.0203125 0.021875
2 0.55234375 0.70390625 0.0234375 0.0234375
2 0.57734375 0.68203125 0.0328125 0.0296875
2 0.534375 0.68046875 0.0203125 0.021875
2 0.5578125 0.66484375 0.0265625 0.0265625
2 0.57890625 0.59453125 0.0296875 0.0296875
2 0.73203125 0.62578125 0.0265625 0.0265625
2 0.6625 0.715625 0.0265625 0.0265625
2 0.75390625 0.721875 0.034375 0.0359375
2 0.87578125 0.4953125 0.0359375 0.0359375
2 0.7265625 0.41328125 0.0265625 0.0234375
2 0.71171875 0.36328125 0.0234375 0.025
2 0.7046875 0.3125 0.0359375 0.0234375
2 0.78046875 0.43046875 0.028125 0.0265625
2 0.58046875 0.42578125 0.0203125 0.0171875
2 0.5671875 0.4546875 0.021875 0.021875
2 0.58046875 0.4609375 0.0265625 0.01875
2 0.565625 0.41953125 0.028125 0.0296875
2 0.7421875 0.36328125 0.0203125 0.0265625
2 0.50703125 0.7515625 0.0296875 0.025