2 0.44140625 0.7328125 0.0484375 0.040625
2 0.5140625 0.7765625 0.053125 0.05
2 0.5984375 0.68203125 0.0453125 0.040625
2 0.81171875 0.71953125 0.0453125 0.0453125
2 0.82109375 0.6859375 0.0453125 0.0390625
2 0.52578125 0.640625 0.0421875 0.0359375
2 0.52265625 0.68203125 0.0453125 0.0421875
2 0.56640625 0.63046875 0.0453125 0.0453125
2 0.60234375 0.61171875 0.0484375 0.0484375
2 0.64921875 0.62890625 0.0390625 0.05
2 0.95546875 0.521875 0.046875 0.04375
2 0.7203125 0.5671875 0.05 0.05
2 0.66328125 0.53515625 0.05 0.05
2 0.640625 0.46875 0.05 0.0484375
2 0.63203125 0.43203125 0.0578125 0.0453125
2 0.33984375 0.3078125 0.0640625 0.040625
2 0.02109375 0.33125 0.0421875 0.053125
2 0.2015625 0.13046875 0.0515625 0.0625
2 0.46484375 0.19296875 0.0296875 0.0359375
2 0.403125 0.2140625 0.0421875 0.0421875
2 0.56953125 0.19296875 0.0390625 0.0421875
2 0.61328125 0.1765625 0.0375 0.0453125
2 0.63203125 0.128125 0.0421875 0.04375
2 0.6015625 0.1140625 0.0328125 0.0328125
2 0.775 0.18671875 0.0671875 0.0546875
2 0.7375 0.1328125 0.053125 0.05
2 0.721875 0.06171875 0.0515625 0.0515625
2 0.93359375 0.0984375 0.0390625 0.0515625