2 0.5203125 0.72734375 0.05 0.0390625
2 0.596875 0.7703125 0.0546875 0.0484375
2 0.6703125 0.67421875 0.046875 0.040625
2 0.88671875 0.71015625 0.046875 0.0453125
2 0.8921875 0.67578125 0.046875 0.0390625
2 0.59296875 0.634375 0.04375 0.0359375
2 0.59453125 0.675 0.046875 0.0421875
2 0.6328125 0.62421875 0.046875 0.0453125
2 0.66640625 0.60390625 0.05 0.046875
2 0.715625 0.62109375 0.040625 0.05
2 0.99140625 0.5109375 0.0171875 0.0421875
2 0.77890625 0.55859375 0.0515625 0.0484375
2 0.71796875 0.5265625 0.0515625 0.0484375
2 0.68828125 0.4609375 0.0515625 0.046875
2 0.6765625 0.425 0.059375 0.04375
2 0.371875 0.30390625 0.065625 0.040625
2 0.05390625 0.33125 0.05 0.0515625
2 0.21484375 0.128125 0.0546875 0.0609375
2 0.48359375 0.1875 0.03125 0.0359375
2 0.425 0.20859375 0.04375 0.0421875
2 0.5875 0.1859375 0.040625 0.0421875
2 0.62890625 0.16953125 0.0390625 0.0453125
2 0.6421875 0.1203125 0.04375 0.04375
2 0.6109375 0.10703125 0.034375 0.0328125
2 0.79140625 0.178125 0.0703125 0.0546875
2 0.74765625 0.12421875 0.0546875 0.0484375
2 0.72421875 0.05390625 0.053125 0.05
2 0.9390625 0.0875 0.040625 0.0515625