2 0.4109375 0.6453125 0.028125 0.03125
2 0.4359375 0.6609375 0.0234375 0.0265625
2 0.43828125 0.5609375 0.025 0.0265625
2 0.44765625 0.5046875 0.01875 0.021875
2 0.4578125 0.48046875 0.021875 0.028125
2 0.50625 0.4484375 0.021875 0.021875
2 0.42421875 0.37890625 0.03125 0.0328125
2 0.52578125 0.28984375 0.025 0.0234375
2 0.4484375 0.24609375 0.025 0.03125
2 0.7125 0.49296875 0.021875 0.01875
2 0.6859375 0.571875 0.0234375 0.0234375
2 0.6640625 0.59609375 0.028125 0.0328125
2 0.66328125 0.553125 0.021875 0.01875
2 0.646875 0.5765625 0.025 0.0265625
2 0.5765625 0.5953125 0.028125 0.0296875
2 0.60390625 0.74921875 0.025 0.0265625
2 0.69453125 0.6828125 0.025 0.0265625
2 0.6984375 0.77421875 0.034375 0.034375
2 0.46953125 0.8890625 0.034375 0.0359375
2 0.39140625 0.73828125 0.021875 0.025
2 0.34140625 0.721875 0.025 0.0234375
2 0.29140625 0.71328125 0.021875 0.034375
2 0.40703125 0.7921875 0.025 0.028125
2 0.40859375 0.5921875 0.0171875 0.01875
2 0.43671875 0.58046875 0.021875 0.0203125
2 0.44375 0.59296875 0.0171875 0.025
2 0.40234375 0.57734375 0.028125 0.028125
2 0.34140625 0.75234375 0.0265625 0.0203125
2 0.73515625 0.528125 0.0234375 0.0296875