2 0.38046875 0.61171875 0.0296875 0.0328125
2 0.4046875 0.625 0.025 0.028125
2 0.41171875 0.525 0.0265625 0.028125
2 0.4234375 0.46796875 0.0203125 0.0234375
2 0.434375 0.44296875 0.0234375 0.03125
2 0.48515625 0.4078125 0.0234375 0.025
2 0.40546875 0.34453125 0.0328125 0.034375
2 0.51171875 0.246875 0.0265625 0.025
2 0.4359375 0.209375 0.0265625 0.0328125
2 0.68828125 0.43515625 0.021875 0.021875
2 0.65859375 0.51640625 0.025 0.025
2 0.63515625 0.5421875 0.0296875 0.034375
2 0.63671875 0.49921875 0.021875 0.021875
2 0.61953125 0.52421875 0.0265625 0.028125
2 0.54765625 0.5484375 0.0296875 0.03125
2 0.56796875 0.7 0.0265625 0.028125
2 0.66171875 0.6265625 0.0265625 0.028125
2 0.6609375 0.7171875 0.0359375 0.0375
2 0.42734375 0.8515625 0.0359375 0.0390625
2 0.35625 0.70625 0.0234375 0.028125
2 0.3078125 0.69453125 0.0265625 0.025
2 0.2578125 0.68984375 0.0234375 0.0375
2 0.36953125 0.759375 0.0265625 0.0296875
2 0.3796875 0.55859375 0.0171875 0.0203125
2 0.409375 0.54453125 0.0234375 0.0234375
2 0.41484375 0.55703125 0.01875 0.0265625
2 0.375 0.54453125 0.0296875 0.0296875
2 0.30546875 0.725 0.0265625 0.021875
2 0.709375 0.46796875 0.025 0.03125