1 0.20546875 0.0859375 0.103125 0.1
1 0.09296875 0.15234375 0.10625 0.0671875
1 0.284375 0.05390625 0.071875 0.0578125
2 0.51796875 0.23828125 0.0484375 0.0421875
2 0.446875 0.20625 0.0546875 0.0515625
2 0.36015625 0.31328125 0.0453125 0.04375
2 0.14765625 0.3078125 0.0453125 0.0484375
2 0.1375 0.34296875 0.0453125 0.0421875
2 0.4328125 0.34296875 0.0421875 0.0390625
2 0.43671875 0.3015625 0.0453125 0.0453125
2 0.39140625 0.359375 0.0453125 0.0484375
2 0.35546875 0.38359375 0.05 0.05
2 0.30859375 0.3734375 0.040625 0.0515625
2 0.01171875 0.52578125 0.0234375 0.0453125
2 0.2359375 0.44609375 0.0515625 0.0515625
2 0.29296875 0.46875 0.0515625 0.0515625
2 0.31484375 0.53125 0.0515625 0.05
2 0.32265625 0.56640625 0.0578125 0.0484375
2 0.6125 0.6453125 0.0640625 0.04375
2 0.9359375 0.57421875 0.05 0.0546875
2 0.7484375 0.8015625 0.053125 0.0640625
2 0.48515625 0.7796875 0.0296875 0.0375
2 0.54765625 0.74921875 0.0421875 0.0453125
2 0.38125 0.7953125 0.0390625 0.04375
2 0.3375 0.8171875 0.0375 0.046875
2 0.3171875 0.86953125 0.0421875 0.046875
2 0.346875 0.87890625 0.0328125 0.034375
2 0.175 0.83203125 0.06875 0.0578125
2 0.21171875 0.88046875 0.0546875 0.0515625
2 0.2265625 0.9484375 0.053125 0.053125
2 0.0171875 0.94453125 0.034375 0.053125