2 0.5265625 0.31328125 0.0484375 0.0390625
2 0.4546875 0.2703125 0.053125 0.0484375
2 0.37109375 0.36640625 0.0453125 0.040625
2 0.15703125 0.33125 0.0453125 0.0453125
2 0.14765625 0.36484375 0.0453125 0.0390625
2 0.44375 0.40703125 0.0421875 0.0359375
2 0.446875 0.365625 0.0453125 0.0421875
2 0.403125 0.4171875 0.0453125 0.0453125
2 0.3671875 0.43671875 0.0484375 0.046875
2 0.3203125 0.41953125 0.0390625 0.05
2 0.01953125 0.5296875 0.0390625 0.0421875
2 0.25 0.4828125 0.05 0.0484375
2 0.3078125 0.5140625 0.05 0.0484375
2 0.33125 0.5796875 0.05 0.046875
2 0.33984375 0.615625 0.0578125 0.04375
2 0.63359375 0.73671875 0.0640625 0.040625
2 0.95546875 0.71015625 0.0484375 0.0515625
2 0.77421875 0.9125 0.0515625 0.0609375
2 0.509375 0.85390625 0.0296875 0.0359375
2 0.57109375 0.83203125 0.0421875 0.0421875
2 0.40546875 0.8546875 0.0390625 0.0421875
2 0.3625 0.87109375 0.0375 0.0453125
2 0.34375 0.9203125 0.0421875 0.04375
2 0.37421875 0.934375 0.03125 0.0328125
2 0.2 0.8625 0.0671875 0.0546875
2 0.23828125 0.9171875 0.053125 0.0484375
2 0.2546875 0.98125 0.0515625 0.0375
2 0.04296875 0.953125 0.0390625 0.0515625