2 0.5890625 0.63828125 0.028125 0.03125
2 0.5640625 0.65625 0.0234375 0.0265625
2 0.56171875 0.55625 0.025 0.0265625
2 0.55234375 0.50078125 0.01875 0.021875
2 0.5421875 0.47734375 0.021875 0.028125
2 0.49375 0.44921875 0.021875 0.021875
2 0.57578125 0.3734375 0.03125 0.0328125
2 0.47421875 0.29140625 0.025 0.0234375
2 0.5515625 0.2421875 0.025 0.03125
2 0.2875 0.5078125 0.021875 0.01875
2 0.3140625 0.58515625 0.0234375 0.0234375
2 0.3359375 0.6078125 0.028125 0.0328125
2 0.33671875 0.56484375 0.021875 0.01875
2 0.353125 0.58671875 0.025 0.0265625
2 0.4234375 0.60078125 0.028125 0.0296875
2 0.39609375 0.75625 0.025 0.0265625
2 0.30546875 0.69609375 0.025 0.0265625
2 0.3015625 0.7875 0.034375 0.034375
2 0.53046875 0.88671875 0.034375 0.0359375
2 0.60859375 0.73046875 0.021875 0.025
2 0.65859375 0.71015625 0.025 0.0234375
2 0.70859375 0.6984375 0.021875 0.034375
2 0.59296875 0.78515625 0.025 0.028125
2 0.59140625 0.58515625 0.0171875 0.01875
2 0.56328125 0.57578125 0.021875 0.0203125
2 0.55625 0.5890625 0.0171875 0.025
2 0.59765625 0.5703125 0.028125 0.028125
2 0.65859375 0.740625 0.0265625 0.0203125
2 0.26484375 0.54453125 0.0234375 0.0296875