2 0.53046875 0.36015625 0.046875 0.04375
2 0.45703125 0.3109375 0.0515625 0.053125
2 0.375 0.39921875 0.04375 0.0453125
2 0.1609375 0.3453125 0.04375 0.05
2 0.15234375 0.37890625 0.04375 0.04375
2 0.4484375 0.446875 0.040625 0.0390625
2 0.45078125 0.40546875 0.04375 0.046875
2 0.4078125 0.453125 0.04375 0.05
2 0.37265625 0.46953125 0.046875 0.0515625
2 0.325 0.4484375 0.0375 0.053125
2 0.02265625 0.5328125 0.0453125 0.046875
2 0.25546875 0.50546875 0.0484375 0.053125
2 0.3140625 0.5421875 0.0484375 0.053125
2 0.33828125 0.61015625 0.0484375 0.0515625
2 0.346875 0.646875 0.05625 0.05
2 0.64140625 0.79375 0.0625 0.0453125
2 0.96328125 0.7953125 0.046875 0.05625
2 0.784375 0.975 0.05 0.05
2 0.51953125 0.9 0.028125 0.0375
2 0.58046875 0.88359375 0.040625 0.0453125
2 0.415625 0.8921875 0.0375 0.0453125
2 0.371875 0.9046875 0.0359375 0.0484375
2 0.3546875 0.95234375 0.040625 0.046875
2 0.384375 0.96875 0.03125 0.0359375
2 0.209375 0.88203125 0.065625 0.059375
2 0.24921875 0.93984375 0.0515625 0.053125
2 0.265625 0.9921875 0.05 0.015625
2 0.05390625 0.959375 0.0375 0.0546875