1 0.215625 0.121875 0.103125 0.096875
1 0.109375 0.16953125 0.10625 0.0640625
1 0.29296875 0.103125 0.071875 0.05625
2 0.546875 0.32890625 0.0484375 0.040625
2 0.471875 0.28359375 0.053125 0.05
2 0.3953125 0.37734375 0.0453125 0.0421875
2 0.1796875 0.3359375 0.0453125 0.046875
2 0.17265625 0.36953125 0.0453125 0.040625
2 0.47109375 0.4203125 0.0421875 0.0375
2 0.47109375 0.37890625 0.0453125 0.04375
2 0.43125 0.42890625 0.0453125 0.046875
2 0.396875 0.44765625 0.0484375 0.0484375
2 0.3484375 0.4296875 0.0390625 0.0515625
2 0.053125 0.53125 0.046875 0.04375
2 0.2828125 0.48984375 0.05 0.05
2 0.34296875 0.5234375 0.05 0.05
2 0.37109375 0.58984375 0.05 0.0484375
2 0.38203125 0.6265625 0.0578125 0.046875
2 0.6828125 0.75546875 0.0640625 0.0421875
2 0.9890625 0.73828125 0.021875 0.053125
2 0.83515625 0.9359375 0.053125 0.0625
2 0.56796875 0.86875 0.0296875 0.0359375
2 0.62734375 0.84921875 0.0421875 0.04375
2 0.4640625 0.8671875 0.0390625 0.04375
2 0.421875 0.88203125 0.0375 0.046875
2 0.40703125 0.93125 0.0421875 0.0453125
2 0.43828125 0.9453125 0.0328125 0.0328125
2 0.259375 0.86953125 0.06875 0.05625
2 0.3015625 0.92421875 0.053125 0.05
2 0.32265625 0.984375 0.0515625 0.03125
2 0.109375 0.95546875 0.0390625 0.053125