1 0.084375 0.80078125 0.09375 0.1078125
1 0.13671875 0.91640625 0.059375 0.109375
1 0.0625 0.7203125 0.053125 0.075
2 0.278125 0.4984375 0.0390625 0.0515625
2 0.2359375 0.56796875 0.0484375 0.05625
2 0.3328125 0.66015625 0.040625 0.0484375
2 0.3 0.87109375 0.0453125 0.0484375
2 0.334375 0.88359375 0.0390625 0.0484375
2 0.37265625 0.58984375 0.0359375 0.04375
2 0.33125 0.58359375 0.0421875 0.0484375
2 0.3828125 0.63203125 0.0453125 0.0484375
2 0.403125 0.66953125 0.046875 0.0515625
2 0.38671875 0.715625 0.05 0.0421875
2 0.45 0.79140625 0.0484375 0.053125
2 0.48125 0.7359375 0.0484375 0.053125
2 0.546875 0.71796875 0.046875 0.053125
2 0.5828125 0.7125 0.04375 0.0609375
2 0.7 0.42890625 0.0390625 0.0671875
2 0.66953125 0.103125 0.0515625 0.053125
2 0.87421875 0.303125 0.0609375 0.05625
2 0.81796875 0.56328125 0.0359375 0.03125
2 0.79609375 0.5 0.0421875 0.0453125
2 0.82109375 0.66796875 0.0421875 0.0421875
2 0.8375 0.71328125 0.0453125 0.040625
2 0.88671875 0.7359375 0.04375 0.0453125
2 0.9 0.70625 0.0328125 0.034375
2 0.83125 0.875 0.053125 0.071875
2 0.884375 0.84140625 0.0484375 0.05625
2 0.9546875 0.83125 0.05 0.0546875