2 0.5203125 0.6953125 0.05 0.0390625
2 0.596875 0.7328125 0.0546875 0.0484375
2 0.6703125 0.63125 0.046875 0.040625
2 0.88671875 0.6515625 0.046875 0.0453125
2 0.8921875 0.6171875 0.046875 0.0390625
2 0.59296875 0.59609375 0.04375 0.0359375
2 0.59453125 0.6375 0.046875 0.0421875
2 0.6328125 0.5828125 0.046875 0.0453125
2 0.66640625 0.5609375 0.05 0.046875
2 0.715625 0.57421875 0.040625 0.05
2 0.99140625 0.44296875 0.0171875 0.0421875
2 0.77890625 0.50625 0.0515625 0.0484375
2 0.71796875 0.4796875 0.0515625 0.0484375
2 0.68828125 0.415625 0.0515625 0.046875
2 0.6765625 0.3796875 0.059375 0.04375
2 0.371875 0.2796875 0.065625 0.0390625
2 0.05390625 0.32890625 0.05 0.0515625
2 0.21484375 0.11328125 0.0546875 0.0609375
2 0.48359375 0.15390625 0.03125 0.0359375
2 0.425 0.18046875 0.04375 0.0421875
2 0.5875 0.14609375 0.040625 0.0421875
2 0.62890625 0.1265625 0.0390625 0.0453125
2 0.6421875 0.07578125 0.04375 0.04375
2 0.6109375 0.0640625 0.034375 0.0328125
2 0.79140625 0.1234375 0.0703125 0.053125
2 0.74765625 0.071875 0.0546875 0.0484375
2 0.72421875 0.0140625 0.053125 0.028125
2 0.9390625 0.0234375 0.040625 0.046875