2 0.40859375 0.66484375 0.05 0.0421875
2 0.47890625 0.69765625 0.0546875 0.0515625
2 0.56796875 0.59140625 0.046875 0.04375
2 0.7796875 0.59765625 0.046875 0.0484375
2 0.79140625 0.5625 0.046875 0.0421875
2 0.496875 0.5609375 0.04375 0.0375
2 0.4921875 0.60234375 0.046875 0.0453125
2 0.53828125 0.5453125 0.046875 0.0484375
2 0.57578125 0.52109375 0.05 0.05
2 0.621875 0.53125 0.0421875 0.0515625
2 0.93359375 0.38046875 0.0484375 0.0453125
2 0.69609375 0.459375 0.0515625 0.0515625
2 0.63984375 0.4359375 0.0515625 0.0515625
2 0.6203125 0.3734375 0.0515625 0.05
2 0.61328125 0.33828125 0.059375 0.046875
2 0.3265625 0.25703125 0.065625 0.04375
2 0.0140625 0.32734375 0.028125 0.0546875
2 0.19609375 0.1 0.0546875 0.0640625
2 0.45703125 0.12421875 0.03125 0.0375
2 0.39453125 0.15390625 0.04375 0.04375
2 0.56171875 0.10859375 0.040625 0.04375
2 0.60625 0.08671875 0.0390625 0.046875
2 0.62734375 0.03515625 0.04375 0.0453125
2 0.59765625 0.02578125 0.034375 0.034375
2 0.76875 0.0734375 0.0703125 0.0578125
2 0.7328125 0.025 0.0546875 0.05