2 0.546875 0.34140625 0.0484375 0.0421875
2 0.471875 0.29453125 0.053125 0.0515625
2 0.3953125 0.3859375 0.0453125 0.04375
2 0.1796875 0.33984375 0.0453125 0.0484375
2 0.17265625 0.3734375 0.0453125 0.0421875
2 0.47109375 0.43046875 0.0421875 0.0375
2 0.47109375 0.3890625 0.0453125 0.0453125
2 0.43125 0.43828125 0.0453125 0.0484375
2 0.396875 0.45625 0.0484375 0.05
2 0.3484375 0.43671875 0.0390625 0.0515625
2 0.053125 0.53125 0.046875 0.0453125
2 0.2828125 0.49609375 0.05 0.0515625
2 0.34296875 0.53046875 0.05 0.0515625
2 0.37109375 0.59765625 0.05 0.05
2 0.38203125 0.634375 0.0578125 0.046875
2 0.6828125 0.77109375 0.0640625 0.04375
2 0.9890625 0.7609375 0.021875 0.0546875
2 0.83515625 0.9546875 0.053125 0.0640625
2 0.56796875 0.88125 0.0296875 0.0375
2 0.62734375 0.8625 0.0421875 0.04375
2 0.4640625 0.87734375 0.0390625 0.04375
2 0.421875 0.89140625 0.0375 0.046875
2 0.40703125 0.93984375 0.0421875 0.0453125
2 0.43828125 0.9546875 0.0328125 0.034375
2 0.259375 0.87421875 0.06875 0.0578125
2 0.3015625 0.93046875 0.053125 0.0515625
2 0.32265625 0.9875 0.0515625 0.025
2 0.109375 0.95703125 0.0390625 0.053125