2 0.296875 0.44296875 0.0375 0.05
2 0.2578125 0.51953125 0.046875 0.0546875
2 0.3578125 0.5921875 0.0390625 0.046875
2 0.33359375 0.80859375 0.04375 0.046875
2 0.36875 0.81484375 0.0375 0.046875
2 0.39453125 0.51484375 0.034375 0.04375
2 0.353125 0.5171875 0.040625 0.046875
2 0.40703125 0.5546875 0.04375 0.046875
2 0.428125 0.58828125 0.0453125 0.05
2 0.4140625 0.6375 0.0484375 0.0421875
2 0.53984375 0.92890625 0.040625 0.0484375
2 0.48046875 0.70078125 0.046875 0.0515625
2 0.50859375 0.63984375 0.046875 0.0515625
2 0.5734375 0.609375 0.0453125 0.0515625
2 0.609375 0.596875 0.0421875 0.059375
2 0.7140625 0.2921875 0.0375 0.065625
2 0.8828125 0.13359375 0.059375 0.0546875
2 0.8375 0.403125 0.034375 0.03125
2 0.8125 0.34453125 0.040625 0.04375
2 0.84453125 0.50625 0.040625 0.040625
2 0.8625 0.5484375 0.04375 0.0390625
2 0.9125 0.5609375 0.0421875 0.04375
2 0.925 0.5296875 0.03125 0.034375
2 0.86328125 0.7109375 0.0515625 0.0703125
2 0.91484375 0.66640625 0.046875 0.0546875
2 0.9796875 0.64296875 0.040625 0.0546875
2 0.96171875 0.8578125 0.05 0.04375