2 0.4296875 0.68515625 0.0296875 0.03125
2 0.45546875 0.703125 0.025 0.0265625
2 0.45546875 0.60390625 0.0265625 0.0265625
2 0.4625 0.5484375 0.01875 0.0234375
2 0.471875 0.525 0.0234375 0.0296875
2 0.5203125 0.4984375 0.021875 0.0234375
2 0.4359375 0.42109375 0.0328125 0.0328125
2 0.53515625 0.34140625 0.025 0.0234375
2 0.45625 0.290625 0.0265625 0.03125
2 0.72734375 0.56328125 0.021875 0.0203125
2 0.70390625 0.63984375 0.0234375 0.0234375
2 0.68203125 0.66171875 0.0296875 0.0328125
2 0.68046875 0.61875 0.021875 0.0203125
2 0.66484375 0.640625 0.0265625 0.0265625
2 0.59453125 0.65234375 0.0296875 0.0296875
2 0.62578125 0.80859375 0.0265625 0.0265625
2 0.715625 0.7515625 0.0265625 0.0265625
2 0.721875 0.84296875 0.0359375 0.034375
2 0.4953125 0.93515625 0.0359375 0.0359375
2 0.41328125 0.7765625 0.0234375 0.0265625
2 0.36328125 0.75546875 0.025 0.0234375
2 0.3125 0.7421875 0.0234375 0.0359375
2 0.43046875 0.83203125 0.0265625 0.028125
2 0.42578125 0.63203125 0.0171875 0.0203125
2 0.4546875 0.6234375 0.021875 0.021875
2 0.4609375 0.63671875 0.01875 0.0265625
2 0.41953125 0.6171875 0.0296875 0.028125
2 0.36328125 0.7859375 0.0265625 0.0203125
2 0.7515625 0.60078125 0.025 0.0296875
1 0.83203125 0.71484375 0.0421875 0.0625
1 0.80859375 0.77109375 0.0375 0.0390625
1 0.7859375 0.80390625 0.0390625 0.040625
1 0.71484375 0.875 0.0265625 0.0390625
1 0.6765625 0.88984375 0.0453125 0.0359375