1 0.7734375 0.80078125 0.1 0.1015625
1 0.88359375 0.7328125 0.1046875 0.06875
1 0.6953125 0.834375 0.0703125 0.059375
2 0.45390625 0.65390625 0.046875 0.04375
2 0.5265625 0.68515625 0.053125 0.053125
2 0.609375 0.5765625 0.04375 0.04375
2 0.8234375 0.578125 0.04375 0.0484375
2 0.8328125 0.54296875 0.04375 0.0421875
2 0.5359375 0.54765625 0.040625 0.0390625
2 0.53359375 0.5890625 0.04375 0.0453125
2 0.57734375 0.53125 0.04375 0.0484375
2 0.6125 0.50625 0.0484375 0.0515625
2 0.66015625 0.515625 0.0390625 0.053125
2 0.96328125 0.3578125 0.0453125 0.0453125
2 0.7296875 0.44140625 0.05 0.053125
2 0.671875 0.41953125 0.05 0.053125
2 0.64765625 0.3578125 0.05 0.0515625
2 0.6390625 0.32265625 0.05625 0.0484375
2 0.3453125 0.24921875 0.0625 0.0453125
2 0.0234375 0.3265625 0.046875 0.05625
2 0.203125 0.0953125 0.0515625 0.065625
2 0.46796875 0.11328125 0.028125 0.0375
2 0.40703125 0.14453125 0.040625 0.0453125
2 0.571875 0.0953125 0.0375 0.0453125
2 0.615625 0.07265625 0.0359375 0.0484375
2 0.63359375 0.021875 0.040625 0.04375
2 0.603125 0.0140625 0.03125 0.028125
2 0.778125 0.0546875 0.0671875 0.059375
2 0.7390625 0.0171875 0.053125 0.034375