2 0.26171875 0.475 0.040625 0.0484375
2 0.2171875 0.546875 0.05 0.053125
2 0.3109375 0.63125 0.0421875 0.0453125
2 0.2703125 0.84453125 0.046875 0.0453125
2 0.3046875 0.85390625 0.040625 0.0453125
2 0.353125 0.5578125 0.0375 0.0421875
2 0.31171875 0.55546875 0.04375 0.0453125
2 0.3625 0.59921875 0.046875 0.0453125
2 0.38125 0.63515625 0.0484375 0.0484375
2 0.36328125 0.68203125 0.0515625 0.0390625
2 0.46640625 0.98203125 0.04375 0.0359375
2 0.42421875 0.753125 0.05 0.05
2 0.45703125 0.6953125 0.05 0.05
2 0.5234375 0.671875 0.0484375 0.05
2 0.56015625 0.66328125 0.0453125 0.0578125
2 0.6875 0.3703125 0.0421875 0.0640625
2 0.66875 0.0484375 0.053125 0.0484375
2 0.8671875 0.23125 0.0625 0.0515625
2 0.8015625 0.4953125 0.0359375 0.0296875
2 0.78125 0.43359375 0.04375 0.0421875
2 0.80078125 0.59921875 0.04375 0.0390625
2 0.815625 0.64296875 0.0453125 0.0375
2 0.86484375 0.66171875 0.0453125 0.0421875
2 0.87890625 0.63125 0.0328125 0.0328125
2 0.80390625 0.80546875 0.05625 0.0671875
2 0.85859375 0.7671875 0.05 0.053125
2 0.9296875 0.75078125 0.0515625 0.0515625
2 0.890625 0.9625 0.053125 0.040625