2 0.65 0.353125 0.0296875 0.03125
2 0.665625 0.3765625 0.025 0.025
2 0.565625 0.38828125 0.025 0.0265625
2 0.51015625 0.40234375 0.021875 0.0203125
2 0.48515625 0.4140625 0.028125 0.0234375
2 0.4546875 0.465625 0.021875 0.0234375
2 0.38359375 0.38984375 0.03125 0.034375
2 0.2953125 0.49921875 0.021875 0.0265625
2 0.2515625 0.42578125 0.0296875 0.028125
2 0.5015625 0.6671875 0.01875 0.0234375
2 0.58046875 0.634375 0.021875 0.025
2 0.60390625 0.609375 0.03125 0.03125
2 0.5609375 0.61328125 0.01875 0.0234375
2 0.584375 0.59453125 0.025 0.0265625
2 0.60234375 0.52265625 0.028125 0.0296875
2 0.75625 0.53671875 0.025 0.0265625
2 0.690625 0.6328125 0.025 0.0265625
2 0.78203125 0.62890625 0.034375 0.0375
2 0.89453125 0.38984375 0.0359375 0.0375
2 0.7421875 0.325 0.025 0.0234375
2 0.72578125 0.27734375 0.021875 0.0265625
2 0.71640625 0.228125 0.034375 0.025
2 0.796875 0.33671875 0.0265625 0.0265625
2 0.596875 0.35546875 0.01875 0.01875
2 0.58515625 0.38515625 0.0203125 0.0234375
2 0.5984375 0.38984375 0.025 0.01875
2 0.58203125 0.35078125 0.0265625 0.0296875
2 0.75625 0.27421875 0.01875 0.028125
2 0.53671875 0.68671875 0.028125 0.025
1 0.64453125 0.7546875 0.0609375 0.0453125
1 0.703125 0.725 0.0390625 0.0390625
1 0.7375 0.69765625 0.0390625 0.040625
1 0.815625 0.61796875 0.0375 0.028125
1 0.83359375 0.57734375 0.034375 0.046875