2 0.63125 0.4265625 0.03125 0.0296875
2 0.6453125 0.4515625 0.0265625 0.0234375
2 0.5453125 0.4515625 0.0265625 0.025
2 0.4890625 0.459375 0.0234375 0.01875
2 0.4640625 0.46875 0.0296875 0.0234375
2 0.43125 0.5171875 0.0234375 0.021875
2 0.3640625 0.43359375 0.0328125 0.0328125
2 0.27109375 0.5328125 0.0234375 0.025
2 0.23046875 0.4546875 0.03125 0.0265625
2 0.46875 0.72421875 0.0203125 0.021875
2 0.5484375 0.7 0.0234375 0.0234375
2 0.5734375 0.678125 0.0328125 0.0296875
2 0.53046875 0.6765625 0.0203125 0.021875
2 0.55390625 0.6609375 0.0265625 0.025
2 0.57578125 0.590625 0.0296875 0.0296875
2 0.728125 0.621875 0.0265625 0.025
2 0.65859375 0.7109375 0.0265625 0.025
2 0.75 0.7171875 0.0359375 0.0359375
2 0.87265625 0.490625 0.0375 0.0359375
2 0.72421875 0.40859375 0.0265625 0.021875
2 0.71015625 0.35859375 0.0234375 0.025
2 0.703125 0.30859375 0.0359375 0.0234375
2 0.778125 0.42578125 0.028125 0.025
2 0.578125 0.42265625 0.0203125 0.0171875
2 0.56484375 0.45078125 0.021875 0.021875
2 0.578125 0.4578125 0.0265625 0.0171875
2 0.56328125 0.41640625 0.028125 0.028125
2 0.740625 0.35859375 0.0203125 0.0265625
2 0.50234375 0.7484375 0.0296875 0.025