2 0.353125 0.66171875 0.03125 0.0296875
2 0.3765625 0.678125 0.025 0.025
2 0.38828125 0.578125 0.0265625 0.025
2 0.40234375 0.52265625 0.0203125 0.021875
2 0.4140625 0.4984375 0.0234375 0.028125
2 0.465625 0.46953125 0.0234375 0.021875
2 0.38984375 0.39609375 0.034375 0.03125
2 0.49921875 0.3109375 0.0265625 0.021875
2 0.42578125 0.2640625 0.028125 0.0296875
2 0.6671875 0.521875 0.0234375 0.01875
2 0.634375 0.6 0.025 0.021875
2 0.609375 0.6234375 0.03125 0.03125
2 0.61328125 0.58046875 0.0234375 0.01875
2 0.59453125 0.603125 0.0265625 0.025
2 0.52265625 0.61875 0.0296875 0.028125
2 0.53671875 0.7734375 0.0265625 0.025
2 0.6328125 0.7109375 0.0265625 0.025
2 0.62890625 0.80234375 0.0375 0.0328125
2 0.38984375 0.9078125 0.0375 0.034375
2 0.325 0.75390625 0.0234375 0.025
2 0.27734375 0.7359375 0.0265625 0.021875
2 0.228125 0.725 0.025 0.034375
2 0.33671875 0.80859375 0.0265625 0.0265625
2 0.35546875 0.60859375 0.01875 0.01875
2 0.38515625 0.59765625 0.0234375 0.0203125
2 0.38984375 0.6109375 0.01875 0.025
2 0.35078125 0.59375 0.0296875 0.0265625
2 0.27421875 0.76640625 0.028125 0.01875
2 0.68671875 0.5578125 0.025 0.028125
1 0.7546875 0.66796875 0.0453125 0.059375
1 0.725 0.72578125 0.0390625 0.0375
1 0.69765625 0.76015625 0.040625 0.0375
1 0.61796875 0.83515625 0.028125 0.0375
1 0.57734375 0.85234375 0.046875 0.0328125