2 0.6453125 0.3953125 0.03125 0.028125
2 0.6609375 0.4203125 0.0265625 0.0234375
2 0.5609375 0.425 0.0265625 0.025
2 0.5046875 0.43515625 0.021875 0.01875
2 0.48046875 0.44609375 0.028125 0.021875
2 0.4484375 0.49609375 0.021875 0.021875
2 0.37890625 0.41484375 0.0328125 0.03125
2 0.28984375 0.51875 0.0234375 0.025
2 0.24609375 0.4421875 0.03125 0.025
2 0.49296875 0.7 0.01875 0.021875
2 0.571875 0.67265625 0.0234375 0.0234375
2 0.59609375 0.64921875 0.0328125 0.028125
2 0.553125 0.65 0.01875 0.021875
2 0.5765625 0.63359375 0.0265625 0.025
2 0.5953125 0.56171875 0.0296875 0.028125
2 0.74921875 0.5859375 0.0265625 0.025
2 0.6828125 0.678125 0.0265625 0.025
2 0.77421875 0.6796875 0.034375 0.034375
2 0.8890625 0.4484375 0.0359375 0.034375
2 0.73828125 0.3734375 0.025 0.021875
2 0.721875 0.325 0.0234375 0.025
2 0.71328125 0.275 0.034375 0.021875
2 0.7921875 0.38828125 0.028125 0.025
2 0.5921875 0.39375 0.01875 0.0171875
2 0.58046875 0.4234375 0.0203125 0.021875
2 0.59296875 0.42890625 0.025 0.0171875
2 0.57734375 0.3890625 0.028125 0.028125
2 0.75234375 0.3234375 0.0203125 0.0265625
2 0.528125 0.72265625 0.0296875 0.0234375