2 0.3046875 0.49375 0.0390625 0.05
2 0.2671875 0.56328125 0.0484375 0.05625
2 0.36875 0.65390625 0.040625 0.046875
2 0.3484375 0.865625 0.0453125 0.0484375
2 0.3828125 0.87734375 0.0390625 0.046875
2 0.40390625 0.5828125 0.0359375 0.04375
2 0.3625 0.57734375 0.0421875 0.046875
2 0.4171875 0.625 0.0453125 0.0484375
2 0.4390625 0.66171875 0.046875 0.0515625
2 0.42578125 0.70859375 0.05 0.0421875
2 0.55703125 0.9984375 0.0421875 0.003125
2 0.49375 0.7828125 0.0484375 0.053125
2 0.5203125 0.72734375 0.0484375 0.053125
2 0.584375 0.70859375 0.046875 0.053125
2 0.6203125 0.70234375 0.04375 0.0609375
2 0.7203125 0.41640625 0.0390625 0.065625
2 0.67109375 0.09140625 0.0515625 0.0515625
2 0.88671875 0.2875 0.0609375 0.05625
2 0.84609375 0.5484375 0.0359375 0.03125
2 0.81953125 0.4859375 0.0421875 0.04375
2 0.85390625 0.653125 0.0421875 0.040625
2 0.8734375 0.69765625 0.0453125 0.040625
2 0.92421875 0.71953125 0.04375 0.0453125
2 0.9359375 0.690625 0.0328125 0.034375
2 0.8765625 0.86015625 0.053125 0.0703125
2 0.928125 0.825 0.0484375 0.05625
2 0.9859375 0.8140625 0.028125 0.0546875