2 0.58515625 0.68046875 0.028125 0.03125
2 0.56015625 0.6953125 0.0234375 0.0265625
2 0.5578125 0.5953125 0.025 0.0265625
2 0.54921875 0.53984375 0.01875 0.021875
2 0.53984375 0.51484375 0.021875 0.028125
2 0.490625 0.48359375 0.021875 0.021875
2 0.5734375 0.4140625 0.03125 0.0328125
2 0.471875 0.32421875 0.025 0.0234375
2 0.55 0.28125 0.025 0.03125
2 0.284375 0.528125 0.021875 0.01875
2 0.31015625 0.60703125 0.0234375 0.0234375
2 0.3328125 0.63125 0.028125 0.0328125
2 0.3328125 0.58828125 0.021875 0.01875
2 0.34921875 0.61171875 0.025 0.0265625
2 0.4203125 0.63046875 0.028125 0.0296875
2 0.3921875 0.784375 0.025 0.0265625
2 0.30078125 0.71796875 0.025 0.0265625
2 0.296875 0.809375 0.034375 0.034375
2 0.52578125 0.92421875 0.034375 0.0359375
2 0.6046875 0.77265625 0.021875 0.025
2 0.65390625 0.75703125 0.025 0.0234375
2 0.70390625 0.7484375 0.021875 0.034375
2 0.58828125 0.82734375 0.025 0.028125
2 0.58828125 0.62734375 0.0171875 0.01875
2 0.559375 0.61484375 0.021875 0.0203125
2 0.553125 0.628125 0.0171875 0.025
2 0.59375 0.6125 0.028125 0.028125
2 0.6546875 0.7875 0.0265625 0.0203125
2 0.26171875 0.56328125 0.0234375 0.0296875
1 0.18359375 0.6703125 0.040625 0.0609375
1 0.2078125 0.72890625 0.0359375 0.0390625
1 0.23203125 0.7640625 0.0375 0.0390625
1 0.3046875 0.8421875 0.025 0.0390625
1 0.34296875 0.8609375 0.04375 0.034375