2 0.14609375 0.43046875 0.0296875 0.0421875
2 0.571875 0.25703125 0.03125 0.0390625
2 0.54921875 0.2171875 0.0296875 0.0453125
2 0.48125 0.265625 0.034375 0.0421875
2 0.43515625 0.28984375 0.040625 0.0453125
2 0.3890625 0.2875 0.034375 0.0421875
2 0.43125 0.49453125 0.034375 0.0484375
2 0.34375 0.5421875 0.040625 0.0390625
2 0.328125 0.5875 0.034375 0.0359375
2 0.3265625 0.62578125 0.04375 0.0390625
2 0.24140625 0.52734375 0.034375 0.040625
2 0.2375 0.54609375 0.0375 0.0421875
2 0.2734375 0.5109375 0.025 0.0421875
2 0.275 0.54140625 0.028125 0.0375
2 0.08203125 0.6609375 0.0265625 0.053125
2 0.12890625 0.48203125 0.028125 0.04375
2 0.10234375 0.28125 0.0296875 0.046875
2 0.13046875 0.2796875 0.028125 0.046875
2 0.03046875 0.41484375 0.034375 0.040625
2 0.28984375 0.2953125 0.025 0.046875
2 0.328125 0.290625 0.021875 0.046875
2 0.63359375 0.6015625 0.0375 0.0609375
2 0.56796875 0.59921875 0.034375 0.0453125
2 0.640625 0.74453125 0.046875 0.065625
2 0.71015625 0.753125 0.04375 0.0484375
2 0.85234375 0.73671875 0.028125 0.046875
2 0.828125 0.6203125 0.0328125 0.04375
2 0.80234375 0.409375 0.034375 0.0515625
2 0.77890625 0.29375 0.021875 0.05
2 0.82421875 0.20546875 0.0375 0.0515625
2 0.909375 0.30546875 0.0359375 0.040625
2 0.95390625 0.52265625 0.0421875 0.0671875
2 0.43984375 0.575 0.0203125 0.0390625
2 0.47109375 0.5640625 0.021875 0.0375
2 0.4046875 0.5703125 0.028125 0.0390625
2 0.51328125 0.1234375 0.028125 0.046875
2 0.84921875 0.08125 0.0375 0.0421875
2 0.59765625 0.484375 0.028125 0.05
2 0.484375 0.7734375 0.03125 0.0375
2 0.746875 0.61484375 0.0375 0.040625
2 0.73984375 0.5359375 0.025 0.04375
2 0.709375 0.51171875 0.0328125 0.04375