2 0.16953125 0.440625 0.03125 0.040625
2 0.5890625 0.296875 0.0328125 0.0375
2 0.5640625 0.25546875 0.0328125 0.04375
2 0.4984375 0.29921875 0.0359375 0.0390625
2 0.45234375 0.3203125 0.04375 0.0421875
2 0.40703125 0.31484375 0.0359375 0.0390625
2 0.46015625 0.52421875 0.0375 0.0453125
2 0.37421875 0.56640625 0.0421875 0.0359375
2 0.3609375 0.6109375 0.0359375 0.0328125
2 0.3609375 0.6484375 0.0453125 0.0359375
2 0.2703125 0.54453125 0.0359375 0.0375
2 0.26796875 0.5625 0.0390625 0.0390625
2 0.3015625 0.5296875 0.0265625 0.040625
2 0.30546875 0.5609375 0.0296875 0.0359375
2 0.1171875 0.66640625 0.0296875 0.0515625
2 0.1546875 0.49140625 0.03125 0.0421875
2 0.11796875 0.28828125 0.0328125 0.0453125
2 0.14609375 0.28828125 0.03125 0.0453125
2 0.05234375 0.41640625 0.0359375 0.0375
2 0.3078125 0.315625 0.028125 0.0453125
2 0.34609375 0.3140625 0.025 0.0453125
2 0.66875 0.6453125 0.040625 0.0578125
2 0.603125 0.63828125 0.0375 0.0421875
2 0.68359375 0.7890625 0.05 0.0609375
2 0.75390625 0.803125 0.046875 0.0453125
2 0.89609375 0.79609375 0.03125 0.0453125
2 0.865625 0.678125 0.0359375 0.0421875
2 0.82890625 0.465625 0.0375 0.0484375
2 0.79921875 0.3484375 0.025 0.0484375
2 0.83984375 0.26328125 0.040625 0.0484375
2 0.93125 0.36953125 0.0375 0.0375
2 0.98203125 0.5890625 0.0359375 0.0640625
2 0.47265625 0.60546875 0.021875 0.0375
2 0.503125 0.596875 0.0234375 0.0359375
2 0.43671875 0.5984375 0.0296875 0.0375
2 0.5234375 0.159375 0.03125 0.0453125
2 0.85859375 0.140625 0.0390625 0.0390625
2 0.6265625 0.5265625 0.03125 0.0484375
2 0.528125 0.80703125 0.0328125 0.0359375
2 0.78359375 0.6671875 0.0390625 0.0375
2 0.771875 0.5875 0.028125 0.0421875
2 0.740625 0.56171875 0.0359375 0.0421875