2 0.18046875 0.4453125 0.0328125 0.0390625
2 0.596875 0.31328125 0.034375 0.0359375
2 0.5703125 0.271875 0.0328125 0.0421875
2 0.50625 0.31328125 0.0375 0.0375
2 0.4609375 0.3328125 0.04375 0.040625
2 0.41484375 0.32578125 0.0375 0.0375
2 0.47265625 0.53671875 0.0375 0.04375
2 0.38828125 0.57578125 0.04375 0.034375
2 0.375 0.6203125 0.0375 0.03125
2 0.3765625 0.6578125 0.046875 0.034375
2 0.28359375 0.5515625 0.0375 0.0359375
2 0.28125 0.56953125 0.040625 0.0375
2 0.31484375 0.5375 0.028125 0.0390625
2 0.31875 0.56875 0.03125 0.034375
2 0.1328125 0.66875 0.03125 0.05
2 0.16640625 0.49453125 0.03125 0.040625
2 0.125 0.29140625 0.0328125 0.04375
2 0.153125 0.2921875 0.03125 0.04375
2 0.0625 0.4171875 0.0375 0.0359375
2 0.31484375 0.32421875 0.028125 0.04375
2 0.353125 0.3234375 0.025 0.04375
2 0.68515625 0.6640625 0.0421875 0.05625
2 0.61796875 0.6546875 0.0375 0.040625
2 0.703125 0.8078125 0.0515625 0.0609375
2 0.7734375 0.8234375 0.046875 0.04375
2 0.915625 0.82109375 0.03125 0.04375
2 0.8828125 0.70234375 0.0359375 0.040625
2 0.840625 0.4890625 0.0375 0.046875
2 0.8078125 0.37109375 0.025 0.046875
2 0.84765625 0.2875 0.040625 0.046875
2 0.940625 0.39609375 0.0390625 0.0359375
2 0.9890625 0.6171875 0.021875 0.0625
2 0.48671875 0.61796875 0.0234375 0.0359375
2 0.51796875 0.6109375 0.025 0.034375
2 0.45078125 0.61015625 0.03125 0.0359375
2 0.52734375 0.175 0.03125 0.04375
2 0.86328125 0.165625 0.040625 0.0375
2 0.63984375 0.54375 0.03125 0.046875
2 0.54765625 0.82109375 0.034375 0.034375
2 0.8 0.68828125 0.040625 0.0359375
2 0.78671875 0.609375 0.028125 0.040625
2 0.7546875 0.58203125 0.0359375 0.040625