2 0.14609375 0.440625 0.0296875 0.040625
2 0.571875 0.296875 0.03125 0.0375
2 0.54921875 0.25546875 0.0296875 0.04375
2 0.48125 0.29921875 0.034375 0.0390625
2 0.43515625 0.3203125 0.040625 0.0421875
2 0.3890625 0.31484375 0.034375 0.0390625
2 0.43125 0.52421875 0.034375 0.0453125
2 0.34375 0.56640625 0.040625 0.0359375
2 0.328125 0.6109375 0.034375 0.0328125
2 0.3265625 0.6484375 0.04375 0.0359375
2 0.24140625 0.54453125 0.034375 0.0375
2 0.2375 0.5625 0.0375 0.0390625
2 0.2734375 0.5296875 0.025 0.040625
2 0.275 0.5609375 0.028125 0.0359375
2 0.08203125 0.66640625 0.0265625 0.0515625
2 0.12890625 0.49140625 0.028125 0.0421875
2 0.10234375 0.28828125 0.0296875 0.0453125
2 0.13046875 0.28828125 0.028125 0.0453125
2 0.03046875 0.41640625 0.034375 0.0375
2 0.28984375 0.315625 0.025 0.0453125
2 0.328125 0.3140625 0.021875 0.0453125
2 0.63359375 0.6453125 0.0375 0.0578125
2 0.56796875 0.63828125 0.034375 0.0421875
2 0.640625 0.7890625 0.046875 0.0609375
2 0.71015625 0.803125 0.04375 0.0453125
2 0.85234375 0.79609375 0.028125 0.0453125
2 0.828125 0.678125 0.0328125 0.0421875
2 0.80234375 0.465625 0.034375 0.0484375
2 0.77890625 0.3484375 0.021875 0.0484375
2 0.82421875 0.26328125 0.0375 0.0484375
2 0.909375 0.36953125 0.0359375 0.0375
2 0.95390625 0.5890625 0.0421875 0.0640625
2 0.43984375 0.60546875 0.0203125 0.0375
2 0.47109375 0.596875 0.021875 0.0359375
2 0.4046875 0.5984375 0.028125 0.0375
2 0.51328125 0.159375 0.028125 0.0453125
2 0.84921875 0.140625 0.0375 0.0390625
2 0.59765625 0.5265625 0.028125 0.0484375
2 0.484375 0.80703125 0.03125 0.0359375
2 0.746875 0.6671875 0.0375 0.0375
2 0.73984375 0.5875 0.025 0.0421875
2 0.709375 0.56171875 0.0328125 0.0421875