2 0.16953125 0.44375 0.03125 0.040625
2 0.5890625 0.30703125 0.0328125 0.0375
2 0.5640625 0.265625 0.0328125 0.04375
2 0.4984375 0.3078125 0.0359375 0.0390625
2 0.45234375 0.328125 0.04375 0.0421875
2 0.40703125 0.321875 0.0359375 0.0390625
2 0.46015625 0.53203125 0.0375 0.0453125
2 0.37421875 0.571875 0.0421875 0.0359375
2 0.3609375 0.61640625 0.0359375 0.0328125
2 0.3609375 0.65390625 0.0453125 0.0359375
2 0.2703125 0.5484375 0.0359375 0.0375
2 0.26796875 0.56640625 0.0390625 0.0390625
2 0.3015625 0.534375 0.0265625 0.0390625
2 0.30546875 0.565625 0.0296875 0.0359375
2 0.1171875 0.66796875 0.0296875 0.05
2 0.1546875 0.49296875 0.03125 0.0421875
2 0.11796875 0.28984375 0.0328125 0.0453125
2 0.14609375 0.290625 0.03125 0.0453125
2 0.05234375 0.4171875 0.0359375 0.0375
2 0.3078125 0.3203125 0.028125 0.04375
2 0.34609375 0.31953125 0.025 0.04375
2 0.66875 0.65703125 0.040625 0.0578125
2 0.603125 0.6484375 0.0375 0.0421875
2 0.68359375 0.8 0.05 0.0609375
2 0.75390625 0.815625 0.046875 0.0453125
2 0.89609375 0.8109375 0.03125 0.0453125
2 0.865625 0.6921875 0.0359375 0.0421875
2 0.82890625 0.4796875 0.0375 0.0484375
2 0.79921875 0.36171875 0.025 0.046875
2 0.83984375 0.27734375 0.040625 0.0484375
2 0.93125 0.38515625 0.0375 0.0375
2 0.98203125 0.60625 0.0359375 0.0640625
2 0.47265625 0.61328125 0.021875 0.0359375
2 0.503125 0.60546875 0.0234375 0.034375
2 0.43671875 0.60546875 0.0296875 0.0375
2 0.5234375 0.16875 0.03125 0.0453125
2 0.85859375 0.15546875 0.0390625 0.0390625
2 0.6265625 0.53671875 0.03125 0.0484375
2 0.528125 0.815625 0.0328125 0.0359375
2 0.78359375 0.6796875 0.0390625 0.0375
2 0.771875 0.60078125 0.028125 0.040625
2 0.740625 0.57421875 0.0359375 0.0421875