2 0.8875 0.403125 0.0328125 0.040625
2 0.45234375 0.30078125 0.034375 0.0375
2 0.471875 0.2578125 0.0328125 0.04375
2 0.54296875 0.29453125 0.0375 0.0390625
2 0.590625 0.3109375 0.04375 0.0421875
2 0.6359375 0.30078125 0.0375 0.0390625
2 0.61015625 0.51484375 0.0375 0.0453125
2 0.7 0.54765625 0.04375 0.0359375
2 0.71953125 0.590625 0.0359375 0.0328125
2 0.7234375 0.628125 0.046875 0.0359375
2 0.80078125 0.515625 0.0375 0.0375
2 0.80546875 0.53359375 0.040625 0.0390625
2 0.76796875 0.50390625 0.028125 0.040625
2 0.76796875 0.53515625 0.03125 0.0359375
2 0.96875 0.621875 0.0296875 0.0515625
2 0.90859375 0.45078125 0.03125 0.0421875
2 0.91953125 0.24609375 0.0328125 0.0453125
2 0.89140625 0.24921875 0.03125 0.0453125
2 0.99140625 0.3671875 0.0171875 0.0375
2 0.734375 0.29140625 0.028125 0.0453125
2 0.69609375 0.29375 0.025 0.0453125
2 0.4171875 0.65546875 0.0421875 0.0578125
2 0.4828125 0.6421875 0.0375 0.0421875
2 0.42109375 0.8 0.0515625 0.0625
2 0.353125 0.8203125 0.046875 0.0453125
2 0.2109375 0.828125 0.03125 0.0453125
2 0.22578125 0.70703125 0.0359375 0.0421875
2 0.2359375 0.49296875 0.0375 0.0484375
2 0.25 0.37265625 0.025 0.0484375
2 0.1984375 0.2921875 0.040625 0.0484375
2 0.121875 0.40703125 0.0390625 0.0375
2 0.09453125 0.63125 0.046875 0.0640625
2 0.6078125 0.59609375 0.0234375 0.0375
2 0.57578125 0.590625 0.025 0.0359375
2 0.6421875 0.5859375 0.03125 0.0375
2 0.5 0.1578125 0.03125 0.0453125
2 0.1640625 0.17265625 0.040625 0.0390625
2 0.44453125 0.5328125 0.03125 0.0484375
2 0.578125 0.80234375 0.034375 0.0359375
2 0.30625 0.68828125 0.040625 0.0375
2 0.3078125 0.6078125 0.028125 0.0421875
2 0.33515625 0.57890625 0.0359375 0.0421875