2 0.1203125 0.4453125 0.03125 0.0390625
2 0.553125 0.31328125 0.0328125 0.0359375
2 0.5328125 0.271875 0.03125 0.0421875
2 0.4625 0.31328125 0.0359375 0.0375
2 0.41484375 0.3328125 0.0421875 0.040625
2 0.3703125 0.32578125 0.0359375 0.0375
2 0.39921875 0.53671875 0.0359375 0.04375
2 0.31015625 0.57578125 0.0421875 0.034375
2 0.29140625 0.6203125 0.0359375 0.03125
2 0.28828125 0.6578125 0.0453125 0.034375
2 0.209375 0.5515625 0.0359375 0.0359375
2 0.2046875 0.56953125 0.0390625 0.0375
2 0.2421875 0.5375 0.0265625 0.0390625
2 0.2421875 0.56875 0.0296875 0.034375
2 0.04296875 0.66875 0.0296875 0.05
2 0.1 0.49453125 0.0296875 0.040625
2 0.08515625 0.29140625 0.03125 0.04375
2 0.11328125 0.2921875 0.0296875 0.04375
2 0.0125 0.4171875 0.025 0.0359375
2 0.27109375 0.32421875 0.0265625 0.04375
2 0.309375 0.3234375 0.0234375 0.04375
2 0.59453125 0.6640625 0.040625 0.05625
2 0.52890625 0.6546875 0.0359375 0.040625
2 0.59296875 0.8078125 0.05 0.0609375
2 0.66171875 0.8234375 0.0453125 0.04375
2 0.80390625 0.82109375 0.0296875 0.04375
2 0.78671875 0.70234375 0.034375 0.040625
2 0.77265625 0.4890625 0.0375 0.046875
2 0.75625 0.37109375 0.025 0.046875
2 0.80703125 0.2875 0.040625 0.046875
2 0.88515625 0.39609375 0.0375 0.0359375
2 0.91640625 0.6171875 0.0453125 0.0625
2 0.403125 0.61796875 0.021875 0.0359375
2 0.434375 0.6109375 0.0234375 0.034375
2 0.36875 0.61015625 0.0296875 0.0359375
2 0.503125 0.175 0.0296875 0.04375
2 0.8390625 0.165625 0.0390625 0.0375
2 0.565625 0.54375 0.03125 0.046875
2 0.4359375 0.82109375 0.0328125 0.034375
2 0.70625 0.68828125 0.0390625 0.0359375
2 0.703125 0.609375 0.0265625 0.040625
2 0.675 0.58203125 0.034375 0.040625