2 0.86953125 0.4328125 0.03125 0.0390625
2 0.4390625 0.315625 0.0328125 0.0359375
2 0.46015625 0.2734375 0.03125 0.0421875
2 0.5296875 0.3125 0.0359375 0.0375
2 0.57734375 0.33046875 0.0421875 0.040625
2 0.621875 0.321875 0.0359375 0.0375
2 0.5875 0.534375 0.0359375 0.04375
2 0.6765625 0.5703125 0.0421875 0.034375
2 0.69375 0.6140625 0.0359375 0.03125
2 0.696875 0.6515625 0.0453125 0.034375
2 0.778125 0.5421875 0.0359375 0.0359375
2 0.78203125 0.56015625 0.0390625 0.0375
2 0.7453125 0.5296875 0.0265625 0.0390625
2 0.74453125 0.5609375 0.0296875 0.034375
2 0.94140625 0.65390625 0.028125 0.05
2 0.8890625 0.48125 0.0296875 0.040625
2 0.9078125 0.27734375 0.03125 0.04375
2 0.8796875 0.2796875 0.0296875 0.04375
2 0.9828125 0.40078125 0.034375 0.0359375
2 0.72109375 0.31640625 0.0265625 0.04375
2 0.6828125 0.3171875 0.0234375 0.04375
2 0.38984375 0.66875 0.0390625 0.05625
2 0.45546875 0.65703125 0.0359375 0.040625
2 0.3875 0.8125 0.0484375 0.0609375
2 0.31875 0.83046875 0.0453125 0.04375
2 0.1765625 0.83359375 0.0296875 0.04375
2 0.196875 0.71328125 0.034375 0.040625
2 0.215625 0.5 0.0359375 0.046875
2 0.234375 0.38046875 0.0234375 0.046875
2 0.1859375 0.2984375 0.0390625 0.046875
2 0.1046875 0.41015625 0.0375 0.0359375
2 0.06875 0.6328125 0.04375 0.0625
2 0.58203125 0.615625 0.021875 0.0359375
2 0.55078125 0.609375 0.0234375 0.034375
2 0.6171875 0.60703125 0.0296875 0.0359375
2 0.49296875 0.175 0.0296875 0.04375
2 0.15703125 0.178125 0.0390625 0.0375
2 0.421875 0.546875 0.0296875 0.046875
2 0.54453125 0.8203125 0.0328125 0.034375
2 0.27734375 0.696875 0.0390625 0.0359375
2 0.28203125 0.6171875 0.0265625 0.040625
2 0.3109375 0.5890625 0.034375 0.040625