2 0.85859375 0.403125 0.0296875 0.040625
2 0.43125 0.30078125 0.03125 0.0375
2 0.45390625 0.2578125 0.0296875 0.04375
2 0.521875 0.29453125 0.034375 0.0390625
2 0.56953125 0.3109375 0.040625 0.0421875
2 0.6140625 0.30078125 0.034375 0.0390625
2 0.575 0.51484375 0.034375 0.0453125
2 0.6625 0.54765625 0.040625 0.0359375
2 0.6796875 0.590625 0.034375 0.0328125
2 0.68125 0.628125 0.04375 0.0359375
2 0.76484375 0.515625 0.034375 0.0375
2 0.76875 0.53359375 0.0375 0.0390625
2 0.7328125 0.50390625 0.025 0.040625
2 0.73125 0.53515625 0.028125 0.0359375
2 0.92578125 0.621875 0.0265625 0.0515625
2 0.87734375 0.45078125 0.028125 0.0421875
2 0.90078125 0.24609375 0.0296875 0.0453125
2 0.87265625 0.24921875 0.028125 0.0453125
2 0.97421875 0.3671875 0.034375 0.0375
2 0.71328125 0.29140625 0.025 0.0453125
2 0.675 0.29375 0.021875 0.0453125
2 0.37421875 0.65546875 0.0375 0.0578125
2 0.43984375 0.6421875 0.034375 0.0421875
2 0.36875 0.8 0.046875 0.0625
2 0.29921875 0.8203125 0.04375 0.0453125
2 0.15703125 0.828125 0.028125 0.0453125
2 0.1796875 0.70703125 0.0328125 0.0421875
2 0.20390625 0.49296875 0.034375 0.0484375
2 0.22578125 0.37265625 0.021875 0.0484375
2 0.17890625 0.2921875 0.0375 0.0484375
2 0.0953125 0.40703125 0.0359375 0.0375
2 0.05390625 0.63125 0.0421875 0.0640625
2 0.56796875 0.59609375 0.0203125 0.0375
2 0.53671875 0.590625 0.021875 0.0359375
2 0.603125 0.5859375 0.028125 0.0375
2 0.48828125 0.1578125 0.028125 0.0453125
2 0.15234375 0.17265625 0.0375 0.0390625
2 0.40859375 0.5328125 0.028125 0.0484375
2 0.525 0.80234375 0.03125 0.0359375
2 0.2609375 0.68828125 0.0375 0.0375
2 0.26796875 0.6078125 0.025 0.0421875
2 0.296875 0.57890625 0.0328125 0.0421875