2 0.5625 0.9171875 0.0390625 0.034375
2 0.68125 0.5046875 0.0359375 0.0359375
2 0.72421875 0.53203125 0.0421875 0.034375
2 0.684375 0.5953125 0.0375 0.0390625
2 0.665625 0.640625 0.040625 0.0453125
2 0.67421875 0.68671875 0.0375 0.0390625
2 0.4625 0.62265625 0.04375 0.0390625
2 0.42578125 0.70546875 0.034375 0.04375
2 0.38203125 0.7171875 0.03125 0.0375
2 0.34453125 0.71484375 0.034375 0.046875
2 0.453125 0.8109375 0.0359375 0.0390625
2 0.43515625 0.81328125 0.0375 0.0421875
2 0.46640625 0.78046875 0.0390625 0.0296875
2 0.43515625 0.77578125 0.034375 0.03125
2 0.340625 0.95859375 0.05 0.0328125
2 0.51328125 0.9296875 0.040625 0.0328125
2 0.7171875 0.97734375 0.04375 0.034375
2 0.715625 0.94921875 0.04375 0.0328125
2 0.6796875 0.7859375 0.04375 0.0296875
2 0.67890625 0.74765625 0.04375 0.0265625
2 0.3296875 0.40625 0.05625 0.04375
2 0.33984375 0.4734375 0.040625 0.0390625
2 0.18515625 0.384375 0.059375 0.053125
2 0.1671875 0.3125 0.04375 0.0484375
2 0.165625 0.1703125 0.04375 0.0328125
2 0.2859375 0.20703125 0.040625 0.0375
2 0.49921875 0.25625 0.046875 0.0390625
2 0.61796875 0.29140625 0.046875 0.0265625
2 0.70078125 0.2546875 0.046875 0.0421875
2 0.5890625 0.15859375 0.0359375 0.040625
2 0.3671875 0.090625 0.0625 0.0484375
2 0.38046875 0.60546875 0.0359375 0.025
2 0.3875 0.575 0.034375 0.025
2 0.38984375 0.64140625 0.0359375 0.0328125
2 0.821875 0.578125 0.04375 0.0328125
2 0.82109375 0.2421875 0.0375 0.0421875
2 0.45078125 0.4546875 0.046875 0.0328125
2 0.1765625 0.5390625 0.034375 0.034375
2 0.3015625 0.28984375 0.0359375 0.0421875
2 0.38125 0.30625 0.040625 0.0296875
2 0.40859375 0.3390625 0.040625 0.0375