2 0.86640625 0.4078125 0.03125 0.040625
2 0.4375 0.303125 0.0328125 0.0375
2 0.45859375 0.26015625 0.03125 0.04375
2 0.528125 0.29765625 0.0359375 0.0390625
2 0.575 0.3140625 0.0421875 0.0421875
2 0.6203125 0.30390625 0.0359375 0.0390625
2 0.584375 0.51796875 0.0359375 0.0453125
2 0.67265625 0.5515625 0.0421875 0.0359375
2 0.690625 0.59453125 0.034375 0.0328125
2 0.69296875 0.63203125 0.0453125 0.0359375
2 0.775 0.5203125 0.0359375 0.0375
2 0.77890625 0.5375 0.0390625 0.0390625
2 0.7421875 0.5078125 0.0265625 0.040625
2 0.74140625 0.53984375 0.0296875 0.0359375
2 0.9375 0.62734375 0.028125 0.0515625
2 0.8859375 0.45625 0.0296875 0.0421875
2 0.90625 0.25078125 0.03125 0.0453125
2 0.878125 0.25390625 0.0296875 0.0453125
2 0.98125 0.37265625 0.0359375 0.0375
2 0.71953125 0.29609375 0.0265625 0.0453125
2 0.68125 0.29765625 0.0234375 0.0453125
2 0.3859375 0.6578125 0.0390625 0.0578125
2 0.4515625 0.64453125 0.0359375 0.0421875
2 0.3828125 0.8015625 0.0484375 0.0609375
2 0.3140625 0.821875 0.0453125 0.0453125
2 0.171875 0.82890625 0.0296875 0.0453125
2 0.1921875 0.70859375 0.034375 0.0421875
2 0.2125 0.49375 0.0359375 0.0484375
2 0.23203125 0.37421875 0.0234375 0.0484375
2 0.184375 0.29296875 0.0390625 0.0484375
2 0.10234375 0.40703125 0.0375 0.0375
2 0.06484375 0.63125 0.04375 0.0640625
2 0.57890625 0.59921875 0.021875 0.0375
2 0.546875 0.59375 0.0234375 0.0359375
2 0.61328125 0.5890625 0.0296875 0.0375
2 0.49140625 0.1609375 0.0296875 0.0453125
2 0.15546875 0.1734375 0.0390625 0.0390625
2 0.41875 0.53515625 0.0296875 0.0484375
2 0.53984375 0.80546875 0.0328125 0.0359375
2 0.2734375 0.68984375 0.0390625 0.0375
2 0.27890625 0.609375 0.0265625 0.0421875
2 0.3078125 0.58046875 0.034375 0.0421875