2 0.6171875 0.88828125 0.040625 0.03125
2 0.709375 0.46875 0.0390625 0.0328125
2 0.753125 0.49453125 0.04375 0.0328125
2 0.7171875 0.56015625 0.040625 0.0359375
2 0.70234375 0.60546875 0.04375 0.04375
2 0.71328125 0.6515625 0.040625 0.0359375
2 0.4984375 0.5984375 0.046875 0.0375
2 0.46796875 0.68359375 0.0375 0.0421875
2 0.42578125 0.69765625 0.034375 0.0359375
2 0.38828125 0.696875 0.0375 0.0453125
2 0.50234375 0.7875 0.0390625 0.0359375
2 0.484375 0.790625 0.040625 0.0390625
2 0.51328125 0.75625 0.040625 0.0265625
2 0.48203125 0.753125 0.0359375 0.0296875
2 0.39921875 0.94140625 0.0515625 0.0296875
2 0.56953125 0.90390625 0.0421875 0.03125
2 0.775 0.940625 0.0453125 0.0328125
2 0.77109375 0.9125 0.0453125 0.03125
2 0.65546875 0.99375 0.0390625 0.0125
2 0.725 0.75078125 0.0453125 0.028125
2 0.721875 0.7125 0.0453125 0.025
2 0.353125 0.3890625 0.059375 0.040625
2 0.36796875 0.45546875 0.04375 0.0375
2 0.20859375 0.375 0.0625 0.05
2 0.18671875 0.30390625 0.046875 0.046875
2 0.17578125 0.16171875 0.0453125 0.03125
2 0.296875 0.1921875 0.04375 0.0359375
2 0.51171875 0.2296875 0.05 0.0375
2 0.6328125 0.259375 0.0484375 0.025
2 0.71171875 0.21796875 0.05 0.040625
2 0.5953125 0.12734375 0.0390625 0.0375
2 0.3703125 0.07109375 0.065625 0.0453125
2 0.4171875 0.5859375 0.0375 0.021875
2 0.421875 0.5546875 0.0359375 0.0234375
2 0.428125 0.621875 0.0375 0.0296875
2 0.853125 0.53515625 0.0453125 0.03125
2 0.83125 0.19921875 0.040625 0.0390625
2 0.4765625 0.43125 0.0484375 0.03125
2 0.209375 0.53046875 0.0375 0.0328125
2 0.31796875 0.27421875 0.0390625 0.0390625
2 0.3984375 0.2859375 0.0421875 0.028125
2 0.42734375 0.3171875 0.04375 0.0359375