2 0.15390625 0.446875 0.03125 0.0390625
2 0.578125 0.3203125 0.0328125 0.0359375
2 0.55390625 0.278125 0.03125 0.0421875
2 0.4875 0.31875 0.0359375 0.0375
2 0.440625 0.33828125 0.0421875 0.040625
2 0.3953125 0.33046875 0.0359375 0.0375
2 0.440625 0.5421875 0.0359375 0.04375
2 0.35390625 0.5796875 0.0421875 0.034375
2 0.3390625 0.62421875 0.034375 0.03125
2 0.33828125 0.66171875 0.0453125 0.034375
2 0.2515625 0.55390625 0.0359375 0.0359375
2 0.24765625 0.571875 0.0390625 0.0375
2 0.2828125 0.540625 0.0265625 0.0390625
2 0.28515625 0.571875 0.0296875 0.034375
2 0.09375 0.66953125 0.028125 0.05
2 0.1375 0.49609375 0.0296875 0.040625
2 0.1078125 0.2921875 0.03125 0.04375
2 0.1359375 0.29375 0.0296875 0.04375
2 0.0375 0.41796875 0.0359375 0.0359375
2 0.29609375 0.32734375 0.0265625 0.04375
2 0.334375 0.32734375 0.0234375 0.04375
2 0.6453125 0.67109375 0.0390625 0.05625
2 0.5796875 0.66171875 0.0359375 0.040625
2 0.6546875 0.81484375 0.0484375 0.059375
2 0.725 0.83203125 0.0453125 0.04375
2 0.8671875 0.83125 0.0296875 0.04375
2 0.840625 0.71171875 0.034375 0.040625
2 0.8109375 0.4984375 0.0359375 0.046875
2 0.78515625 0.3796875 0.0234375 0.046875
2 0.8296875 0.296875 0.0390625 0.046875
2 0.91640625 0.40625 0.0375 0.0359375
2 0.96484375 0.628125 0.04375 0.0625
2 0.45078125 0.6234375 0.021875 0.0359375
2 0.48125 0.61640625 0.0234375 0.034375
2 0.41484375 0.61484375 0.0296875 0.0359375
2 0.51640625 0.18046875 0.0296875 0.04375
2 0.85234375 0.17578125 0.0390625 0.0375
2 0.6078125 0.55078125 0.0296875 0.046875
2 0.49921875 0.8265625 0.0328125 0.034375
2 0.759375 0.696875 0.0390625 0.0359375
2 0.75078125 0.61796875 0.0265625 0.040625
2 0.7203125 0.590625 0.034375 0.040625