2 0.1671875 0.43203125 0.03125 0.0421875
2 0.5875 0.26015625 0.0328125 0.0390625
2 0.5625 0.2203125 0.03125 0.0453125
2 0.496875 0.26875 0.0359375 0.040625
2 0.45078125 0.29296875 0.0421875 0.0453125
2 0.4046875 0.28984375 0.0359375 0.040625
2 0.45703125 0.496875 0.0359375 0.046875
2 0.37109375 0.54453125 0.0421875 0.0390625
2 0.35703125 0.58984375 0.0359375 0.034375
2 0.35703125 0.62734375 0.0453125 0.0390625
2 0.2671875 0.52890625 0.0359375 0.0390625
2 0.2640625 0.54765625 0.0390625 0.0421875
2 0.2984375 0.5125 0.0265625 0.0421875
2 0.3015625 0.54296875 0.0296875 0.0375
2 0.11328125 0.66171875 0.0296875 0.053125
2 0.1515625 0.4828125 0.0296875 0.04375
2 0.11640625 0.28203125 0.03125 0.046875
2 0.14453125 0.28046875 0.0296875 0.046875
2 0.05 0.41484375 0.0359375 0.0390625
2 0.30546875 0.296875 0.0265625 0.046875
2 0.34375 0.29296875 0.0234375 0.046875
2 0.66484375 0.60546875 0.040625 0.0609375
2 0.59921875 0.60234375 0.0359375 0.04375
2 0.67890625 0.7484375 0.05 0.0640625
2 0.74921875 0.7578125 0.0453125 0.0484375
2 0.89140625 0.7421875 0.0296875 0.046875
2 0.86171875 0.625 0.034375 0.04375
2 0.82578125 0.4140625 0.0375 0.05
2 0.796875 0.2984375 0.025 0.05
2 0.83828125 0.21015625 0.040625 0.0515625
2 0.92890625 0.3109375 0.0375 0.040625
2 0.98046875 0.528125 0.0390625 0.0671875
2 0.46875 0.57734375 0.021875 0.0375
2 0.5 0.5671875 0.0234375 0.0375
2 0.4328125 0.57265625 0.0296875 0.0390625
2 0.521875 0.1265625 0.0296875 0.046875
2 0.8578125 0.0859375 0.0390625 0.0421875
2 0.6234375 0.48828125 0.03125 0.05
2 0.5234375 0.7765625 0.0328125 0.0375
2 0.7796875 0.61875 0.0390625 0.040625
2 0.76875 0.53984375 0.0265625 0.04375
2 0.7375 0.51640625 0.034375 0.04375