2 0.621875 0.85625 0.0421875 0.0296875
2 0.71171875 0.4296875 0.0390625 0.03125
2 0.75546875 0.45234375 0.0453125 0.0296875
2 0.7203125 0.5203125 0.040625 0.034375
2 0.70546875 0.5671875 0.04375 0.040625
2 0.7171875 0.6125 0.040625 0.034375
2 0.50234375 0.571875 0.046875 0.034375
2 0.471875 0.659375 0.0375 0.040625
2 0.4296875 0.67578125 0.034375 0.034375
2 0.3921875 0.67734375 0.0375 0.04375
2 0.50703125 0.76171875 0.0390625 0.034375
2 0.4890625 0.765625 0.040625 0.0375
2 0.5171875 0.7296875 0.040625 0.025
2 0.4859375 0.728125 0.0359375 0.028125
2 0.4046875 0.921875 0.0515625 0.0265625
2 0.57421875 0.87421875 0.0421875 0.028125
2 0.78046875 0.89921875 0.046875 0.0296875
2 0.7765625 0.87109375 0.0453125 0.028125
2 0.66171875 0.971875 0.0390625 0.034375
2 0.72890625 0.71171875 0.0453125 0.025
2 0.72578125 0.6734375 0.0453125 0.021875
2 0.35546875 0.3703125 0.059375 0.0375
2 0.37109375 0.4359375 0.04375 0.034375
2 0.2109375 0.3640625 0.0625 0.046875
2 0.18828125 0.29453125 0.046875 0.04375
2 0.1765625 0.15234375 0.0453125 0.028125
2 0.29765625 0.17578125 0.04375 0.0328125
2 0.51328125 0.20078125 0.05 0.034375
2 0.63359375 0.2234375 0.0484375 0.021875
2 0.71328125 0.17734375 0.05 0.0375
2 0.59609375 0.09296875 0.0390625 0.0359375
2 0.3703125 0.05 0.065625 0.0421875
2 0.4203125 0.5640625 0.0375 0.0203125
2 0.425 0.5328125 0.0359375 0.021875
2 0.43203125 0.59921875 0.0375 0.028125
2 0.85625 0.4875 0.0453125 0.028125
2 0.83203125 0.1515625 0.040625 0.0375
2 0.47890625 0.40546875 0.0484375 0.028125
2 0.2125 0.5203125 0.0375 0.03125
2 0.31953125 0.25703125 0.0390625 0.0375
2 0.4 0.2640625 0.0421875 0.025
2 0.4296875 0.29375 0.04375 0.0328125