2 0.82734375 0.54765625 0.0328125 0.0421875
2 0.40859375 0.3734375 0.0328125 0.0390625
2 0.434375 0.334375 0.0328125 0.0453125
2 0.5 0.3828125 0.0375 0.0421875
2 0.5453125 0.40703125 0.04375 0.0453125
2 0.59140625 0.4046875 0.0375 0.0421875
2 0.53671875 0.61171875 0.0375 0.0484375
2 0.621875 0.659375 0.0421875 0.0390625
2 0.6359375 0.7046875 0.0359375 0.0359375
2 0.63515625 0.7421875 0.0453125 0.0390625
2 0.72578125 0.64453125 0.0359375 0.040625
2 0.72890625 0.66328125 0.040625 0.0421875
2 0.6953125 0.62734375 0.028125 0.0421875
2 0.69140625 0.65859375 0.0296875 0.0375
2 0.87890625 0.778125 0.0296875 0.053125
2 0.8421875 0.59921875 0.03125 0.04375
2 0.88046875 0.3984375 0.0328125 0.046875
2 0.85234375 0.39609375 0.03125 0.046875
2 0.9453125 0.53125 0.0359375 0.040625
2 0.690625 0.41171875 0.028125 0.046875
2 0.65234375 0.4078125 0.025 0.046875
2 0.32734375 0.71796875 0.040625 0.0609375
2 0.39296875 0.715625 0.0375 0.0453125
2 0.31171875 0.8609375 0.05 0.065625
2 0.240625 0.8703125 0.046875 0.0484375
2 0.0984375 0.85390625 0.03125 0.046875
2 0.1296875 0.73671875 0.0359375 0.04375
2 0.16875 0.5265625 0.0375 0.0515625
2 0.1984375 0.41015625 0.025 0.05
2 0.1578125 0.32265625 0.040625 0.0515625
2 0.06640625 0.42265625 0.0375 0.040625
2 0.01640625 0.6390625 0.0328125 0.0671875
2 0.52421875 0.69140625 0.021875 0.0390625
2 0.49296875 0.68125 0.0234375 0.0375
2 0.559375 0.6875 0.0296875 0.0390625
2 0.47578125 0.240625 0.03125 0.046875
2 0.13984375 0.1984375 0.040625 0.0421875
2 0.3703125 0.6015625 0.03125 0.05
2 0.4671875 0.890625 0.0328125 0.0375
2 0.21171875 0.73125 0.0390625 0.040625
2 0.22421875 0.653125 0.028125 0.04375
2 0.25546875 0.62890625 0.0359375 0.04375