2 0.47734375 0.78515625 0.0421875 0.034375
2 0.6390625 0.34296875 0.0390625 0.0359375
2 0.67890625 0.36015625 0.0453125 0.034375
2 0.6328125 0.4328125 0.040625 0.0390625
2 0.609375 0.48203125 0.04375 0.0453125
2 0.61328125 0.5265625 0.040625 0.0390625
2 0.40546875 0.51328125 0.046875 0.040625
2 0.36015625 0.60546875 0.0375 0.0453125
2 0.31484375 0.62734375 0.034375 0.0390625
2 0.27734375 0.634375 0.0375 0.0484375
2 0.378125 0.7046875 0.0390625 0.0390625
2 0.359375 0.7109375 0.040625 0.0421875
2 0.39375 0.67109375 0.040625 0.0296875
2 0.3625 0.6734375 0.0375 0.0328125
2 0.24921875 0.8796875 0.0515625 0.0328125
2 0.4265625 0.809375 0.04375 0.0328125
2 0.628125 0.80859375 0.046875 0.0359375
2 0.62890625 0.78046875 0.046875 0.034375
2 0.496875 0.896875 0.0390625 0.0390625
2 0.60859375 0.625 0.0453125 0.03125
2 0.6125 0.58671875 0.0453125 0.028125
2 0.29296875 0.328125 0.059375 0.0453125
2 0.296875 0.39296875 0.04375 0.0390625
2 0.14921875 0.340625 0.0640625 0.0546875
2 0.13828125 0.2734375 0.046875 0.05
2 0.15078125 0.13125 0.046875 0.034375
2 0.26796875 0.1390625 0.04375 0.0375
2 0.4796875 0.13671875 0.05 0.040625
2 0.59609375 0.14453125 0.0484375 0.028125
2 0.6828125 0.0875 0.05 0.04375
2 0.58046875 0.01875 0.0390625 0.0375
2 0.36171875 0.0140625 0.065625 0.028125
2 0.325 0.515625 0.0375 0.025
2 0.334375 0.48359375 0.0359375 0.0265625
2 0.33046875 0.55 0.0390625 0.0328125
2 0.7734375 0.3828125 0.046875 0.034375
2 0.80625 0.04609375 0.040625 0.0421875
2 0.4109375 0.3484375 0.05 0.034375
2 0.125 0.4984375 0.0375 0.0359375
2 0.27578125 0.21875 0.0390625 0.0421875
2 0.3546875 0.215625 0.0421875 0.0296875
2 0.3796875 0.24140625 0.04375 0.0375