2 0.85859375 0.4125 0.0296875 0.040625
2 0.43125 0.30625 0.03125 0.0375
2 0.45390625 0.2625 0.0296875 0.04375
2 0.521875 0.30078125 0.034375 0.0390625
2 0.56953125 0.3171875 0.040625 0.0421875
2 0.6140625 0.3078125 0.034375 0.0390625
2 0.575 0.52109375 0.034375 0.0453125
2 0.6625 0.55546875 0.040625 0.0359375
2 0.6796875 0.5984375 0.034375 0.0328125
2 0.68125 0.6359375 0.04375 0.0359375
2 0.76484375 0.52421875 0.034375 0.0375
2 0.76875 0.5421875 0.0375 0.0390625
2 0.7328125 0.5125 0.025 0.040625
2 0.73125 0.54375 0.028125 0.0359375
2 0.92578125 0.6328125 0.0265625 0.0515625
2 0.87734375 0.4609375 0.028125 0.0421875
2 0.90078125 0.25625 0.0296875 0.0453125
2 0.87265625 0.259375 0.028125 0.0453125
2 0.97421875 0.378125 0.034375 0.0375
2 0.71328125 0.3 0.025 0.0453125
2 0.675 0.3015625 0.021875 0.0453125
2 0.37421875 0.66015625 0.0375 0.0578125
2 0.43984375 0.646875 0.034375 0.0421875
2 0.36875 0.80390625 0.046875 0.0609375
2 0.29921875 0.82421875 0.04375 0.0453125
2 0.15703125 0.8296875 0.028125 0.0453125
2 0.1796875 0.709375 0.0328125 0.0421875
2 0.20390625 0.4953125 0.034375 0.0484375
2 0.22578125 0.375 0.021875 0.0484375
2 0.17890625 0.29453125 0.0375 0.0484375
2 0.0953125 0.4078125 0.0359375 0.0375
2 0.05390625 0.63125 0.0421875 0.0640625
2 0.56796875 0.603125 0.0203125 0.0375
2 0.53671875 0.596875 0.021875 0.0359375
2 0.603125 0.59296875 0.028125 0.0375
2 0.48828125 0.1640625 0.028125 0.0453125
2 0.15234375 0.17421875 0.0375 0.0390625
2 0.40859375 0.5375 0.028125 0.0484375
2 0.525 0.80859375 0.03125 0.0359375
2 0.2609375 0.69140625 0.0375 0.0375
2 0.26796875 0.6109375 0.025 0.0421875
2 0.296875 0.5828125 0.0328125 0.0421875