2 0.82265625 0.3625 0.0328125 0.0421875
2 0.40546875 0.28046875 0.034375 0.0390625
2 0.43125 0.23671875 0.0328125 0.0453125
2 0.49609375 0.2703125 0.0375 0.040625
2 0.54140625 0.284375 0.04375 0.0453125
2 0.5875 0.271875 0.0375 0.040625
2 0.53046875 0.4875 0.0375 0.046875
2 0.615625 0.51640625 0.04375 0.0390625
2 0.628125 0.55859375 0.0375 0.034375
2 0.62734375 0.59609375 0.046875 0.0390625
2 0.71953125 0.4796875 0.0375 0.0390625
2 0.721875 0.49765625 0.040625 0.040625
2 0.68828125 0.46953125 0.028125 0.0421875
2 0.684375 0.5015625 0.03125 0.0375
2 0.87109375 0.57890625 0.0296875 0.053125
2 0.83671875 0.41015625 0.03125 0.04375
2 0.87734375 0.20390625 0.0328125 0.046875
2 0.8484375 0.2078125 0.03125 0.046875
2 0.93984375 0.321875 0.0375 0.0390625
2 0.68671875 0.25859375 0.028125 0.046875
2 0.6484375 0.26171875 0.025 0.0453125
2 0.31953125 0.63828125 0.0421875 0.059375
2 0.3859375 0.621875 0.0375 0.04375
2 0.30234375 0.7828125 0.0515625 0.0640625
2 0.23125 0.80703125 0.046875 0.0484375
2 0.0890625 0.82109375 0.03125 0.046875
2 0.121875 0.69921875 0.0359375 0.04375
2 0.1625 0.4828125 0.0375 0.05
2 0.19453125 0.3625 0.025 0.0484375
2 0.1546875 0.28359375 0.040625 0.05
2 0.06171875 0.40234375 0.0390625 0.0390625
2 0.0125 0.62890625 0.025 0.0671875
2 0.51640625 0.56953125 0.0234375 0.0375
2 0.4859375 0.565625 0.025 0.0359375
2 0.55234375 0.5578125 0.03125 0.0390625
2 0.4734375 0.13515625 0.03125 0.046875
2 0.1375 0.165625 0.040625 0.040625
2 0.36328125 0.5140625 0.03125 0.05
2 0.4578125 0.778125 0.034375 0.0375
2 0.20390625 0.67578125 0.040625 0.0390625
2 0.2171875 0.5953125 0.028125 0.04375
2 0.2484375 0.565625 0.0359375 0.04375