2 0.4875 0.82734375 0.040625 0.03125
2 0.64375 0.39453125 0.0390625 0.0328125
2 0.684375 0.41484375 0.04375 0.03125
2 0.6390625 0.48515625 0.040625 0.0359375
2 0.61640625 0.5328125 0.04375 0.0421875
2 0.62109375 0.57734375 0.040625 0.0359375
2 0.4125 0.54765625 0.046875 0.0359375
2 0.36796875 0.6375 0.0375 0.0421875
2 0.32265625 0.65625 0.034375 0.0359375
2 0.28515625 0.659375 0.0375 0.0453125
2 0.38671875 0.73828125 0.0390625 0.0359375
2 0.36875 0.74296875 0.040625 0.0390625
2 0.40234375 0.70546875 0.040625 0.0265625
2 0.37109375 0.70546875 0.0359375 0.0296875
2 0.26015625 0.9046875 0.0515625 0.0296875
2 0.43671875 0.84765625 0.0421875 0.0296875
2 0.6390625 0.8625 0.0453125 0.03125
2 0.63984375 0.834375 0.0453125 0.0296875
2 0.50859375 0.94140625 0.0390625 0.0359375
2 0.6171875 0.6765625 0.0453125 0.0265625
2 0.6203125 0.63828125 0.0453125 0.0234375
2 0.296875 0.353125 0.059375 0.040625
2 0.30234375 0.41875 0.04375 0.0359375
2 0.15390625 0.3546875 0.0625 0.05
2 0.14140625 0.2859375 0.046875 0.0453125
2 0.15234375 0.14375 0.0453125 0.0296875
2 0.2703125 0.1609375 0.04375 0.034375
2 0.48203125 0.175 0.05 0.0375
2 0.5984375 0.19140625 0.0484375 0.025
2 0.68515625 0.140625 0.05 0.040625
2 0.58125 0.0625 0.0390625 0.0375
2 0.3625 0.03046875 0.065625 0.0453125
2 0.33125 0.54453125 0.0375 0.021875
2 0.340625 0.5125 0.0359375 0.0234375
2 0.3375 0.57890625 0.0375 0.0296875
2 0.7796875 0.44453125 0.0453125 0.0296875
2 0.8078125 0.10859375 0.040625 0.0390625
2 0.415625 0.38203125 0.0484375 0.03125
2 0.13125 0.51171875 0.0375 0.0328125
2 0.27890625 0.24140625 0.0390625 0.0390625
2 0.3578125 0.24453125 0.0421875 0.0265625
2 0.38359375 0.27265625 0.04375 0.034375