2 0.13359375 0.43359375 0.03125 0.0421875
2 0.5625 0.2671875 0.0328125 0.0390625
2 0.54140625 0.2265625 0.03125 0.0453125
2 0.471875 0.27421875 0.0359375 0.040625
2 0.425 0.29765625 0.0421875 0.0453125
2 0.3796875 0.29453125 0.0359375 0.040625
2 0.415625 0.50234375 0.0359375 0.046875
2 0.32734375 0.5484375 0.0421875 0.0390625
2 0.309375 0.59375 0.034375 0.034375
2 0.30703125 0.63125 0.0453125 0.0390625
2 0.225 0.53203125 0.0359375 0.0390625
2 0.22109375 0.55 0.0390625 0.040625
2 0.2578125 0.515625 0.0265625 0.0421875
2 0.25859375 0.54609375 0.0296875 0.0375
2 0.0625 0.6625 0.028125 0.053125
2 0.1140625 0.484375 0.0296875 0.04375
2 0.09375 0.2828125 0.03125 0.046875
2 0.121875 0.28203125 0.0296875 0.046875
2 0.01875 0.41484375 0.0359375 0.0390625
2 0.28046875 0.3 0.0265625 0.046875
2 0.31875 0.296875 0.0234375 0.0453125
2 0.6140625 0.6125 0.0390625 0.059375
2 0.5484375 0.60859375 0.0359375 0.04375
2 0.6171875 0.75546875 0.0484375 0.0640625
2 0.6859375 0.765625 0.0453125 0.0484375
2 0.828125 0.7515625 0.0296875 0.046875
2 0.8078125 0.634375 0.034375 0.04375
2 0.7875 0.4234375 0.0359375 0.05
2 0.76796875 0.30703125 0.0234375 0.0484375
2 0.815625 0.2203125 0.0390625 0.05
2 0.89765625 0.321875 0.0375 0.0390625
2 0.93515625 0.5390625 0.04375 0.0671875
2 0.42109375 0.5828125 0.021875 0.0375
2 0.453125 0.57265625 0.0234375 0.0359375
2 0.38671875 0.57734375 0.0296875 0.0390625
2 0.50859375 0.1328125 0.0296875 0.046875
2 0.84453125 0.09609375 0.0390625 0.040625
2 0.58125 0.49453125 0.0296875 0.05
2 0.46015625 0.78203125 0.0328125 0.0375
2 0.7265625 0.628125 0.0390625 0.0390625
2 0.72109375 0.54921875 0.0265625 0.04375
2 0.6921875 0.52421875 0.034375 0.04375