2 0.17734375 0.45859375 0.0328125 0.040625
2 0.59453125 0.36640625 0.034375 0.0390625
2 0.56875 0.32265625 0.0328125 0.04375
2 0.50390625 0.35859375 0.0375 0.040625
2 0.45859375 0.3734375 0.04375 0.04375
2 0.4125 0.3625 0.0375 0.040625
2 0.46953125 0.57734375 0.0375 0.046875
2 0.384375 0.6078125 0.04375 0.0375
2 0.371875 0.65 0.0375 0.034375
2 0.37265625 0.6875 0.046875 0.0375
2 0.28046875 0.5734375 0.0375 0.0390625
2 0.278125 0.59140625 0.040625 0.040625
2 0.31171875 0.5625 0.028125 0.040625
2 0.315625 0.59375 0.03125 0.0359375
2 0.12890625 0.6765625 0.0296875 0.0515625
2 0.16328125 0.50625 0.03125 0.0421875
2 0.12265625 0.30078125 0.0328125 0.0453125
2 0.1515625 0.3046875 0.03125 0.0453125
2 0.06015625 0.4203125 0.0375 0.0390625
2 0.31328125 0.35078125 0.028125 0.0453125
2 0.3515625 0.35390625 0.025 0.0453125
2 0.68046875 0.72265625 0.0421875 0.059375
2 0.6140625 0.7078125 0.0375 0.04375
2 0.69765625 0.8671875 0.0515625 0.0625
2 0.76875 0.8890625 0.046875 0.046875
2 0.9109375 0.9 0.03125 0.0453125
2 0.878125 0.77890625 0.0359375 0.04375
2 0.8375 0.5640625 0.0375 0.05
2 0.80546875 0.44296875 0.025 0.0484375
2 0.8453125 0.3640625 0.040625 0.05
2 0.93828125 0.48046875 0.0390625 0.0390625
2 0.9875 0.70546875 0.025 0.065625
2 0.48359375 0.65859375 0.0234375 0.0375
2 0.5140625 0.65390625 0.025 0.0359375
2 0.44765625 0.64765625 0.03125 0.0375
2 0.5265625 0.22265625 0.03125 0.0453125
2 0.8625 0.24453125 0.040625 0.040625
2 0.63671875 0.59921875 0.03125 0.0484375
2 0.5421875 0.86640625 0.034375 0.0375
2 0.79609375 0.7578125 0.040625 0.0390625
2 0.7828125 0.67734375 0.028125 0.0421875
2 0.7515625 0.6484375 0.0359375 0.04375