2 0.1515625 0.4453125 0.0296875 0.0390625
2 0.57578125 0.31328125 0.03125 0.0359375
2 0.55234375 0.271875 0.0296875 0.0421875
2 0.48515625 0.31328125 0.034375 0.0375
2 0.4390625 0.3328125 0.040625 0.040625
2 0.39296875 0.32578125 0.034375 0.0375
2 0.4375 0.53671875 0.034375 0.04375
2 0.35078125 0.57578125 0.040625 0.034375
2 0.33515625 0.6203125 0.034375 0.03125
2 0.334375 0.6578125 0.04375 0.034375
2 0.24765625 0.5515625 0.034375 0.0359375
2 0.24453125 0.56953125 0.0375 0.0375
2 0.2796875 0.5375 0.025 0.0390625
2 0.28203125 0.56875 0.028125 0.034375
2 0.08984375 0.66875 0.028125 0.05
2 0.134375 0.49453125 0.028125 0.040625
2 0.10625 0.29140625 0.0296875 0.04375
2 0.134375 0.2921875 0.028125 0.04375
2 0.03515625 0.4171875 0.034375 0.0359375
2 0.29375 0.32421875 0.025 0.04375
2 0.33203125 0.3234375 0.021875 0.04375
2 0.64140625 0.6640625 0.0390625 0.05625
2 0.57578125 0.6546875 0.034375 0.040625
2 0.65 0.8078125 0.0484375 0.0609375
2 0.7203125 0.8234375 0.04375 0.04375
2 0.8625 0.82109375 0.028125 0.04375
2 0.83671875 0.70234375 0.0328125 0.040625
2 0.8078125 0.4890625 0.0359375 0.046875
2 0.78359375 0.37109375 0.0234375 0.046875
2 0.828125 0.2875 0.0390625 0.046875
2 0.9140625 0.39609375 0.0359375 0.0359375
2 0.9609375 0.6171875 0.04375 0.0625
2 0.446875 0.61796875 0.0203125 0.0359375
2 0.478125 0.6109375 0.021875 0.034375
2 0.41171875 0.61015625 0.028125 0.0359375
2 0.515625 0.175 0.028125 0.04375
2 0.8515625 0.165625 0.0375 0.0375
2 0.60390625 0.54375 0.0296875 0.046875
2 0.49453125 0.82109375 0.03125 0.034375
2 0.75546875 0.68828125 0.0375 0.0359375
2 0.746875 0.609375 0.025 0.040625
2 0.71640625 0.58203125 0.0328125 0.040625