2 0.83515625 0.54765625 0.03125 0.0421875
2 0.41484375 0.3734375 0.0328125 0.0390625
2 0.4390625 0.334375 0.03125 0.0453125
2 0.50546875 0.3828125 0.0359375 0.0421875
2 0.5515625 0.40703125 0.0421875 0.0453125
2 0.596875 0.4046875 0.0359375 0.0421875
2 0.546875 0.61171875 0.0359375 0.0484375
2 0.63203125 0.659375 0.0421875 0.0390625
2 0.646875 0.7046875 0.0359375 0.0359375
2 0.64609375 0.7421875 0.0453125 0.0390625
2 0.7359375 0.64453125 0.0359375 0.040625
2 0.7390625 0.66328125 0.0390625 0.0421875
2 0.7046875 0.62734375 0.0265625 0.0421875
2 0.7015625 0.65859375 0.0296875 0.0375
2 0.890625 0.778125 0.028125 0.053125
2 0.85078125 0.59921875 0.0296875 0.04375
2 0.8859375 0.3984375 0.03125 0.046875
2 0.85703125 0.39609375 0.0296875 0.046875
2 0.95234375 0.53125 0.0359375 0.040625
2 0.69609375 0.41171875 0.0265625 0.046875
2 0.6578125 0.4078125 0.0234375 0.046875
2 0.3390625 0.71796875 0.040625 0.0609375
2 0.4046875 0.715625 0.0359375 0.0453125
2 0.32578125 0.8609375 0.05 0.065625
2 0.25546875 0.8703125 0.0453125 0.0484375
2 0.11328125 0.85390625 0.0296875 0.046875
2 0.1421875 0.73671875 0.034375 0.04375
2 0.17734375 0.5265625 0.0359375 0.0515625
2 0.20546875 0.41015625 0.0234375 0.05
2 0.16328125 0.32265625 0.0390625 0.0515625
2 0.0734375 0.42265625 0.0375 0.040625
2 0.021875 0.6390625 0.04375 0.0671875
2 0.53515625 0.69140625 0.021875 0.0390625
2 0.50390625 0.68125 0.0234375 0.0375
2 0.5703125 0.6875 0.0296875 0.0390625
2 0.47890625 0.240625 0.0296875 0.046875
2 0.14296875 0.1984375 0.0390625 0.0421875
2 0.3796875 0.6015625 0.0296875 0.05
2 0.48203125 0.890625 0.0328125 0.0375
2 0.22421875 0.73125 0.0390625 0.040625
2 0.23515625 0.653125 0.0265625 0.04375
2 0.26640625 0.62890625 0.034375 0.04375