2 0.52265625 0.853125 0.040625 0.0296875
2 0.66171875 0.42578125 0.0375 0.03125
2 0.703125 0.4484375 0.04375 0.0296875
2 0.66015625 0.51640625 0.0390625 0.034375
2 0.63984375 0.56328125 0.0421875 0.040625
2 0.64609375 0.60859375 0.0390625 0.034375
2 0.43515625 0.56953125 0.0453125 0.034375
2 0.3953125 0.65703125 0.0359375 0.040625
2 0.35078125 0.6734375 0.0328125 0.034375
2 0.31328125 0.675 0.0359375 0.04375
2 0.41796875 0.759375 0.0375 0.034375
2 0.4 0.76328125 0.0390625 0.0375
2 0.43203125 0.72734375 0.040625 0.025
2 0.40078125 0.72578125 0.0359375 0.028125
2 0.29765625 0.9203125 0.0515625 0.0265625
2 0.47265625 0.87109375 0.0421875 0.028125
2 0.67578125 0.8953125 0.0453125 0.0296875
2 0.675 0.8671875 0.0453125 0.028125
2 0.5484375 0.96875 0.0375 0.034375
2 0.64609375 0.7078125 0.0453125 0.025
2 0.64765625 0.66953125 0.04375 0.021875
2 0.31171875 0.36875 0.0578125 0.0375
2 0.3203125 0.434375 0.0421875 0.034375
2 0.16875 0.36328125 0.0609375 0.046875
2 0.15390625 0.29375 0.0453125 0.04375
2 0.15859375 0.1515625 0.0453125 0.028125
2 0.27734375 0.17421875 0.0421875 0.0328125
2 0.48984375 0.19765625 0.0484375 0.034375
2 0.6078125 0.21953125 0.046875 0.021875
2 0.6921875 0.1734375 0.0484375 0.0375
2 0.58515625 0.08984375 0.0375 0.0359375
2 0.36484375 0.04765625 0.0640625 0.0421875
2 0.3546875 0.56171875 0.0359375 0.0203125
2 0.3625 0.53046875 0.034375 0.021875
2 0.36171875 0.596875 0.0375 0.028125
2 0.79921875 0.4828125 0.0453125 0.028125
2 0.8140625 0.146875 0.0390625 0.0375
2 0.43203125 0.403125 0.0484375 0.028125
2 0.15234375 0.51953125 0.0359375 0.03125
2 0.28984375 0.25546875 0.0375 0.0375
2 0.36875 0.26171875 0.0421875 0.025
2 0.3953125 0.29140625 0.0421875 0.0328125