2 0.85859375 0.5375 0.0296875 0.0421875
2 0.43125 0.36875 0.03125 0.0390625
2 0.45390625 0.32890625 0.0296875 0.0453125
2 0.521875 0.3765625 0.034375 0.040625
2 0.56953125 0.4 0.040625 0.0453125
2 0.6140625 0.396875 0.034375 0.040625
2 0.575 0.6046875 0.034375 0.046875
2 0.6625 0.6515625 0.040625 0.0390625
2 0.6796875 0.696875 0.034375 0.034375
2 0.68125 0.734375 0.04375 0.0390625
2 0.76484375 0.63515625 0.034375 0.0390625
2 0.76875 0.65390625 0.0375 0.0421875
2 0.7328125 0.61875 0.025 0.0421875
2 0.73125 0.65 0.028125 0.0375
2 0.92578125 0.7671875 0.0265625 0.053125
2 0.87734375 0.5890625 0.028125 0.04375
2 0.90078125 0.3875 0.0296875 0.046875
2 0.87265625 0.3859375 0.028125 0.046875
2 0.97421875 0.5203125 0.034375 0.0390625
2 0.71328125 0.40390625 0.025 0.046875
2 0.675 0.4 0.021875 0.0453125
2 0.37421875 0.7140625 0.0375 0.0609375
2 0.43984375 0.7109375 0.034375 0.04375
2 0.36875 0.85703125 0.046875 0.0640625
2 0.29921875 0.8671875 0.04375 0.0484375
2 0.15703125 0.8515625 0.028125 0.046875
2 0.1796875 0.73515625 0.0328125 0.04375
2 0.20390625 0.52421875 0.034375 0.05
2 0.22578125 0.4078125 0.021875 0.0484375
2 0.17890625 0.3203125 0.0375 0.0515625
2 0.0953125 0.421875 0.0359375 0.0390625
2 0.05390625 0.6390625 0.0421875 0.0671875
2 0.56796875 0.68515625 0.0203125 0.0375
2 0.53671875 0.675 0.021875 0.0359375
2 0.603125 0.68046875 0.028125 0.0390625
2 0.48828125 0.23515625 0.028125 0.046875
2 0.15234375 0.19609375 0.0375 0.0421875
2 0.40859375 0.596875 0.028125 0.05
2 0.525 0.884375 0.03125 0.0375
2 0.2609375 0.72890625 0.0375 0.040625
2 0.26796875 0.65 0.025 0.04375
2 0.296875 0.62578125 0.0328125 0.04375