2 0.69140625 0.2265625 0.0546875 0.040625
2 0.440625 0.20546875 0.0453125 0.0328125
2 0.48125 0.259375 0.0453125 0.040625
2 0.7109375 0.28828125 0.0328125 0.03125
2 0.7546875 0.27109375 0.0484375 0.0453125
2 0.80390625 0.33359375 0.0484375 0.053125
2 0.825 0.29296875 0.0515625 0.0421875
2 0.89921875 0.18984375 0.0453125 0.0375
2 0.821875 0.69921875 0.0515625 0.0484375
2 0.98046875 0.6984375 0.0390625 0.05
2 0.559375 0.76171875 0.053125 0.05625
2 0.55546875 0.6328125 0.053125 0.0375
2 0.63359375 0.6328125 0.0515625 0.0390625
2 0.79296875 0.88984375 0.0453125 0.0515625
2 0.86015625 0.90078125 0.0484375 0.0453125
2 0.97890625 0.89140625 0.0421875 0.075
2 0.896875 0.94375 0.0609375 0.05625
2 0.75546875 0.9890625 0.0640625 0.021875
2 0.8359375 0.97890625 0.046875 0.0421875
2 0.59453125 0.89921875 0.0578125 0.053125
2 0.59140625 0.95546875 0.059375 0.053125
2 0.4078125 0.96484375 0.0515625 0.05
2 0.34453125 0.92265625 0.0515625 0.0453125
2 0.34140625 0.971875 0.0796875 0.05625
2 0.134375 0.921875 0.065625 0.04375
2 0.1203125 0.9484375 0.0578125 0.040625
2 0.4328125 0.8984375 0.0359375 0.03125
2 0.38046875 0.60546875 0.0421875 0.0375
2 0.89609375 0.2546875 0.05 0.0640625
2 0.90625 0.31328125 0.05 0.0640625