2 0.80546875 0.60625 0.0375 0.05625
2 0.81484375 0.35625 0.03125 0.046875
2 0.76328125 0.39921875 0.0390625 0.046875
2 0.74453125 0.62890625 0.0296875 0.034375
2 0.76328125 0.671875 0.04375 0.05
2 0.70390625 0.7234375 0.0515625 0.05
2 0.7453125 0.7421875 0.040625 0.0515625
2 0.8515625 0.8109375 0.0359375 0.046875
2 0.33828125 0.7609375 0.046875 0.0546875
2 0.34609375 0.925 0.0484375 0.05625
2 0.2625 0.503125 0.0546875 0.05625
2 0.3921875 0.4921875 0.0359375 0.0546875
2 0.39609375 0.56953125 0.0375 0.053125
2 0.1453125 0.7421875 0.05 0.0484375
2 0.1375 0.81015625 0.04375 0.05
2 0.153125 0.93515625 0.071875 0.0625
2 0.096875 0.8484375 0.053125 0.0640625
2 0.02734375 0.7109375 0.0546875 0.0671875
2 0.015625 0.7984375 0.03125 0.0828125
2 0.0578125 0.7890625 0.040625 0.0484375
2 0.00625 0.91484375 0.0125 0.040625
2 0.1265625 0.5453125 0.05 0.0609375
2 0.07109375 0.5453125 0.05 0.0625
2 0.05234375 0.36328125 0.0484375 0.0546875
2 0.0921875 0.2984375 0.04375 0.053125
2 0.03984375 0.29765625 0.0578125 0.0828125
2 0.0828125 0.08828125 0.040625 0.0671875
2 0.05546875 0.0765625 0.0375 0.059375
2 0.11953125 0.384375 0.0296875 0.0375
2 0.4109375 0.31640625 0.0359375 0.04375
2 0.7875 0.81171875 0.0625 0.053125
2 0.72890625 0.825 0.0625 0.0546875