2 0.80546875 0.71484375 0.0375 0.0546875
2 0.81484375 0.4640625 0.03125 0.0453125
2 0.76328125 0.5 0.0390625 0.0453125
2 0.74453125 0.7296875 0.0296875 0.0328125
2 0.76328125 0.775 0.04375 0.0484375
2 0.70390625 0.8203125 0.0515625 0.046875
2 0.7453125 0.84375 0.040625 0.05
2 0.8515625 0.9265625 0.0359375 0.0453125
2 0.33828125 0.81015625 0.046875 0.0515625
2 0.34609375 0.975 0.0484375 0.05
2 0.2625 0.540625 0.0546875 0.053125
2 0.3921875 0.546875 0.0359375 0.053125
2 0.39609375 0.625 0.0375 0.0515625
2 0.1453125 0.76640625 0.05 0.0453125
2 0.1375 0.83359375 0.04375 0.0484375
2 0.153125 0.96171875 0.071875 0.059375
2 0.096875 0.86796875 0.053125 0.0609375
2 0.02734375 0.71953125 0.0546875 0.0640625
2 0.015625 0.80390625 0.03125 0.0796875
2 0.0578125 0.803125 0.040625 0.046875
2 0.00625 0.92109375 0.0125 0.0390625
2 0.1265625 0.565625 0.05 0.0578125
2 0.07109375 0.55859375 0.05 0.059375
2 0.05234375 0.37265625 0.0484375 0.0515625
2 0.0921875 0.3125 0.04375 0.0515625
2 0.03984375 0.30546875 0.0578125 0.0796875
2 0.0828125 0.1 0.040625 0.065625
2 0.05546875 0.084375 0.0375 0.0578125
2 0.11953125 0.40234375 0.0296875 0.0359375
2 0.4109375 0.371875 0.0359375 0.0421875
2 0.7875 0.91953125 0.0625 0.0484375
2 0.72890625 0.925 0.0625 0.05