2 0.69453125 0.2265625 0.0546875 0.040625
2 0.44375 0.20546875 0.0453125 0.0328125
2 0.48515625 0.259375 0.0453125 0.040625
2 0.71484375 0.28828125 0.0328125 0.03125
2 0.7578125 0.27109375 0.05 0.0453125
2 0.80859375 0.33359375 0.05 0.053125
2 0.828125 0.29296875 0.0515625 0.0421875
2 0.90078125 0.18984375 0.0453125 0.0375
2 0.8328125 0.69921875 0.053125 0.0484375
2 0.98515625 0.6984375 0.0296875 0.05
2 0.571875 0.76171875 0.0546875 0.05625
2 0.565625 0.6328125 0.053125 0.0375
2 0.64296875 0.6328125 0.0515625 0.0390625
2 0.80703125 0.88984375 0.046875 0.0515625
2 0.875 0.90078125 0.05 0.0453125
2 0.98515625 0.89140625 0.0296875 0.075
2 0.9125 0.94375 0.0625 0.05625
2 0.771875 0.9890625 0.065625 0.021875
2 0.8515625 0.97890625 0.046875 0.0421875
2 0.609375 0.89921875 0.059375 0.053125
2 0.60703125 0.95546875 0.0609375 0.053125
2 0.42421875 0.96484375 0.053125 0.05
2 0.36015625 0.92265625 0.053125 0.0453125
2 0.3578125 0.971875 0.08125 0.05625
2 0.15 0.921875 0.065625 0.04375
2 0.13671875 0.9484375 0.0578125 0.040625
2 0.44765625 0.8984375 0.0359375 0.03125
2 0.38984375 0.60546875 0.0421875 0.0375
2 0.89921875 0.2546875 0.05 0.0640625
2 0.91015625 0.31328125 0.05 0.0640625