2 0.69140625 0.15078125 0.0546875 0.034375
2 0.440625 0.1578125 0.0453125 0.028125
2 0.48125 0.20625 0.0453125 0.0359375
2 0.7109375 0.2109375 0.0328125 0.028125
2 0.7546875 0.18828125 0.0484375 0.040625
2 0.80390625 0.2453125 0.0484375 0.0484375
2 0.825 0.20234375 0.0515625 0.0375
2 0.89921875 0.090625 0.0453125 0.0328125
2 0.821875 0.6109375 0.0515625 0.04375
2 0.98046875 0.5921875 0.0390625 0.0453125
2 0.559375 0.703125 0.053125 0.0515625
2 0.55546875 0.5734375 0.053125 0.0328125
2 0.63359375 0.56484375 0.0515625 0.034375
2 0.79296875 0.80546875 0.0453125 0.046875
2 0.86015625 0.809375 0.0484375 0.040625
2 0.97890625 0.7859375 0.0421875 0.06875
2 0.896875 0.8484375 0.0609375 0.05
2 0.75546875 0.9296875 0.0640625 0.05625
2 0.84140625 0.95546875 0.0796875 0.071875
2 0.8359375 0.890625 0.046875 0.0375
2 0.95859375 0.94609375 0.0390625 0.034375
2 0.59453125 0.8375 0.0578125 0.046875
2 0.59140625 0.89375 0.059375 0.046875
2 0.4078125 0.9234375 0.0515625 0.0453125
2 0.34453125 0.88828125 0.0515625 0.040625
2 0.34140625 0.940625 0.0796875 0.053125
2 0.134375 0.9109375 0.065625 0.0375
2 0.1203125 0.9390625 0.0578125 0.034375
2 0.4328125 0.8546875 0.0359375 0.028125
2 0.38046875 0.565625 0.0421875 0.0328125
2 0.89609375 0.15546875 0.05 0.059375
2 0.90625 0.21328125 0.05 0.059375