2 0.853125 0.72421875 0.034375 0.0546875
2 0.84453125 0.4734375 0.028125 0.0453125
2 0.79609375 0.509375 0.0359375 0.0453125
2 0.79296875 0.7390625 0.028125 0.0328125
2 0.815625 0.784375 0.040625 0.0484375
2 0.759375 0.82890625 0.0484375 0.046875
2 0.80234375 0.853125 0.0375 0.05
2 0.9140625 0.9375 0.0328125 0.0453125
2 0.39375 0.81484375 0.04375 0.0515625
2 0.41328125 0.97734375 0.0453125 0.0453125
2 0.3 0.54453125 0.0515625 0.0546875
2 0.4296875 0.5515625 0.0328125 0.053125
2 0.43828125 0.63046875 0.034375 0.0515625
2 0.1984375 0.76875 0.046875 0.0453125
2 0.1953125 0.8359375 0.040625 0.0484375
2 0.21953125 0.9640625 0.06875 0.059375
2 0.15703125 0.86953125 0.05 0.0609375
2 0.075 0.7203125 0.05625 0.065625
2 0.04921875 0.80390625 0.0734375 0.0796875
2 0.1140625 0.80390625 0.0375 0.046875
2 0.059375 0.921875 0.034375 0.0390625
2 0.165625 0.56796875 0.046875 0.0578125
2 0.109375 0.559375 0.046875 0.059375
2 0.07890625 0.3734375 0.0453125 0.0515625
2 0.1140625 0.3140625 0.040625 0.0515625
2 0.06171875 0.30546875 0.0546875 0.08125
2 0.0890625 0.10078125 0.0375 0.065625
2 0.0609375 0.08515625 0.034375 0.0578125
2 0.14765625 0.4046875 0.028125 0.0359375
2 0.4359375 0.37734375 0.0328125 0.0421875
2 0.84921875 0.92890625 0.059375 0.05
2 0.79140625 0.934375 0.059375 0.0515625