2 0.8296875 0.7890625 0.0359375 0.0578125
2 0.8296875 0.5375 0.0296875 0.046875
2 0.7796875 0.56953125 0.0375 0.0484375
2 0.76875 0.7984375 0.028125 0.034375
2 0.78984375 0.84609375 0.0421875 0.0515625
2 0.73125 0.8859375 0.05 0.0515625
2 0.77421875 0.9140625 0.0390625 0.053125
2 0.8828125 0.99140625 0.034375 0.0171875
2 0.365625 0.84375 0.0453125 0.0546875
2 0.3796875 0.99140625 0.046875 0.0171875
2 0.28125 0.56640625 0.053125 0.0578125
2 0.4109375 0.584375 0.034375 0.05625
2 0.4171875 0.66328125 0.0359375 0.0546875
2 0.171875 0.78359375 0.0484375 0.05
2 0.16640625 0.85 0.0421875 0.0515625
2 0.18671875 0.97421875 0.0703125 0.0515625
2 0.1265625 0.88046875 0.0515625 0.065625
2 0.05 0.725 0.0578125 0.06875
2 0.02890625 0.80703125 0.0578125 0.0859375
2 0.0859375 0.81171875 0.0390625 0.05
2 0.02734375 0.92578125 0.0359375 0.0421875
2 0.14609375 0.5796875 0.0484375 0.0625
2 0.08984375 0.5671875 0.0484375 0.0640625
2 0.065625 0.3796875 0.046875 0.05625
2 0.103125 0.321875 0.0421875 0.0546875
2 0.05078125 0.31015625 0.0546875 0.084375
2 0.0859375 0.1078125 0.0390625 0.06875
2 0.05859375 0.0890625 0.0359375 0.0609375
2 0.13359375 0.41484375 0.0296875 0.0375
2 0.4234375 0.41015625 0.034375 0.0453125
2 0.81796875 0.9828125 0.0609375 0.034375
2 0.76015625 0.9828125 0.0609375 0.034375