2 0.865625 0.68515625 0.0359375 0.053125
2 0.85234375 0.434375 0.0296875 0.04375
2 0.8046875 0.47265625 0.0375 0.04375
2 0.80546875 0.70234375 0.0296875 0.03125
2 0.82890625 0.746875 0.0421875 0.046875
2 0.7734375 0.79375 0.05 0.0453125
2 0.81640625 0.81640625 0.0390625 0.0484375
2 0.9296875 0.8953125 0.034375 0.04375
2 0.4078125 0.796875 0.0453125 0.05
2 0.43046875 0.9625 0.046875 0.0515625
2 0.309375 0.53046875 0.053125 0.0515625
2 0.4390625 0.53203125 0.034375 0.0515625
2 0.44921875 0.61015625 0.0359375 0.05
2 0.21171875 0.76015625 0.0484375 0.04375
2 0.21015625 0.82734375 0.0421875 0.046875
2 0.23671875 0.9546875 0.0703125 0.05625
2 0.171875 0.8625 0.0515625 0.059375
2 0.0875 0.7171875 0.0578125 0.0625
2 0.06328125 0.80234375 0.0734375 0.0765625
2 0.128125 0.79921875 0.0390625 0.0453125
2 0.075 0.91953125 0.0359375 0.0375
2 0.17578125 0.56015625 0.0484375 0.05625
2 0.11953125 0.5546875 0.0484375 0.0578125
2 0.08515625 0.3703125 0.046875 0.05
2 0.11875 0.30859375 0.0421875 0.05
2 0.06640625 0.303125 0.0546875 0.078125
2 0.09140625 0.096875 0.0390625 0.0640625
2 0.0625 0.08203125 0.0359375 0.05625
2 0.1546875 0.39765625 0.0296875 0.034375
2 0.4421875 0.35703125 0.034375 0.040625
2 0.86484375 0.88984375 0.0609375 0.046875
2 0.80703125 0.89765625 0.0609375 0.0484375