2 0.6796875 0.11484375 0.0546875 0.0375
2 0.42890625 0.13515625 0.0453125 0.03125
2 0.465625 0.18203125 0.0453125 0.0390625
2 0.69453125 0.17421875 0.0328125 0.0296875
2 0.73984375 0.14921875 0.0484375 0.04375
2 0.78515625 0.20390625 0.0484375 0.0515625
2 0.809375 0.159375 0.0515625 0.040625
2 0.8921875 0.04375 0.0453125 0.0359375
2 0.775 0.56953125 0.0515625 0.046875
2 0.94140625 0.54140625 0.0515625 0.0484375
2 0.50546875 0.675 0.053125 0.0546875
2 0.51171875 0.5453125 0.053125 0.0359375
2 0.590625 0.53359375 0.0515625 0.0375
2 0.73203125 0.765625 0.0453125 0.05
2 0.79921875 0.765625 0.0484375 0.04375
2 0.92734375 0.7359375 0.059375 0.071875
2 0.8328125 0.803125 0.0609375 0.053125
2 0.684375 0.8921875 0.0640625 0.059375
2 0.76875 0.91328125 0.0796875 0.0765625
2 0.76796875 0.8484375 0.046875 0.040625
2 0.8859375 0.89765625 0.0390625 0.0359375
2 0.53046875 0.8078125 0.0578125 0.05
2 0.5234375 0.86484375 0.059375 0.05
2 0.33828125 0.90390625 0.0515625 0.0484375
2 0.27734375 0.871875 0.0515625 0.04375
2 0.2703125 0.92421875 0.0796875 0.0578125
2 0.06484375 0.90625 0.065625 0.040625
2 0.04921875 0.93515625 0.0578125 0.0375
2 0.36796875 0.83359375 0.0359375 0.0296875
2 0.3375 0.546875 0.0421875 0.0359375
2 0.884375 0.109375 0.0484375 0.0625
2 0.88984375 0.16640625 0.0484375 0.0625