2 0.865625 0.6359375 0.0359375 0.0546875
2 0.85234375 0.38515625 0.0296875 0.0453125
2 0.8046875 0.4265625 0.0375 0.0453125
2 0.80546875 0.65625 0.0296875 0.0328125
2 0.82890625 0.7 0.0421875 0.05
2 0.7734375 0.75 0.05 0.0484375
2 0.81640625 0.7703125 0.0390625 0.05
2 0.9296875 0.84296875 0.034375 0.0453125
2 0.4078125 0.77421875 0.0453125 0.053125
2 0.43046875 0.9390625 0.046875 0.0546875
2 0.309375 0.51328125 0.053125 0.0546875
2 0.4390625 0.50703125 0.034375 0.053125
2 0.44921875 0.58515625 0.0359375 0.0515625
2 0.21171875 0.74921875 0.0484375 0.046875
2 0.21015625 0.81640625 0.0421875 0.05
2 0.23671875 0.9421875 0.0703125 0.0609375
2 0.171875 0.85390625 0.0515625 0.0625
2 0.0875 0.71328125 0.0578125 0.065625
2 0.06328125 0.8 0.0734375 0.08125
2 0.128125 0.79296875 0.0390625 0.046875
2 0.075 0.91640625 0.0359375 0.0390625
2 0.17578125 0.55078125 0.0484375 0.059375
2 0.11953125 0.5484375 0.0484375 0.0609375
2 0.08515625 0.365625 0.046875 0.053125
2 0.11875 0.30234375 0.0421875 0.053125
2 0.06640625 0.3 0.0546875 0.08125
2 0.09140625 0.09140625 0.0390625 0.065625
2 0.0625 0.07890625 0.0359375 0.0578125
2 0.1546875 0.3890625 0.0296875 0.0359375
2 0.4421875 0.33203125 0.034375 0.0421875
2 0.86484375 0.840625 0.0609375 0.05
2 0.80703125 0.85234375 0.0609375 0.0515625