2 0.89296875 0.76875 0.0375 0.05625
2 0.8703125 0.51796875 0.03125 0.046875
2 0.8234375 0.55078125 0.0390625 0.046875
2 0.834375 0.78046875 0.0296875 0.034375
2 0.859375 0.82734375 0.04375 0.0515625
2 0.80546875 0.86796875 0.0515625 0.05
2 0.85 0.8953125 0.040625 0.0515625
2 0.96640625 0.98046875 0.0359375 0.0390625
2 0.43984375 0.83515625 0.046875 0.0546875
2 0.46953125 0.9875 0.0484375 0.025
2 0.33046875 0.559375 0.0546875 0.05625
2 0.4609375 0.57421875 0.0359375 0.0546875
2 0.47421875 0.653125 0.0375 0.053125
2 0.24296875 0.77890625 0.05 0.0484375
2 0.24375 0.84609375 0.04375 0.0515625
2 0.275 0.971875 0.0734375 0.05625
2 0.20703125 0.87734375 0.0546875 0.0640625
2 0.11640625 0.7234375 0.0609375 0.06875
2 0.09609375 0.80625 0.0765625 0.084375
2 0.1609375 0.809375 0.040625 0.0484375
2 0.1125 0.92421875 0.0375 0.040625
2 0.1984375 0.57578125 0.0515625 0.0609375
2 0.1421875 0.56484375 0.0515625 0.0625
2 0.1 0.37734375 0.0484375 0.0546875
2 0.13203125 0.31953125 0.04375 0.0546875
2 0.07890625 0.30859375 0.0578125 0.0828125
2 0.0953125 0.10546875 0.0421875 0.0671875
2 0.065625 0.08828125 0.0390625 0.059375
2 0.17109375 0.41171875 0.03125 0.0375
2 0.45703125 0.4 0.0359375 0.04375
2 0.9015625 0.9734375 0.0625 0.053125
2 0.84375 0.97421875 0.0625 0.0515625