2 0.896875 0.7640625 0.0390625 0.05625
2 0.87265625 0.5125 0.03125 0.046875
2 0.8265625 0.54609375 0.0390625 0.046875
2 0.83828125 0.77578125 0.03125 0.034375
2 0.86328125 0.821875 0.04375 0.05
2 0.81015625 0.8640625 0.0515625 0.05
2 0.8546875 0.890625 0.040625 0.0515625
2 0.971875 0.978125 0.0359375 0.04375
2 0.44453125 0.8328125 0.046875 0.0546875
2 0.475 0.9859375 0.05 0.028125
2 0.33359375 0.5578125 0.05625 0.05625
2 0.4640625 0.571875 0.0375 0.0546875
2 0.47734375 0.65078125 0.0375 0.053125
2 0.24765625 0.778125 0.05 0.0484375
2 0.2484375 0.84453125 0.04375 0.05
2 0.28125 0.97109375 0.0734375 0.0578125
2 0.2125 0.8765625 0.0546875 0.0640625
2 0.12109375 0.7234375 0.0609375 0.0671875
2 0.10078125 0.80625 0.078125 0.0828125
2 0.165625 0.809375 0.040625 0.0484375
2 0.11796875 0.92421875 0.0375 0.040625
2 0.2015625 0.575 0.0515625 0.0609375
2 0.1453125 0.5640625 0.0515625 0.0625
2 0.10234375 0.37734375 0.0484375 0.0546875
2 0.13359375 0.31875 0.04375 0.053125
2 0.08046875 0.30859375 0.059375 0.0828125
2 0.0953125 0.10546875 0.0421875 0.0671875
2 0.06640625 0.0875 0.0390625 0.059375
2 0.1734375 0.4109375 0.03125 0.0375
2 0.459375 0.39765625 0.0359375 0.04375
2 0.90625 0.96796875 0.0625 0.053125
2 0.84921875 0.9703125 0.0625 0.0546875