2 0.68125 0.16640625 0.0546875 0.0359375
2 0.43046875 0.16796875 0.04375 0.028125
2 0.46796875 0.21796875 0.0453125 0.0359375
2 0.69765625 0.22734375 0.03125 0.028125
2 0.7421875 0.20625 0.0484375 0.0421875
2 0.78828125 0.2640625 0.0484375 0.05
2 0.81171875 0.22109375 0.0515625 0.0390625
2 0.89296875 0.11171875 0.04375 0.0328125
2 0.7828125 0.6296875 0.0515625 0.0453125
2 0.9484375 0.61484375 0.0515625 0.046875
2 0.5140625 0.715625 0.053125 0.053125
2 0.51875 0.5859375 0.0515625 0.034375
2 0.596875 0.5796875 0.0515625 0.0359375
2 0.74140625 0.8234375 0.0453125 0.046875
2 0.80859375 0.828125 0.0484375 0.0421875
2 0.9359375 0.8078125 0.0578125 0.0703125
2 0.84296875 0.86796875 0.0609375 0.0515625
2 0.6953125 0.94609375 0.0640625 0.0578125
2 0.7796875 0.96875 0.078125 0.0625
2 0.778125 0.909375 0.046875 0.0390625
2 0.89765625 0.96796875 0.0390625 0.034375
2 0.540625 0.85078125 0.0578125 0.0484375
2 0.53359375 0.90625 0.059375 0.0484375
2 0.3484375 0.93203125 0.0515625 0.046875
2 0.2875 0.8953125 0.0515625 0.0421875
2 0.28125 0.94765625 0.0796875 0.0546875
2 0.07578125 0.91328125 0.065625 0.0390625
2 0.06015625 0.94140625 0.0578125 0.0359375
2 0.37734375 0.8640625 0.034375 0.028125
2 0.34375 0.57421875 0.040625 0.0328125
2 0.8859375 0.1765625 0.0484375 0.0609375
2 0.8921875 0.234375 0.0484375 0.0609375