2 0.684375 0.10703125 0.053125 0.0375
2 0.43359375 0.1296875 0.04375 0.03125
2 0.47109375 0.1765625 0.04375 0.0390625
2 0.70078125 0.165625 0.03125 0.0296875
2 0.74609375 0.140625 0.046875 0.04375
2 0.7921875 0.19453125 0.046875 0.0515625
2 0.81484375 0.15 0.05 0.040625
2 0.89453125 0.03359375 0.04375 0.0359375
2 0.79296875 0.56015625 0.05 0.046875
2 0.959375 0.53046875 0.05 0.0484375
2 0.5265625 0.66953125 0.0515625 0.0546875
2 0.52890625 0.5390625 0.0515625 0.0359375
2 0.60703125 0.52578125 0.05 0.0375
2 0.75546875 0.75703125 0.04375 0.05
2 0.82265625 0.75625 0.046875 0.04375
2 0.95 0.725 0.05625 0.0734375
2 0.8578125 0.79296875 0.059375 0.0546875
2 0.71171875 0.88359375 0.0625 0.0609375
2 0.796875 0.90390625 0.0765625 0.0765625
2 0.79375 0.8390625 0.0453125 0.040625
2 0.9140625 0.8875 0.0375 0.0375
2 0.55546875 0.8015625 0.05625 0.0515625
2 0.54921875 0.8578125 0.0578125 0.0515625
2 0.36484375 0.9 0.05 0.0484375
2 0.303125 0.86796875 0.05 0.04375
2 0.29765625 0.92109375 0.078125 0.0578125
2 0.09140625 0.9046875 0.0640625 0.0421875
2 0.0765625 0.934375 0.05625 0.0390625
2 0.39296875 0.82890625 0.034375 0.03125
2 0.35390625 0.54296875 0.040625 0.0359375
2 0.8890625 0.0984375 0.046875 0.0625
2 0.89609375 0.15625 0.046875 0.0625