2 0.696875 0.19453125 0.05625 0.0375
2 0.446875 0.18515625 0.0453125 0.03125
2 0.48828125 0.23671875 0.046875 0.0390625
2 0.71875 0.25546875 0.0328125 0.0296875
2 0.76171875 0.23671875 0.05 0.04375
2 0.8125 0.29609375 0.05 0.0515625
2 0.83203125 0.2546875 0.053125 0.040625
2 0.90234375 0.1484375 0.046875 0.0359375
2 0.84375 0.66171875 0.053125 0.046875
2 0.990625 0.65390625 0.01875 0.0484375
2 0.584375 0.7375 0.05625 0.0546875
2 0.57578125 0.6078125 0.0546875 0.0359375
2 0.653125 0.60390625 0.053125 0.0375
2 0.821875 0.8546875 0.046875 0.05
2 0.8890625 0.8625 0.05 0.04375
2 0.9921875 0.846875 0.015625 0.071875
2 0.92734375 0.903125 0.0625 0.053125
2 0.78828125 0.97265625 0.0671875 0.0546875
2 0.875 0.984375 0.08125 0.03125
2 0.8671875 0.9421875 0.0484375 0.040625
2 0.9859375 0.99375 0.028125 0.0125
2 0.62421875 0.8734375 0.059375 0.05
2 0.62265625 0.92890625 0.0609375 0.05
2 0.440625 0.94765625 0.053125 0.0484375
2 0.37578125 0.9078125 0.053125 0.04375
2 0.37421875 0.96015625 0.0828125 0.0578125
2 0.165625 0.9171875 0.0671875 0.040625
2 0.153125 0.94453125 0.059375 0.0375
2 0.4625 0.88046875 0.0359375 0.0296875
2 0.4 0.5890625 0.04375 0.0359375
2 0.90234375 0.2125 0.0515625 0.0625
2 0.9140625 0.27109375 0.0515625 0.0625