2 0.68359375 0.22265625 0.053125 0.0390625
2 0.4328125 0.203125 0.04375 0.0328125
2 0.4703125 0.25625 0.04375 0.040625
2 0.7 0.284375 0.03125 0.03125
2 0.74453125 0.2671875 0.046875 0.0453125
2 0.790625 0.32890625 0.046875 0.053125
2 0.8140625 0.28828125 0.05 0.0421875
2 0.89453125 0.18515625 0.04375 0.0375
2 0.78984375 0.69453125 0.05 0.0484375
2 0.95546875 0.69296875 0.05 0.05
2 0.521875 0.75859375 0.0515625 0.05625
2 0.525 0.6296875 0.0515625 0.0375
2 0.60390625 0.62890625 0.05 0.0390625
2 0.75078125 0.8859375 0.04375 0.0515625
2 0.81796875 0.89609375 0.046875 0.0453125
2 0.9453125 0.8859375 0.0578125 0.075
2 0.85234375 0.9390625 0.059375 0.05625
2 0.70625 0.98671875 0.0625 0.0265625
2 0.7890625 0.975 0.0453125 0.0421875
2 0.55 0.89609375 0.05625 0.053125
2 0.54453125 0.9515625 0.0578125 0.053125
2 0.359375 0.9625 0.05 0.05
2 0.2984375 0.9203125 0.05 0.0453125
2 0.2921875 0.97109375 0.078125 0.0578125
2 0.0859375 0.92109375 0.0640625 0.04375
2 0.07109375 0.94765625 0.05625 0.040625
2 0.3875 0.896875 0.034375 0.03125
2 0.35078125 0.603125 0.040625 0.0375
2 0.88828125 0.24921875 0.046875 0.0640625
2 0.8953125 0.3078125 0.046875 0.0640625