2 0.86953125 0.74921875 0.0359375 0.05625
2 0.8546875 0.49765625 0.0296875 0.0453125
2 0.80703125 0.5328125 0.0375 0.046875
2 0.809375 0.76171875 0.0296875 0.0328125
2 0.8328125 0.8078125 0.0421875 0.05
2 0.77734375 0.85078125 0.05 0.0484375
2 0.82109375 0.8765625 0.0390625 0.0515625
2 0.93515625 0.9640625 0.034375 0.046875
2 0.4125 0.82578125 0.0453125 0.053125
2 0.4359375 0.9828125 0.046875 0.034375
2 0.3125 0.55234375 0.053125 0.05625
2 0.4421875 0.5640625 0.034375 0.0546875
2 0.45234375 0.64296875 0.0359375 0.053125
2 0.21640625 0.77421875 0.0484375 0.046875
2 0.21484375 0.84140625 0.0421875 0.05
2 0.2421875 0.96953125 0.0703125 0.0609375
2 0.17734375 0.8734375 0.0515625 0.0625
2 0.09140625 0.721875 0.0578125 0.0671875
2 0.06796875 0.80546875 0.075 0.08125
2 0.1328125 0.80703125 0.0390625 0.0484375
2 0.08046875 0.9234375 0.0359375 0.040625
2 0.17890625 0.571875 0.0484375 0.059375
2 0.12265625 0.5625 0.0484375 0.0609375
2 0.0875 0.37578125 0.046875 0.053125
2 0.12109375 0.3171875 0.0421875 0.053125
2 0.06875 0.3078125 0.05625 0.0828125
2 0.09140625 0.10390625 0.0390625 0.0671875
2 0.06328125 0.08671875 0.0359375 0.059375
2 0.15703125 0.40859375 0.0296875 0.0359375
2 0.44453125 0.38984375 0.034375 0.04375
2 0.8703125 0.953125 0.0609375 0.0515625
2 0.8125 0.95703125 0.0609375 0.053125