2 0.83359375 0.709375 0.0359375 0.0546875
2 0.83203125 0.45859375 0.028125 0.0453125
2 0.78203125 0.4953125 0.0359375 0.0453125
2 0.77265625 0.725 0.028125 0.0328125
2 0.79375 0.7703125 0.0421875 0.0484375
2 0.7359375 0.815625 0.05 0.046875
2 0.77890625 0.83984375 0.0390625 0.05
2 0.88828125 0.921875 0.0328125 0.0453125
2 0.3703125 0.8078125 0.0453125 0.0515625
2 0.38515625 0.97421875 0.046875 0.0515625
2 0.284375 0.5390625 0.053125 0.053125
2 0.4140625 0.54453125 0.034375 0.053125
2 0.4203125 0.62265625 0.0359375 0.0515625
2 0.1765625 0.765625 0.046875 0.0453125
2 0.171875 0.8328125 0.0421875 0.0484375
2 0.1921875 0.9609375 0.0703125 0.0578125
2 0.13203125 0.86640625 0.0515625 0.0609375
2 0.05390625 0.71875 0.0578125 0.0640625
2 0.03125 0.803125 0.0625 0.078125
2 0.090625 0.80234375 0.0390625 0.046875
2 0.03203125 0.92109375 0.034375 0.0390625
2 0.14921875 0.56484375 0.0484375 0.0578125
2 0.09375 0.5578125 0.0484375 0.059375
2 0.06796875 0.37265625 0.046875 0.0515625
2 0.1046875 0.31171875 0.0421875 0.0515625
2 0.05234375 0.3046875 0.0546875 0.0796875
2 0.08671875 0.09921875 0.0390625 0.065625
2 0.05859375 0.08359375 0.0359375 0.0578125
2 0.1359375 0.4015625 0.028125 0.0359375
2 0.42578125 0.36953125 0.0328125 0.0421875
2 0.8234375 0.9140625 0.0609375 0.0484375
2 0.765625 0.9203125 0.0609375 0.05