2 0.8015625 0.65078125 0.0375 0.0546875
2 0.81171875 0.4 0.03125 0.0453125
2 0.76015625 0.440625 0.0390625 0.0453125
2 0.73984375 0.6703125 0.0296875 0.0328125
2 0.759375 0.7140625 0.04375 0.0484375
2 0.69921875 0.76328125 0.0515625 0.046875
2 0.740625 0.784375 0.040625 0.05
2 0.846875 0.85859375 0.0359375 0.0453125
2 0.33359375 0.78125 0.046875 0.0515625
2 0.340625 0.94609375 0.0484375 0.053125
2 0.259375 0.51875 0.0546875 0.053125
2 0.3890625 0.51484375 0.0359375 0.053125
2 0.3921875 0.59296875 0.0375 0.0515625
2 0.14140625 0.75234375 0.05 0.0453125
2 0.1328125 0.81953125 0.04375 0.0484375
2 0.14765625 0.94609375 0.071875 0.059375
2 0.09140625 0.85625 0.053125 0.0609375
2 0.025 0.71484375 0.05 0.0640625
2 0.01328125 0.80078125 0.0265625 0.0796875
2 0.053125 0.7953125 0.040625 0.046875
2 0.00390625 0.9171875 0.0078125 0.0390625
2 0.1234375 0.55390625 0.05 0.0578125
2 0.06796875 0.55078125 0.05 0.059375
2 0.05078125 0.3671875 0.0484375 0.0515625
2 0.090625 0.30390625 0.04375 0.0515625
2 0.03828125 0.30078125 0.0578125 0.0796875
2 0.08203125 0.09296875 0.0421875 0.065625
2 0.0546875 0.0796875 0.0375 0.0578125
2 0.1171875 0.3921875 0.0296875 0.0359375
2 0.409375 0.3390625 0.0359375 0.0421875
2 0.78203125 0.85546875 0.0625 0.05
2 0.7234375 0.865625 0.0625 0.0515625