2 0.79765625 0.71953125 0.0375 0.0546875
2 0.809375 0.46875 0.03125 0.0453125
2 0.7578125 0.5046875 0.0390625 0.0453125
2 0.7359375 0.734375 0.0296875 0.0328125
2 0.7546875 0.7796875 0.04375 0.0484375
2 0.69453125 0.82421875 0.0515625 0.046875
2 0.7359375 0.8484375 0.040625 0.05
2 0.84140625 0.93203125 0.0359375 0.0453125
2 0.32890625 0.8125 0.046875 0.0515625
2 0.33515625 0.97578125 0.0484375 0.0484375
2 0.25703125 0.5421875 0.0546875 0.053125
2 0.3859375 0.54921875 0.0359375 0.053125
2 0.38828125 0.62734375 0.0375 0.0515625
2 0.13671875 0.76796875 0.05 0.0453125
2 0.128125 0.83515625 0.04375 0.0484375
2 0.1421875 0.96328125 0.0734375 0.059375
2 0.08671875 0.86875 0.0546875 0.0609375
2 0.0234375 0.71953125 0.046875 0.0640625
2 0.0109375 0.80390625 0.021875 0.0796875
2 0.0484375 0.803125 0.040625 0.046875
2 0.0015625 0.921875 0.003125 0.0390625
2 0.1203125 0.56640625 0.0515625 0.0578125
2 0.0640625 0.55859375 0.0515625 0.059375
2 0.0484375 0.3734375 0.0484375 0.0515625
2 0.08828125 0.31328125 0.04375 0.0515625
2 0.03671875 0.30546875 0.0578125 0.0796875
2 0.08125 0.10078125 0.0421875 0.065625
2 0.0546875 0.084375 0.0390625 0.0578125
2 0.11484375 0.403125 0.03125 0.0359375
2 0.40703125 0.375 0.0359375 0.0421875
2 0.7765625 0.92421875 0.0625 0.05
2 0.71875 0.9296875 0.0625 0.0515625