2 0.26328125 0.43203125 0.0453125 0.059375
2 0.11015625 0.34375 0.0484375 0.05625
2 0.1609375 0.45859375 0.05 0.0609375
2 0.10390625 0.51171875 0.040625 0.040625
2 0.1 0.5609375 0.040625 0.0484375
2 0.1859375 0.58125 0.04375 0.0578125
2 0.0953125 0.634375 0.0546875 0.0578125
2 0.309375 0.3859375 0.0453125 0.059375
2 0.47421875 0.309375 0.040625 0.0375
2 0.4859375 0.33671875 0.034375 0.040625
2 0.50078125 0.50703125 0.034375 0.05
2 0.6078125 0.240625 0.0390625 0.046875
2 0.6984375 0.24921875 0.05 0.0546875
2 0.65703125 0.38125 0.053125 0.0484375
2 0.634375 0.48046875 0.059375 0.0484375
2 0.57734375 0.4890625 0.0390625 0.0375
2 0.5578125 0.4375 0.0375 0.0359375
2 0.8015625 0.5484375 0.0515625 0.0484375
2 0.7328125 0.44140625 0.03125 0.0453125
2 0.69375 0.48046875 0.046875 0.0453125
2 0.7375 0.49609375 0.034375 0.040625
2 0.759375 0.48359375 0.0375 0.0359375
2 0.9578125 0.5828125 0.04375 0.05
2 0.846875 0.640625 0.0375 0.0453125
2 0.98046875 0.6203125 0.0390625 0.05625
2 0.9953125 0.4046875 0.009375 0.05
2 0.9890625 0.36015625 0.021875 0.0609375
2 0.93515625 0.33359375 0.0515625 0.0578125
2 0.9140625 0.26328125 0.0421875 0.053125
2 0.865625 0.24765625 0.0515625 0.0609375
2 0.65625 0.09453125 0.04375 0.05625
2 0.84296875 0.409375 0.0453125 0.059375
2 0.91015625 0.43359375 0.040625 0.0515625
2 0.8484375 0.484375 0.034375 0.053125
2 0.8078125 0.07109375 0.0296875 0.025
2 0.7546875 0.13671875 0.034375 0.034375
2 0.77734375 0.15546875 0.025 0.0328125
2 0.978125 0.23984375 0.03125 0.034375
2 0.47890625 0.16328125 0.03125 0.0359375
2 0.53671875 0.17578125 0.034375 0.04375
2 0.540625 0.21796875 0.0375 0.0375