2 0.8078125 0.465625 0.0453125 0.05625
2 0.9453125 0.36640625 0.0484375 0.053125
2 0.91328125 0.48515625 0.05 0.0578125
2 0.97734375 0.53359375 0.040625 0.0375
2 0.984375 0.58203125 0.03125 0.0453125
2 0.9078125 0.60859375 0.04375 0.0546875
2 0.9890625 0.6546875 0.021875 0.0546875
2 0.75546875 0.42265625 0.0453125 0.05625
2 0.58046875 0.3578125 0.040625 0.034375
2 0.5734375 0.3859375 0.034375 0.0375
2 0.58515625 0.55625 0.034375 0.046875
2 0.43828125 0.29921875 0.0390625 0.04375
2 0.35 0.3140625 0.0515625 0.0515625
2 0.41171875 0.4421875 0.053125 0.0453125
2 0.45 0.5390625 0.059375 0.0453125
2 0.50703125 0.54375 0.0390625 0.034375
2 0.51796875 0.49140625 0.0375 0.0328125
2 0.2953125 0.61875 0.0515625 0.0453125
2 0.34609375 0.5078125 0.03125 0.0421875
2 0.390625 0.54375 0.046875 0.0421875
2 0.35 0.5625 0.034375 0.0375
2 0.3265625 0.55078125 0.0375 0.0328125
2 0.14609375 0.6640625 0.04375 0.046875
2 0.26484375 0.7140625 0.0375 0.0421875
2 0.1296875 0.703125 0.0390625 0.053125
2 0.07109375 0.6125 0.0296875 0.053125
2 0.06875 0.490625 0.0359375 0.046875
2 0.06796875 0.4453125 0.046875 0.0578125
2 0.1296875 0.4140625 0.0515625 0.0546875
2 0.13984375 0.3421875 0.04375 0.05
2 0.18515625 0.32421875 0.0515625 0.0578125
2 0.36796875 0.15703125 0.04375 0.053125
2 0.2328125 0.4828125 0.0453125 0.05625
2 0.16953125 0.5125 0.0421875 0.0484375
2 0.2390625 0.5578125 0.0359375 0.05
2 0.07578125 0.74453125 0.0328125 0.0328125
2 0.21484375 0.14453125 0.0296875 0.021875
2 0.27734375 0.20625 0.034375 0.03125
2 0.2578125 0.22578125 0.025 0.03125
2 0.07265625 0.32421875 0.03125 0.03125
2 0.553125 0.21328125 0.03125 0.0328125
2 0.49765625 0.2296875 0.034375 0.040625
2 0.5015625 0.271875 0.0375 0.034375