2 0.77890625 0.42578125 0.0421875 0.0578125
2 0.92265625 0.31875 0.0453125 0.0546875
2 0.8828125 0.4390625 0.046875 0.0578125
2 0.94453125 0.484375 0.0375 0.0390625
2 0.953125 0.5328125 0.0390625 0.046875
2 0.86953125 0.5640625 0.040625 0.05625
2 0.9640625 0.6046875 0.0515625 0.0546875
2 0.72890625 0.38515625 0.0421875 0.0578125
2 0.55859375 0.32890625 0.0375 0.0359375
2 0.54921875 0.3578125 0.03125 0.0390625
2 0.55 0.528125 0.0328125 0.0484375
2 0.41953125 0.27734375 0.0359375 0.0453125
2 0.33046875 0.296875 0.0484375 0.0515625
2 0.38359375 0.42265625 0.05 0.0453125
2 0.415625 0.51796875 0.05625 0.0453125
2 0.47265625 0.51953125 0.0359375 0.0359375
2 0.4875 0.46640625 0.034375 0.034375
2 0.25625 0.60625 0.0484375 0.0453125
2 0.3140625 0.49140625 0.028125 0.04375
2 0.35625 0.525 0.04375 0.04375
2 0.3140625 0.54609375 0.03125 0.0390625
2 0.29140625 0.5359375 0.034375 0.034375
2 0.10390625 0.659375 0.0421875 0.0484375
2 0.21953125 0.703125 0.034375 0.04375
2 0.08515625 0.69921875 0.0359375 0.0546875
2 0.03203125 0.61171875 0.0265625 0.0546875
2 0.0375 0.4890625 0.034375 0.0484375
2 0.03984375 0.44375 0.04375 0.059375
2 0.103125 0.409375 0.0484375 0.0546875
2 0.11796875 0.33671875 0.040625 0.0515625
2 0.1640625 0.315625 0.0484375 0.0578125
2 0.3578125 0.13828125 0.040625 0.0546875
2 0.20234375 0.47265625 0.0421875 0.0578125
2 0.13671875 0.50546875 0.0390625 0.05
2 0.203125 0.54765625 0.0328125 0.0515625
2 0.028125 0.74375 0.0296875 0.034375
2 0.20546875 0.13359375 0.028125 0.0234375
2 0.26484375 0.1921875 0.03125 0.0328125
2 0.24375 0.21328125 0.021875 0.03125
2 0.0515625 0.321875 0.028125 0.0328125
2 0.540625 0.18515625 0.028125 0.034375
2 0.48359375 0.2046875 0.03125 0.0421875
2 0.484375 0.246875 0.034375 0.0359375