2 0.184375 0.559375 0.0453125 0.0578125
2 0.03046875 0.65390625 0.0484375 0.0546875
2 0.08203125 0.53671875 0.05 0.059375
2 0.02578125 0.4859375 0.040625 0.0390625
2 0.021875 0.4375 0.040625 0.046875
2 0.1078125 0.41328125 0.04375 0.05625
2 0.021875 0.3640625 0.04375 0.05625
2 0.2296875 0.6046875 0.0453125 0.0578125
2 0.39453125 0.675 0.040625 0.0359375
2 0.40625 0.64765625 0.034375 0.0390625
2 0.42265625 0.47734375 0.034375 0.0484375
2 0.528125 0.73828125 0.0390625 0.0453125
2 0.61875 0.7265625 0.0515625 0.053125
2 0.578125 0.596875 0.053125 0.046875
2 0.55546875 0.49921875 0.059375 0.046875
2 0.49921875 0.4921875 0.0390625 0.0359375
2 0.47890625 0.54453125 0.0375 0.034375
2 0.7234375 0.425 0.0515625 0.046875
2 0.65390625 0.534375 0.03125 0.04375
2 0.615625 0.496875 0.046875 0.04375
2 0.659375 0.4796875 0.034375 0.0390625
2 0.68125 0.49140625 0.0375 0.034375
2 0.88046875 0.38515625 0.04375 0.0484375
2 0.76953125 0.33125 0.0375 0.04375
2 0.903125 0.346875 0.0390625 0.0546875
2 0.94765625 0.4390625 0.0296875 0.0546875
2 0.9296875 0.5609375 0.0359375 0.0484375
2 0.92265625 0.60625 0.046875 0.059375
2 0.85625 0.63515625 0.0515625 0.05625
2 0.834375 0.70625 0.04375 0.0515625
2 0.7859375 0.72265625 0.0515625 0.059375
2 0.575 0.8828125 0.04375 0.0546875
2 0.7640625 0.5625 0.0453125 0.0578125
2 0.83203125 0.53515625 0.0421875 0.05
2 0.76953125 0.4875 0.0359375 0.0515625
2 0.9640625 0.30703125 0.0328125 0.034375
2 0.7265625 0.90078125 0.0296875 0.0234375
2 0.67421875 0.8375 0.034375 0.0328125
2 0.696875 0.81796875 0.025 0.0328125
2 0.8984375 0.7265625 0.03125 0.0328125
2 0.3984375 0.8203125 0.03125 0.034375
2 0.45703125 0.80625 0.034375 0.0421875
2 0.46015625 0.7640625 0.0375 0.0359375