2 0.2609375 0.53671875 0.04375 0.0578125
2 0.12109375 0.6453125 0.046875 0.0546875
2 0.15625 0.525 0.0484375 0.0578125
2 0.09296875 0.4796875 0.0390625 0.0390625
2 0.08203125 0.43203125 0.040625 0.046875
2 0.1640625 0.4 0.0421875 0.05625
2 0.06796875 0.359375 0.053125 0.0546875
2 0.3125 0.5765625 0.04375 0.0578125
2 0.4859375 0.63046875 0.0390625 0.0359375
2 0.49296875 0.60234375 0.0328125 0.0390625
2 0.4859375 0.43203125 0.034375 0.0484375
2 0.62734375 0.68046875 0.0390625 0.0453125
2 0.715625 0.66015625 0.05 0.0515625
2 0.65703125 0.53515625 0.053125 0.0453125
2 0.62109375 0.440625 0.059375 0.046875
2 0.5640625 0.4390625 0.0375 0.0359375
2 0.5515625 0.49296875 0.0359375 0.034375
2 0.77734375 0.35 0.0515625 0.0453125
2 0.7234375 0.465625 0.03125 0.04375
2 0.6796875 0.43203125 0.046875 0.04375
2 0.72109375 0.4109375 0.0328125 0.0390625
2 0.74453125 0.4203125 0.0359375 0.034375
2 0.92734375 0.2953125 0.04375 0.0484375
2 0.81015625 0.253125 0.0375 0.04375
2 0.94453125 0.25546875 0.0375 0.0546875
2 0.99375 0.3421875 0.0125 0.0546875
2 0.99140625 0.46484375 0.0171875 0.0484375
2 0.9890625 0.51015625 0.021875 0.059375
2 0.93828125 0.5453125 0.05 0.0546875
2 0.9265625 0.61796875 0.0421875 0.0515625
2 0.88125 0.63984375 0.05 0.0578125
2 0.69375 0.81953125 0.0421875 0.0546875
2 0.83671875 0.4828125 0.04375 0.0578125
2 0.90078125 0.44921875 0.040625 0.05
2 0.83203125 0.4078125 0.034375 0.0515625
2 0.9921875 0.209375 0.015625 0.034375
2 0.846875 0.821875 0.0296875 0.0234375
2 0.7859375 0.7640625 0.0328125 0.0328125
2 0.80546875 0.74296875 0.0234375 0.0328125
2 0.9890625 0.63203125 0.021875 0.0328125
2 0.509375 0.77421875 0.0296875 0.034375
2 0.565625 0.7546875 0.034375 0.0421875
2 0.56328125 0.7125 0.0359375 0.0359375