2 0.8 0.36640625 0.04375 0.0609375
2 0.9390625 0.24921875 0.046875 0.0578125
2 0.90546875 0.37265625 0.0484375 0.0609375
2 0.96796875 0.41328125 0.040625 0.0421875
2 0.97890625 0.4609375 0.040625 0.05
2 0.89765625 0.4984375 0.0421875 0.059375
2 0.98359375 0.5328125 0.0328125 0.059375
2 0.7484375 0.3296875 0.04375 0.0609375
2 0.575 0.2875 0.0390625 0.0390625
2 0.5671875 0.31640625 0.034375 0.040625
2 0.57578125 0.48671875 0.034375 0.05
2 0.4328125 0.24609375 0.0390625 0.0484375
2 0.34453125 0.27265625 0.05 0.0546875
2 0.40390625 0.39453125 0.053125 0.05
2 0.440625 0.48671875 0.059375 0.05
2 0.49765625 0.484375 0.0375 0.0390625
2 0.51015625 0.4296875 0.0359375 0.0359375
2 0.284375 0.5875 0.0515625 0.0484375
2 0.3375 0.46875 0.03125 0.0453125
2 0.38125 0.49921875 0.046875 0.046875
2 0.340625 0.5234375 0.034375 0.040625
2 0.3171875 0.51484375 0.0359375 0.0359375
2 0.134375 0.65234375 0.04375 0.0515625
2 0.25234375 0.6875 0.0375 0.0453125
2 0.11796875 0.69375 0.0375 0.05625
2 0.06015625 0.61015625 0.028125 0.05625
2 0.06015625 0.48671875 0.0359375 0.05
2 0.06015625 0.440625 0.0453125 0.0625
2 0.12265625 0.4015625 0.05 0.0578125
2 0.13359375 0.328125 0.0421875 0.0546875
2 0.17890625 0.303125 0.05 0.0609375
2 0.36484375 0.1109375 0.0421875 0.0578125
2 0.22421875 0.4578125 0.04375 0.0609375
2 0.1609375 0.49609375 0.040625 0.053125
2 0.22890625 0.5328125 0.034375 0.053125
2 0.0625 0.74296875 0.03125 0.0359375
2 0.2125 0.11796875 0.0296875 0.025
2 0.27421875 0.17265625 0.0328125 0.034375
2 0.25390625 0.1953125 0.0234375 0.034375
2 0.0671875 0.31796875 0.0296875 0.034375
2 0.55 0.14453125 0.0296875 0.0359375
2 0.49375 0.16796875 0.034375 0.04375
2 0.496875 0.21015625 0.0359375 0.0375