2 0.7734375 0.48828125 0.040625 0.0578125
2 0.91875 0.39375 0.04375 0.0546875
2 0.87734375 0.51015625 0.0453125 0.0578125
2 0.93828125 0.5609375 0.0375 0.0390625
2 0.94609375 0.609375 0.0375 0.046875
2 0.8625 0.63359375 0.0390625 0.05625
2 0.95703125 0.6828125 0.05 0.0546875
2 0.72421875 0.44375 0.040625 0.0578125
2 0.5546875 0.37421875 0.0375 0.0359375
2 0.5453125 0.4015625 0.03125 0.0390625
2 0.54375 0.571875 0.03125 0.0484375
2 0.415625 0.31171875 0.0359375 0.0453125
2 0.3265625 0.3234375 0.046875 0.0515625
2 0.378125 0.453125 0.05 0.0453125
2 0.409375 0.55078125 0.05625 0.046875
2 0.46640625 0.5578125 0.0359375 0.0359375
2 0.48203125 0.50546875 0.034375 0.034375
2 0.24921875 0.6265625 0.0484375 0.0453125
2 0.30859375 0.51640625 0.028125 0.04375
2 0.35 0.55390625 0.04375 0.04375
2 0.3078125 0.57109375 0.03125 0.0390625
2 0.28515625 0.559375 0.034375 0.034375
2 0.09609375 0.66640625 0.040625 0.0484375
2 0.2109375 0.71953125 0.034375 0.04375
2 0.0765625 0.7046875 0.034375 0.0546875
2 0.025 0.61328125 0.025 0.0546875
2 0.03203125 0.49140625 0.0328125 0.0484375
2 0.034375 0.44609375 0.0421875 0.059375
2 0.0984375 0.4171875 0.046875 0.0546875
2 0.1140625 0.34609375 0.0390625 0.0515625
2 0.16015625 0.328125 0.046875 0.0578125
2 0.35625 0.1671875 0.0390625 0.0546875
2 0.196875 0.4890625 0.040625 0.0578125
2 0.13125 0.51640625 0.0375 0.05
2 0.196875 0.5640625 0.03125 0.0515625
2 0.01953125 0.7453125 0.0296875 0.034375
2 0.20390625 0.15 0.028125 0.0234375
2 0.2625 0.2140625 0.03125 0.0328125
2 0.24140625 0.2328125 0.021875 0.0328125
2 0.04765625 0.32578125 0.028125 0.0328125
2 0.53828125 0.22890625 0.028125 0.034375
2 0.48125 0.24375 0.03125 0.0421875
2 0.48125 0.2859375 0.034375 0.0359375