2 0.7609375 0.3625 0.0421875 0.0609375
2 0.90859375 0.24375 0.0453125 0.0578125
2 0.8640625 0.3671875 0.046875 0.0609375
2 0.9234375 0.4078125 0.0390625 0.0421875
2 0.9296875 0.45546875 0.0390625 0.05
2 0.8453125 0.49296875 0.040625 0.059375
2 0.93828125 0.5265625 0.0515625 0.059375
2 0.7125 0.32578125 0.0421875 0.0609375
2 0.54453125 0.28359375 0.0390625 0.0390625
2 0.534375 0.31328125 0.0328125 0.040625
2 0.528125 0.48359375 0.0328125 0.05
2 0.40703125 0.24375 0.0375 0.0484375
2 0.31796875 0.2703125 0.0484375 0.05625
2 0.365625 0.3921875 0.0515625 0.05
2 0.39375 0.484375 0.0578125 0.05
2 0.45078125 0.48203125 0.0375 0.0390625
2 0.46796875 0.4265625 0.034375 0.0375
2 0.23125 0.5859375 0.05 0.05
2 0.29375 0.46640625 0.0296875 0.0453125
2 0.334375 0.496875 0.0453125 0.046875
2 0.29140625 0.52109375 0.0328125 0.040625
2 0.26953125 0.51328125 0.034375 0.0375
2 0.0765625 0.6515625 0.0421875 0.0515625
2 0.190625 0.6859375 0.0359375 0.046875
2 0.05625 0.69296875 0.0359375 0.0578125
2 0.01015625 0.61015625 0.0203125 0.05625
2 0.0171875 0.48671875 0.034375 0.05
2 0.021875 0.440625 0.04375 0.0625
2 0.08671875 0.4015625 0.0484375 0.059375
2 0.10390625 0.32734375 0.040625 0.0546875
2 0.15078125 0.30234375 0.0484375 0.0625
2 0.35234375 0.109375 0.040625 0.0578125
2 0.1828125 0.45703125 0.0421875 0.0609375
2 0.11640625 0.4953125 0.0390625 0.053125
2 0.18046875 0.53203125 0.0328125 0.053125
2 0.00625 0.74296875 0.0125 0.0359375
2 0.2 0.1171875 0.028125 0.025
2 0.25625 0.17109375 0.03125 0.034375
2 0.234375 0.19375 0.021875 0.034375
2 0.03828125 0.31796875 0.028125 0.034375
2 0.53203125 0.14140625 0.028125 0.0359375
2 0.47421875 0.16484375 0.0328125 0.04375
2 0.4734375 0.20703125 0.0359375 0.0390625