2 0.20234375 0.46953125 0.04375 0.059375
2 0.06328125 0.35703125 0.046875 0.05625
2 0.09765625 0.47890625 0.0484375 0.059375
2 0.034375 0.521875 0.0390625 0.040625
2 0.02421875 0.5703125 0.040625 0.0484375
2 0.10625 0.6046875 0.0421875 0.0578125
2 0.01796875 0.6421875 0.0359375 0.05625
2 0.25390625 0.43125 0.04375 0.059375
2 0.42734375 0.38203125 0.0390625 0.0375
2 0.43515625 0.4109375 0.0328125 0.040625
2 0.42734375 0.58203125 0.034375 0.05
2 0.56875 0.33671875 0.0390625 0.046875
2 0.65703125 0.359375 0.05 0.053125
2 0.59921875 0.48359375 0.053125 0.046875
2 0.5625 0.57734375 0.059375 0.0484375
2 0.50546875 0.5765625 0.0375 0.0375
2 0.49296875 0.52265625 0.0359375 0.0359375
2 0.71875 0.671875 0.0515625 0.046875
2 0.665625 0.5546875 0.03125 0.04375
2 0.621875 0.58671875 0.046875 0.0453125
2 0.6625 0.609375 0.0328125 0.040625
2 0.6859375 0.60078125 0.0359375 0.0359375
2 0.86953125 0.73125 0.04375 0.05
2 0.7515625 0.7703125 0.0375 0.0453125
2 0.88671875 0.771875 0.0375 0.05625
2 0.94296875 0.68671875 0.028125 0.0546875
2 0.9421875 0.56328125 0.0359375 0.05
2 0.9421875 0.51796875 0.0453125 0.0609375
2 0.8796875 0.48125 0.05 0.05625
2 0.86875 0.4078125 0.0421875 0.053125
2 0.82265625 0.38515625 0.05 0.059375
2 0.6359375 0.2 0.0421875 0.05625
2 0.778125 0.540625 0.04375 0.059375
2 0.8421875 0.5765625 0.040625 0.0515625
2 0.77421875 0.615625 0.034375 0.053125
2 0.94140625 0.81953125 0.03125 0.034375
2 0.7890625 0.20078125 0.0296875 0.0234375
2 0.72734375 0.2578125 0.0328125 0.034375
2 0.746875 0.2796875 0.0234375 0.0328125
2 0.93515625 0.39609375 0.0296875 0.0328125
2 0.4515625 0.2390625 0.0296875 0.034375
2 0.5078125 0.26015625 0.034375 0.04375
2 0.5046875 0.30234375 0.0359375 0.0375