2 0.7578125 0.515625 0.0421875 0.059375
2 0.90625 0.42578125 0.0453125 0.05625
2 0.86171875 0.540625 0.046875 0.059375
2 0.9203125 0.59375 0.0390625 0.040625
2 0.9265625 0.64296875 0.0390625 0.0484375
2 0.8421875 0.6640625 0.040625 0.0578125
2 0.934375 0.71640625 0.0515625 0.0578125
2 0.71015625 0.46875 0.0421875 0.059375
2 0.5421875 0.39375 0.0390625 0.0375
2 0.53203125 0.42109375 0.0328125 0.040625
2 0.525 0.590625 0.0328125 0.05
2 0.40546875 0.32578125 0.0375 0.046875
2 0.31640625 0.33515625 0.0484375 0.053125
2 0.36328125 0.46640625 0.0515625 0.0484375
2 0.390625 0.56484375 0.0578125 0.0484375
2 0.44765625 0.5734375 0.0375 0.0375
2 0.46484375 0.521875 0.0359375 0.0359375
2 0.22734375 0.63515625 0.05 0.0484375
2 0.290625 0.52734375 0.0296875 0.04375
2 0.33125 0.565625 0.0453125 0.0453125
2 0.28828125 0.58203125 0.0328125 0.040625
2 0.26640625 0.56875 0.0359375 0.0359375
2 0.07265625 0.6703125 0.0421875 0.05
2 0.18671875 0.72734375 0.0359375 0.0453125
2 0.05234375 0.7078125 0.0359375 0.05625
2 0.00859375 0.6140625 0.0171875 0.0546875
2 0.015625 0.4921875 0.03125 0.05
2 0.0203125 0.446875 0.040625 0.0609375
2 0.084375 0.4203125 0.0484375 0.05625
2 0.1015625 0.35 0.040625 0.053125
2 0.14921875 0.334375 0.0484375 0.059375
2 0.35078125 0.1796875 0.040625 0.05625
2 0.1796875 0.4953125 0.0421875 0.059375
2 0.11328125 0.5203125 0.0390625 0.0515625
2 0.17734375 0.5703125 0.0328125 0.053125
2 0.00390625 0.74609375 0.0078125 0.0359375
2 0.19921875 0.15703125 0.028125 0.0234375
2 0.2546875 0.22265625 0.0328125 0.034375
2 0.23359375 0.24140625 0.0234375 0.0328125
2 0.03671875 0.32734375 0.0296875 0.0328125
2 0.53046875 0.24765625 0.0296875 0.034375
2 0.4734375 0.26015625 0.0328125 0.04375
2 0.471875 0.30234375 0.0359375 0.0375