2 0.24453125 0.45234375 0.0421875 0.05625
2 0.09609375 0.35078125 0.0453125 0.053125
2 0.14140625 0.46953125 0.046875 0.05625
2 0.0828125 0.5171875 0.0390625 0.0375
2 0.0765625 0.565625 0.0390625 0.0453125
2 0.16171875 0.59375 0.040625 0.0546875
2 0.06953125 0.63828125 0.0515625 0.053125
2 0.2921875 0.41015625 0.0421875 0.05625
2 0.46015625 0.3484375 0.0390625 0.034375
2 0.4703125 0.3765625 0.0328125 0.0375
2 0.478125 0.546875 0.0328125 0.046875
2 0.59609375 0.2921875 0.0375 0.04375
2 0.6859375 0.30859375 0.0484375 0.05
2 0.6390625 0.4359375 0.0515625 0.04375
2 0.6125 0.53203125 0.0578125 0.04375
2 0.55546875 0.5359375 0.0375 0.034375
2 0.53828125 0.4828125 0.0359375 0.0328125
2 0.77578125 0.61484375 0.05 0.04375
2 0.71171875 0.50234375 0.0296875 0.0421875
2 0.671875 0.5375 0.0453125 0.0421875
2 0.71484375 0.55703125 0.0328125 0.0375
2 0.73671875 0.54609375 0.0359375 0.0328125
2 0.93125 0.6625 0.0421875 0.046875
2 0.81796875 0.71015625 0.0359375 0.0421875
2 0.9515625 0.7015625 0.0359375 0.053125
2 0.99375 0.6125 0.0125 0.053125
2 0.98515625 0.48984375 0.0296875 0.046875
2 0.98046875 0.44453125 0.0390625 0.0578125
2 0.91796875 0.4125 0.0484375 0.053125
2 0.9 0.340625 0.040625 0.05
2 0.85234375 0.32109375 0.0484375 0.05625
2 0.65 0.15078125 0.040625 0.053125
2 0.82265625 0.4796875 0.0421875 0.05625
2 0.88984375 0.51015625 0.0390625 0.0484375
2 0.82578125 0.5546875 0.0328125 0.05
2 0.99765625 0.74453125 0.0046875 0.0328125
2 0.8015625 0.140625 0.028125 0.021875
2 0.74609375 0.2015625 0.0328125 0.03125
2 0.76796875 0.221875 0.0234375 0.03125
2 0.96484375 0.3234375 0.0296875 0.03125
2 0.4703125 0.20390625 0.0296875 0.0328125
2 0.528125 0.22109375 0.0328125 0.040625
2 0.5296875 0.26328125 0.0359375 0.034375