2 0.1921875 0.4765625 0.0453125 0.0609375
2 0.0546875 0.359375 0.0484375 0.0578125
2 0.08671875 0.4828125 0.05 0.0609375
2 0.02265625 0.52421875 0.040625 0.0421875
2 0.015625 0.571875 0.03125 0.05
2 0.0921875 0.60859375 0.04375 0.059375
2 0.0109375 0.64296875 0.021875 0.0578125
2 0.24453125 0.4390625 0.0453125 0.0609375
2 0.41953125 0.3953125 0.040625 0.0390625
2 0.4265625 0.42421875 0.034375 0.040625
2 0.41484375 0.5953125 0.034375 0.05
2 0.56171875 0.35390625 0.0390625 0.046875
2 0.65 0.3796875 0.0515625 0.0546875
2 0.58828125 0.5015625 0.053125 0.0484375
2 0.55 0.59453125 0.059375 0.05
2 0.49296875 0.5921875 0.0390625 0.0375
2 0.48203125 0.5375 0.0375 0.0359375
2 0.7046875 0.69453125 0.0515625 0.0484375
2 0.65390625 0.575 0.03125 0.0453125
2 0.609375 0.60625 0.046875 0.046875
2 0.65 0.63046875 0.034375 0.040625
2 0.6734375 0.621875 0.0375 0.0359375
2 0.85390625 0.7578125 0.04375 0.0515625
2 0.73515625 0.79375 0.0375 0.0453125
2 0.8703125 0.79921875 0.0390625 0.05625
2 0.92890625 0.715625 0.0296875 0.05625
2 0.93125 0.5921875 0.0359375 0.05
2 0.93203125 0.54609375 0.046875 0.0625
2 0.8703125 0.5078125 0.0515625 0.0578125
2 0.86015625 0.434375 0.04375 0.0546875
2 0.81484375 0.409375 0.0515625 0.0609375
2 0.63203125 0.21875 0.04375 0.0578125
2 0.7671875 0.5640625 0.0453125 0.0609375
2 0.83046875 0.6015625 0.0421875 0.053125
2 0.7609375 0.6390625 0.0359375 0.053125
2 0.92421875 0.8484375 0.0328125 0.0359375
2 0.78515625 0.22421875 0.0296875 0.025
2 0.72265625 0.27890625 0.034375 0.034375
2 0.7421875 0.3015625 0.025 0.0328125
2 0.92734375 0.4234375 0.03125 0.034375
2 0.446875 0.25234375 0.03125 0.0359375
2 0.50234375 0.27578125 0.034375 0.04375
2 0.4984375 0.31796875 0.0375 0.0375