2 0.2578125 0.57734375 0.04375 0.0609375
2 0.11796875 0.66015625 0.046875 0.059375
2 0.153125 0.546875 0.0484375 0.0625
2 0.08984375 0.49140625 0.0390625 0.0421875
2 0.0796875 0.44140625 0.040625 0.05
2 0.16171875 0.42421875 0.0421875 0.059375
2 0.065625 0.36796875 0.053125 0.059375
2 0.309375 0.62578125 0.04375 0.0609375
2 0.48203125 0.709375 0.0390625 0.0390625
2 0.48984375 0.68203125 0.0328125 0.0421875
2 0.4828125 0.5125 0.034375 0.0515625
2 0.62265625 0.78359375 0.0375 0.0484375
2 0.7109375 0.778125 0.05 0.05625
2 0.65390625 0.64453125 0.0515625 0.05
2 0.61796875 0.54453125 0.0578125 0.0515625
2 0.5609375 0.5328125 0.0375 0.0390625
2 0.5484375 0.584375 0.0359375 0.0375
2 0.775 0.48203125 0.05 0.05
2 0.7203125 0.58671875 0.0296875 0.0453125
2 0.67734375 0.546875 0.0453125 0.0484375
2 0.71875 0.5328125 0.0328125 0.0421875
2 0.74140625 0.54609375 0.0359375 0.0375
2 0.92578125 0.4546875 0.04375 0.0515625
2 0.8078125 0.3921875 0.0359375 0.046875
2 0.94296875 0.41796875 0.0375 0.0578125
2 0.99296875 0.51328125 0.0140625 0.05625
2 0.98984375 0.63515625 0.0203125 0.0515625
2 0.9875 0.6796875 0.025 0.0625
2 0.934375 0.70390625 0.05 0.059375
2 0.92265625 0.7734375 0.0421875 0.0546875
2 0.87734375 0.7875 0.05 0.0625
2 0.6890625 0.93203125 0.0421875 0.0578125
2 0.83359375 0.62421875 0.04375 0.0609375
2 0.89765625 0.60234375 0.040625 0.053125
2 0.8296875 0.54921875 0.034375 0.0546875
2 0.99140625 0.38203125 0.0171875 0.0359375
2 0.8421875 0.96171875 0.0296875 0.025
2 0.78125 0.89375 0.0328125 0.0359375
2 0.80078125 0.87578125 0.0234375 0.034375
2 0.9875 0.79921875 0.025 0.034375
2 0.5046875 0.85546875 0.0296875 0.0359375
2 0.5609375 0.84609375 0.0328125 0.0453125
2 0.55859375 0.80390625 0.0359375 0.0390625