2 0.22578125 0.51953125 0.040625 0.0609375
2 0.0796875 0.6390625 0.04375 0.0578125
2 0.121875 0.51484375 0.0453125 0.0625
2 0.06171875 0.475 0.0375 0.0421875
2 0.0546875 0.42734375 0.0375 0.05
2 0.13828125 0.3890625 0.0390625 0.059375
2 0.04453125 0.35625 0.05 0.059375
2 0.275 0.55546875 0.040625 0.0609375
2 0.44375 0.596875 0.0375 0.0390625
2 0.453125 0.5671875 0.03125 0.040625
2 0.45703125 0.396875 0.03125 0.05
2 0.58203125 0.6359375 0.0359375 0.0484375
2 0.67109375 0.60859375 0.046875 0.05625
2 0.62109375 0.4875 0.05 0.05
2 0.59140625 0.3953125 0.05625 0.05
2 0.534375 0.3984375 0.0359375 0.0390625
2 0.51796875 0.453125 0.034375 0.0375
2 0.75234375 0.2921875 0.0484375 0.05
2 0.69140625 0.4125 0.028125 0.0453125
2 0.65078125 0.38203125 0.04375 0.046875
2 0.69296875 0.3578125 0.03125 0.040625
2 0.715625 0.365625 0.034375 0.0375
2 0.90546875 0.22578125 0.040625 0.0515625
2 0.79140625 0.1921875 0.034375 0.046875
2 0.92578125 0.184375 0.034375 0.0578125
2 0.9765625 0.2671875 0.025 0.05625
2 0.96796875 0.390625 0.0328125 0.0515625
2 0.96484375 0.43671875 0.0421875 0.0625
2 0.90078125 0.4765625 0.046875 0.059375
2 0.884375 0.55 0.0390625 0.0546875
2 0.8375 0.57578125 0.046875 0.0625
2 0.63984375 0.7703125 0.0390625 0.0578125
2 0.803125 0.42109375 0.040625 0.0609375
2 0.86875 0.3828125 0.0375 0.053125
2 0.80390625 0.34609375 0.03125 0.053125
2 0.98359375 0.134375 0.0296875 0.0359375
2 0.7921875 0.76171875 0.028125 0.025
2 0.734375 0.7078125 0.03125 0.034375
2 0.75546875 0.68515625 0.021875 0.034375
2 0.95 0.559375 0.028125 0.034375
2 0.45859375 0.7390625 0.028125 0.0359375
2 0.515625 0.71484375 0.03125 0.04375
2 0.51640625 0.67265625 0.034375 0.0390625