2 0.79765625 0.36640625 0.04375 0.0609375
2 0.93671875 0.24921875 0.046875 0.0578125
2 0.90234375 0.37265625 0.0484375 0.0609375
2 0.965625 0.41328125 0.0390625 0.0421875
2 0.97578125 0.4609375 0.040625 0.05
2 0.89375 0.4984375 0.0421875 0.059375
2 0.98203125 0.5328125 0.0359375 0.059375
2 0.74609375 0.3296875 0.04375 0.0609375
2 0.57265625 0.2875 0.0390625 0.0390625
2 0.56484375 0.31640625 0.0328125 0.040625
2 0.57265625 0.48671875 0.034375 0.05
2 0.43125 0.24609375 0.0390625 0.0484375
2 0.34296875 0.27265625 0.05 0.0546875
2 0.40078125 0.39453125 0.053125 0.05
2 0.4375 0.48671875 0.059375 0.05
2 0.49453125 0.484375 0.0375 0.0390625
2 0.50703125 0.4296875 0.0359375 0.0359375
2 0.28125 0.5875 0.0515625 0.0484375
2 0.334375 0.46875 0.03125 0.0453125
2 0.378125 0.49921875 0.046875 0.046875
2 0.3375 0.5234375 0.0328125 0.040625
2 0.3140625 0.51484375 0.0359375 0.0359375
2 0.13046875 0.65234375 0.04375 0.0515625
2 0.2484375 0.6875 0.0375 0.0453125
2 0.11328125 0.69375 0.0375 0.05625
2 0.05703125 0.61015625 0.028125 0.05625
2 0.0578125 0.48671875 0.0359375 0.05
2 0.0578125 0.440625 0.0453125 0.0625
2 0.1203125 0.4015625 0.05 0.0578125
2 0.13125 0.328125 0.0421875 0.0546875
2 0.17734375 0.303125 0.05 0.0609375
2 0.3640625 0.1109375 0.0421875 0.0578125
2 0.221875 0.4578125 0.04375 0.0609375
2 0.1578125 0.49609375 0.040625 0.053125
2 0.22578125 0.5328125 0.034375 0.053125
2 0.05859375 0.74296875 0.03125 0.0359375
2 0.2109375 0.11796875 0.0296875 0.025
2 0.27265625 0.17265625 0.0328125 0.034375
2 0.253125 0.1953125 0.0234375 0.034375
2 0.06484375 0.31796875 0.0296875 0.034375
2 0.5484375 0.14453125 0.0296875 0.0359375
2 0.4921875 0.16796875 0.034375 0.04375
2 0.4953125 0.21015625 0.0359375 0.0375