2 0.1875 0.56484375 0.0453125 0.059375
2 0.034375 0.65546875 0.0484375 0.05625
2 0.08515625 0.53984375 0.05 0.059375
2 0.028125 0.4875 0.040625 0.040625
2 0.02421875 0.4390625 0.040625 0.0484375
2 0.11015625 0.4171875 0.04375 0.0578125
2 0.0234375 0.365625 0.046875 0.05625
2 0.23359375 0.6109375 0.0453125 0.059375
2 0.3984375 0.68515625 0.040625 0.0375
2 0.41015625 0.6578125 0.034375 0.040625
2 0.425 0.48828125 0.034375 0.05
2 0.53203125 0.75234375 0.0390625 0.046875
2 0.62265625 0.7421875 0.05 0.053125
2 0.58125 0.61171875 0.053125 0.046875
2 0.55859375 0.51328125 0.059375 0.0484375
2 0.5015625 0.5046875 0.0390625 0.0375
2 0.48203125 0.55703125 0.0375 0.0359375
2 0.72578125 0.4421875 0.0515625 0.046875
2 0.65703125 0.55 0.03125 0.04375
2 0.61796875 0.51171875 0.046875 0.0453125
2 0.66171875 0.4953125 0.034375 0.040625
2 0.68359375 0.50859375 0.0375 0.0359375
2 0.88203125 0.40625 0.04375 0.05
2 0.77109375 0.35 0.0375 0.0453125
2 0.9046875 0.36875 0.0390625 0.05625
2 0.94921875 0.46171875 0.0296875 0.0546875
2 0.9328125 0.58359375 0.0359375 0.05
2 0.92578125 0.62890625 0.046875 0.0609375
2 0.859375 0.65625 0.0515625 0.05625
2 0.83828125 0.7265625 0.0421875 0.053125
2 0.78984375 0.74296875 0.0515625 0.059375
2 0.58046875 0.8984375 0.04375 0.05625
2 0.7671875 0.58125 0.0453125 0.059375
2 0.834375 0.55625 0.040625 0.0515625
2 0.77265625 0.50625 0.034375 0.053125
2 0.965625 0.33046875 0.0328125 0.034375
2 0.73203125 0.91953125 0.0296875 0.0234375
2 0.67890625 0.8546875 0.034375 0.034375
2 0.7015625 0.8359375 0.025 0.0328125
2 0.90234375 0.74921875 0.03125 0.0328125
2 0.403125 0.83125 0.03125 0.034375
2 0.4609375 0.81796875 0.034375 0.04375
2 0.46484375 0.77578125 0.0375 0.0375