2 0.22890625 0.56796875 0.040625 0.059375
2 0.08359375 0.65625 0.04375 0.05625
2 0.125 0.54140625 0.0453125 0.0609375
2 0.06484375 0.48828125 0.0375 0.040625
2 0.05703125 0.4390625 0.0375 0.0484375
2 0.140625 0.41875 0.0390625 0.0578125
2 0.046875 0.365625 0.05 0.0578125
2 0.278125 0.6140625 0.040625 0.059375
2 0.44765625 0.690625 0.0375 0.0375
2 0.45703125 0.66328125 0.03125 0.040625
2 0.459375 0.49296875 0.03125 0.05
2 0.5859375 0.759375 0.0359375 0.046875
2 0.675 0.75078125 0.046875 0.0546875
2 0.62421875 0.61875 0.05 0.0484375
2 0.59375 0.51953125 0.05625 0.0484375
2 0.53671875 0.5109375 0.0359375 0.0375
2 0.52109375 0.5625 0.034375 0.0359375
2 0.7546875 0.4515625 0.0484375 0.0484375
2 0.69453125 0.55859375 0.028125 0.0453125
2 0.653125 0.51953125 0.04375 0.0453125
2 0.6953125 0.50390625 0.03125 0.040625
2 0.71796875 0.51640625 0.034375 0.0359375
2 0.9078125 0.4171875 0.040625 0.05
2 0.79296875 0.359375 0.034375 0.0453125
2 0.92734375 0.3796875 0.034375 0.05625
2 0.97890625 0.4734375 0.025 0.0546875
2 0.97109375 0.5953125 0.0328125 0.05
2 0.96796875 0.63984375 0.0421875 0.0609375
2 0.90390625 0.66640625 0.046875 0.0578125
2 0.88828125 0.73671875 0.0390625 0.053125
2 0.84140625 0.75234375 0.046875 0.0609375
2 0.64453125 0.90546875 0.0390625 0.05625
2 0.80625 0.590625 0.040625 0.059375
2 0.871875 0.56640625 0.0375 0.0515625
2 0.80625 0.515625 0.03125 0.053125
2 0.98515625 0.34140625 0.0296875 0.0359375
2 0.796875 0.92890625 0.028125 0.025
2 0.7390625 0.86328125 0.03125 0.034375
2 0.76015625 0.84453125 0.021875 0.0328125
2 0.95390625 0.76015625 0.028125 0.034375
2 0.46328125 0.83671875 0.028125 0.0359375
2 0.5203125 0.82421875 0.03125 0.04375
2 0.5203125 0.78203125 0.034375 0.0375