2 0.78984375 0.36640625 0.0421875 0.0609375
2 0.93046875 0.24921875 0.0453125 0.0578125
2 0.89375 0.37265625 0.046875 0.0609375
2 0.95625 0.41328125 0.0390625 0.0421875
2 0.96640625 0.4609375 0.0390625 0.05
2 0.88359375 0.4984375 0.040625 0.059375
2 0.9765625 0.5328125 0.046875 0.059375
2 0.73828125 0.3296875 0.0421875 0.0609375
2 0.56640625 0.2875 0.0390625 0.0390625
2 0.55859375 0.31640625 0.0328125 0.040625
2 0.56328125 0.48671875 0.0328125 0.05
2 0.42578125 0.24609375 0.0375 0.0484375
2 0.3375 0.27265625 0.0484375 0.0546875
2 0.39375 0.39453125 0.0515625 0.05
2 0.428125 0.48671875 0.0578125 0.05
2 0.48515625 0.484375 0.0375 0.0390625
2 0.4984375 0.4296875 0.0359375 0.0359375
2 0.2703125 0.5875 0.05 0.0484375
2 0.32578125 0.46875 0.0296875 0.0453125
2 0.36875 0.49921875 0.0453125 0.046875
2 0.32734375 0.5234375 0.0328125 0.040625
2 0.30390625 0.51484375 0.0359375 0.0359375
2 0.11953125 0.65234375 0.0421875 0.0515625
2 0.2359375 0.6875 0.0359375 0.0453125
2 0.1015625 0.69375 0.0359375 0.05625
2 0.04609375 0.61015625 0.0265625 0.05625
2 0.04921875 0.48671875 0.034375 0.05
2 0.05 0.440625 0.0453125 0.0625
2 0.11328125 0.4015625 0.0484375 0.0578125
2 0.12578125 0.328125 0.040625 0.0546875
2 0.171875 0.303125 0.0484375 0.0609375
2 0.36171875 0.1109375 0.040625 0.0578125
2 0.21328125 0.4578125 0.0421875 0.0609375
2 0.14921875 0.49609375 0.0390625 0.053125
2 0.21640625 0.5328125 0.0328125 0.053125
2 0.0453125 0.74296875 0.03125 0.0359375
2 0.20859375 0.11796875 0.0296875 0.025
2 0.26953125 0.17265625 0.0328125 0.034375
2 0.24921875 0.1953125 0.0234375 0.034375
2 0.059375 0.31796875 0.0296875 0.034375
2 0.5453125 0.14453125 0.0296875 0.0359375
2 0.4890625 0.16796875 0.0328125 0.04375
2 0.490625 0.21015625 0.0359375 0.0375