2 0.26875 0.4640625 0.0453125 0.0578125
2 0.1140625 0.35546875 0.0484375 0.0546875
2 0.16640625 0.47578125 0.05 0.059375
2 0.11015625 0.5203125 0.040625 0.0390625
2 0.10625 0.56875 0.0421875 0.046875
2 0.1921875 0.60078125 0.04375 0.05625
2 0.10234375 0.640625 0.0546875 0.05625
2 0.3140625 0.425 0.0453125 0.0578125
2 0.478125 0.371875 0.040625 0.0359375
2 0.48984375 0.40078125 0.034375 0.0390625
2 0.50703125 0.57109375 0.0359375 0.0484375
2 0.61171875 0.32265625 0.0390625 0.0453125
2 0.70234375 0.34375 0.0515625 0.053125
2 0.6625 0.46875 0.053125 0.046875
2 0.640625 0.56328125 0.059375 0.046875
2 0.58359375 0.5640625 0.0390625 0.0359375
2 0.56328125 0.51015625 0.0375 0.034375
2 0.80859375 0.6546875 0.0515625 0.046875
2 0.73828125 0.5390625 0.03125 0.04375
2 0.7 0.571875 0.046875 0.04375
2 0.74375 0.59375 0.034375 0.0390625
2 0.765625 0.58359375 0.0375 0.034375
2 0.965625 0.71015625 0.0453125 0.0484375
2 0.85546875 0.7515625 0.0375 0.04375
2 0.984375 0.75 0.03125 0.0546875
2 0.99765625 0.540625 0.0046875 0.0484375
2 0.99140625 0.4953125 0.0171875 0.059375
2 0.93984375 0.46015625 0.0515625 0.05625
2 0.91796875 0.3875 0.04375 0.0515625
2 0.86953125 0.36484375 0.0515625 0.059375
2 0.6578125 0.184375 0.04375 0.0546875
2 0.8484375 0.521875 0.0453125 0.0578125
2 0.91640625 0.55546875 0.0421875 0.05
2 0.8546875 0.596875 0.0359375 0.0515625
2 0.809375 0.18203125 0.0296875 0.0234375
2 0.75703125 0.240625 0.034375 0.0328125
2 0.7796875 0.26171875 0.025 0.0328125
2 0.98203125 0.3734375 0.03125 0.0328125
2 0.48125 0.228125 0.03125 0.034375
2 0.53984375 0.2484375 0.034375 0.0421875
2 0.54296875 0.290625 0.0375 0.0359375