2 0.20234375 0.4265625 0.04375 0.0609375
2 0.06328125 0.34140625 0.046875 0.0578125
2 0.09765625 0.45546875 0.0484375 0.0609375
2 0.034375 0.51015625 0.0390625 0.0421875
2 0.02421875 0.559375 0.040625 0.05
2 0.10625 0.578125 0.0421875 0.059375
2 0.01796875 0.6328125 0.0359375 0.059375
2 0.25390625 0.37890625 0.04375 0.0609375
2 0.42734375 0.2984375 0.0390625 0.0390625
2 0.43515625 0.32578125 0.0328125 0.040625
2 0.42734375 0.49609375 0.034375 0.05
2 0.56875 0.22734375 0.0390625 0.0484375
2 0.65703125 0.23359375 0.05 0.0546875
2 0.59921875 0.36640625 0.053125 0.05
2 0.5625 0.46640625 0.059375 0.05
2 0.50546875 0.4765625 0.0375 0.0390625
2 0.49296875 0.425 0.0359375 0.0359375
2 0.71875 0.53125 0.0515625 0.0484375
2 0.665625 0.425 0.03125 0.0453125
2 0.621875 0.46484375 0.046875 0.046875
2 0.6625 0.4796875 0.0328125 0.040625
2 0.6859375 0.46640625 0.0359375 0.0359375
2 0.86953125 0.56171875 0.04375 0.0515625
2 0.7515625 0.621875 0.0375 0.0453125
2 0.88671875 0.5984375 0.0375 0.05625
2 0.94296875 0.50390625 0.028125 0.05625
2 0.9421875 0.38203125 0.0359375 0.05
2 0.9421875 0.33671875 0.0453125 0.0625
2 0.8796875 0.3125 0.05 0.0578125
2 0.86875 0.2421875 0.0421875 0.0546875
2 0.82265625 0.22734375 0.05 0.0609375
2 0.6359375 0.07890625 0.0421875 0.0578125
2 0.778125 0.38984375 0.04375 0.0609375
2 0.8421875 0.41328125 0.040625 0.053125
2 0.77421875 0.46484375 0.034375 0.053125
2 0.94140625 0.63515625 0.03125 0.0359375
2 0.7890625 0.05234375 0.0296875 0.025
2 0.72734375 0.11953125 0.0328125 0.034375
2 0.746875 0.1375 0.0234375 0.034375
2 0.93515625 0.2171875 0.0296875 0.034375
2 0.4515625 0.15234375 0.0296875 0.0359375
2 0.5078125 0.16328125 0.034375 0.04375
2 0.5046875 0.20546875 0.0359375 0.0375