2 0.7609375 0.37578125 0.0421875 0.0609375
2 0.90859375 0.26015625 0.0453125 0.0578125
2 0.8640625 0.3828125 0.046875 0.0609375
2 0.9234375 0.42421875 0.0390625 0.040625
2 0.9296875 0.471875 0.0390625 0.0484375
2 0.8453125 0.50859375 0.040625 0.0578125
2 0.93828125 0.54375 0.0515625 0.0578125
2 0.7125 0.33828125 0.0421875 0.0609375
2 0.54453125 0.29375 0.0390625 0.0375
2 0.534375 0.32265625 0.0328125 0.040625
2 0.528125 0.49296875 0.0328125 0.05
2 0.40703125 0.25078125 0.0375 0.046875
2 0.31796875 0.2765625 0.0484375 0.0546875
2 0.365625 0.3984375 0.0515625 0.0484375
2 0.39375 0.49140625 0.0578125 0.05
2 0.45078125 0.48984375 0.0375 0.0375
2 0.46796875 0.43515625 0.034375 0.0359375
2 0.23125 0.590625 0.05 0.0484375
2 0.29375 0.471875 0.0296875 0.0453125
2 0.334375 0.503125 0.0453125 0.046875
2 0.29140625 0.5265625 0.0328125 0.040625
2 0.26953125 0.51796875 0.034375 0.0359375
2 0.0765625 0.653125 0.0421875 0.0515625
2 0.190625 0.68984375 0.0359375 0.0453125
2 0.05625 0.69453125 0.0359375 0.05625
2 0.01015625 0.61015625 0.0203125 0.05625
2 0.0171875 0.48671875 0.034375 0.05
2 0.021875 0.44140625 0.04375 0.0625
2 0.08671875 0.403125 0.0484375 0.0578125
2 0.10390625 0.3296875 0.040625 0.053125
2 0.15078125 0.30546875 0.0484375 0.0609375
2 0.35234375 0.115625 0.040625 0.05625
2 0.1828125 0.46015625 0.0421875 0.0609375
2 0.11640625 0.49765625 0.0390625 0.0515625
2 0.18046875 0.53515625 0.0328125 0.053125
2 0.00625 0.74296875 0.0125 0.0359375
2 0.2 0.1203125 0.028125 0.025
2 0.25625 0.17578125 0.03125 0.034375
2 0.234375 0.1984375 0.021875 0.0328125
2 0.03828125 0.31875 0.028125 0.034375
2 0.53203125 0.15078125 0.028125 0.0359375
2 0.47421875 0.1734375 0.0328125 0.04375
2 0.4734375 0.215625 0.0359375 0.0375