2 0.4640625 0.7171875 0.021875 0.0234375
2 0.44453125 0.74375 0.01875 0.0203125
2 0.44375 0.70859375 0.021875 0.0234375
2 0.48046875 0.6859375 0.0234375 0.025
2 0.48984375 0.72109375 0.01875 0.0203125
2 0.54296875 0.71015625 0.0328125 0.028125
2 0.496875 0.6546875 0.0234375 0.0265625
2 0.50390625 0.6265625 0.021875 0.021875
2 0.4875 0.56796875 0.0203125 0.0296875
2 0.509375 0.54140625 0.0296875 0.028125
2 0.54296875 0.48359375 0.0203125 0.0296875
2 0.5421875 0.51328125 0.021875 0.0234375
2 0.521875 0.48359375 0.0140625 0.0171875
2 0.4734375 0.61953125 0.01875 0.0234375