2 0.7109375 0.4734375 0.0234375 0.0234375
2 0.740625 0.490625 0.0203125 0.0203125
2 0.70546875 0.49375 0.0234375 0.0234375
2 0.6765625 0.459375 0.025 0.0234375
2 0.71015625 0.44765625 0.0203125 0.0203125
2 0.68984375 0.39609375 0.028125 0.0328125
2 0.64296875 0.446875 0.0265625 0.0234375
2 0.61328125 0.4421875 0.021875 0.0234375
2 0.55859375 0.4640625 0.0296875 0.0203125
2 0.528125 0.44453125 0.0265625 0.0296875
2 0.46484375 0.4171875 0.0296875 0.0203125
2 0.49453125 0.41484375 0.0234375 0.0234375
2 0.46875 0.43828125 0.0171875 0.015625
2 0.61171875 0.47265625 0.0234375 0.0203125