2 0.7046875 0.5046875 0.0234375 0.021875
2 0.734375 0.5234375 0.0203125 0.01875
2 0.69921875 0.525 0.0234375 0.021875
2 0.67109375 0.4890625 0.025 0.021875
2 0.7046875 0.47890625 0.0203125 0.01875
2 0.68515625 0.4265625 0.0265625 0.03125
2 0.6375 0.475 0.0265625 0.021875
2 0.6078125 0.46875 0.021875 0.021875
2 0.553125 0.48828125 0.0296875 0.01875
2 0.52265625 0.46796875 0.0265625 0.028125
2 0.459375 0.4375 0.0296875 0.01875
2 0.4890625 0.4359375 0.0234375 0.021875
2 0.46328125 0.45859375 0.0171875 0.0140625
2 0.60625 0.49921875 0.0234375 0.01875