2 0.68046875 0.49296875 0.021875 0.021875
2 0.709375 0.5109375 0.01875 0.01875
2 0.67421875 0.51328125 0.021875 0.021875
2 0.64765625 0.478125 0.0234375 0.021875
2 0.68203125 0.4671875 0.01875 0.01875
2 0.66484375 0.415625 0.025 0.03125
2 0.61484375 0.4640625 0.025 0.021875
2 0.5859375 0.45859375 0.0203125 0.021875
2 0.5296875 0.4796875 0.028125 0.0203125
2 0.50078125 0.459375 0.025 0.028125
2 0.4390625 0.4296875 0.028125 0.0203125
2 0.46875 0.428125 0.021875 0.021875
2 0.44140625 0.45078125 0.015625 0.0140625
2 0.58203125 0.48984375 0.021875 0.01875