2 0.4796875 0.6265625 0.021875 0.0234375
2 0.4609375 0.65625 0.01875 0.0203125
2 0.459375 0.62109375 0.021875 0.0234375
2 0.4953125 0.5921875 0.021875 0.025
2 0.50546875 0.62578125 0.01875 0.0203125
2 0.5578125 0.60390625 0.03125 0.028125
2 0.5109375 0.5578125 0.021875 0.0265625
2 0.5171875 0.528125 0.021875 0.021875
2 0.49921875 0.47421875 0.01875 0.0296875
2 0.52109375 0.44296875 0.028125 0.028125
2 0.553125 0.37890625 0.01875 0.0296875
2 0.553125 0.40859375 0.021875 0.0234375
2 0.53203125 0.38359375 0.0140625 0.0171875
2 0.48671875 0.52734375 0.01875 0.0234375