2 0.46015625 0.6375 0.0234375 0.0234375
2 0.43984375 0.6671875 0.01875 0.0203125
2 0.43984375 0.63203125 0.0234375 0.0234375
2 0.47734375 0.60390625 0.0234375 0.025
2 0.4859375 0.6375 0.01875 0.0203125
2 0.5390625 0.6171875 0.0328125 0.0265625
2 0.49296875 0.5703125 0.0234375 0.0265625
2 0.50078125 0.540625 0.0234375 0.021875
2 0.484375 0.4859375 0.0203125 0.0296875
2 0.50625 0.45546875 0.0296875 0.0265625
2 0.540625 0.3921875 0.0203125 0.0296875
2 0.53984375 0.421875 0.0234375 0.0234375
2 0.51875 0.39609375 0.0140625 0.0171875
2 0.4703125 0.5390625 0.0203125 0.0234375