2 0.4953125 0.6859375 0.021875 0.021875
2 0.4765625 0.71328125 0.01875 0.01875
2 0.475 0.678125 0.021875 0.021875
2 0.5109375 0.65390625 0.021875 0.0234375
2 0.52109375 0.68828125 0.01875 0.01875
2 0.5734375 0.6734375 0.03125 0.0265625
2 0.525 0.62109375 0.021875 0.025
2 0.53125 0.59296875 0.021875 0.0203125
2 0.51171875 0.5359375 0.01875 0.028125
2 0.53203125 0.5078125 0.028125 0.0265625
2 0.5625 0.44765625 0.01875 0.028125
2 0.5640625 0.47734375 0.021875 0.021875
2 0.54140625 0.44921875 0.0140625 0.015625
2 0.50078125 0.5875 0.01875 0.021875