2 0.66875 0.5125 0.021875 0.021875
2 0.696875 0.53125 0.01875 0.01875
2 0.66171875 0.5328125 0.021875 0.021875
2 0.6359375 0.496875 0.0234375 0.021875
2 0.6703125 0.48671875 0.01875 0.01875
2 0.6546875 0.434375 0.025 0.03125
2 0.603125 0.48203125 0.025 0.021875
2 0.57421875 0.47578125 0.0203125 0.021875
2 0.51796875 0.49453125 0.028125 0.01875
2 0.4890625 0.4734375 0.025 0.028125
2 0.42890625 0.4421875 0.028125 0.01875
2 0.45859375 0.44140625 0.021875 0.021875
2 0.43125 0.46328125 0.015625 0.0140625
2 0.5703125 0.50625 0.021875 0.01875