2 0.65078125 0.559375 0.0234375 0.0234375
2 0.678125 0.58046875 0.01875 0.0203125
2 0.64296875 0.5796875 0.0234375 0.0234375
2 0.61875 0.54140625 0.025 0.0234375
2 0.65390625 0.53359375 0.01875 0.0203125
2 0.6390625 0.48046875 0.0265625 0.0328125
2 0.58671875 0.52421875 0.0265625 0.0234375
2 0.5578125 0.51640625 0.021875 0.0234375
2 0.50078125 0.53125 0.028125 0.0203125
2 0.47265625 0.5078125 0.0265625 0.0296875
2 0.41328125 0.47265625 0.028125 0.0203125
2 0.44296875 0.4734375 0.0234375 0.0234375
2 0.41484375 0.49375 0.015625 0.015625
2 0.553125 0.54609375 0.021875 0.0203125