2 0.45625 0.72578125 0.0234375 0.025
2 0.4359375 0.75234375 0.0203125 0.0203125
2 0.4359375 0.71640625 0.0234375 0.025
2 0.4734375 0.69453125 0.0234375 0.0265625
2 0.48203125 0.73046875 0.0203125 0.0203125
2 0.53515625 0.71953125 0.0328125 0.028125
2 0.48984375 0.6640625 0.0234375 0.028125
2 0.49765625 0.63515625 0.0234375 0.0234375
2 0.48125 0.57734375 0.0203125 0.0296875
2 0.50390625 0.55078125 0.0296875 0.028125
2 0.5375 0.49296875 0.0203125 0.0296875
2 0.5375 0.52265625 0.0234375 0.025
2 0.51640625 0.49296875 0.0140625 0.0171875
2 0.4671875 0.628125 0.0203125 0.0234375