2 0.66328125 0.4421875 0.021875 0.0234375
2 0.690625 0.4578125 0.01875 0.0203125
2 0.65546875 0.46328125 0.021875 0.0234375
2 0.63046875 0.4296875 0.0234375 0.025
2 0.66484375 0.415625 0.01875 0.0203125
2 0.64921875 0.365625 0.025 0.034375
2 0.59765625 0.41796875 0.025 0.025
2 0.56875 0.41484375 0.0203125 0.0234375
2 0.5125 0.43984375 0.028125 0.021875
2 0.48359375 0.421875 0.025 0.03125
2 0.4234375 0.396875 0.028125 0.021875
2 0.453125 0.39296875 0.021875 0.0234375
2 0.42578125 0.41796875 0.015625 0.015625
2 0.56484375 0.44609375 0.021875 0.0203125