2 0.44453125 0.68359375 0.0234375 0.021875
2 0.42421875 0.7109375 0.0203125 0.01875
2 0.42421875 0.67578125 0.0234375 0.021875
2 0.4625 0.65078125 0.0234375 0.0234375
2 0.4703125 0.68515625 0.0203125 0.01875
2 0.5234375 0.6703125 0.0328125 0.025
2 0.47890625 0.61796875 0.0234375 0.025
2 0.4875 0.58984375 0.0234375 0.0203125
2 0.471875 0.5328125 0.0203125 0.028125
2 0.4953125 0.5046875 0.0296875 0.025
2 0.53046875 0.44453125 0.0203125 0.028125
2 0.52890625 0.47421875 0.0234375 0.021875
2 0.50859375 0.44609375 0.015625 0.015625
2 0.45703125 0.58515625 0.0203125 0.021875