2 0.534375 0.640625 0.0234375 0.0234375
2 0.51796875 0.6703125 0.0203125 0.0203125
2 0.5140625 0.63515625 0.0234375 0.0234375
2 0.54765625 0.60703125 0.0234375 0.025
2 0.56015625 0.640625 0.0203125 0.0203125
2 0.61171875 0.62109375 0.0328125 0.0265625
2 0.56015625 0.5734375 0.0234375 0.0265625
2 0.56484375 0.54375 0.0234375 0.021875
2 0.5421875 0.4890625 0.0203125 0.0296875
2 0.5609375 0.45859375 0.0296875 0.0265625
2 0.58828125 0.3953125 0.0203125 0.0296875
2 0.590625 0.425 0.0234375 0.0234375
2 0.5671875 0.39921875 0.015625 0.0171875
2 0.53359375 0.54140625 0.0203125 0.0234375