2 0.69296875 0.5515625 0.0234375 0.0234375
2 0.721875 0.571875 0.01875 0.0203125
2 0.68671875 0.571875 0.0234375 0.0234375
2 0.659375 0.534375 0.025 0.0234375
2 0.69296875 0.52578125 0.01875 0.0203125
2 0.675 0.47265625 0.0265625 0.0328125
2 0.62578125 0.5171875 0.0265625 0.0234375
2 0.596875 0.509375 0.021875 0.0234375
2 0.54140625 0.525 0.028125 0.0203125
2 0.51171875 0.50234375 0.0265625 0.0296875
2 0.44921875 0.4671875 0.028125 0.0203125
2 0.47890625 0.46796875 0.0234375 0.0234375
2 0.45234375 0.48828125 0.015625 0.015625
2 0.59375 0.53984375 0.021875 0.0203125