2 0.7015625 0.48125 0.0234375 0.0234375
2 0.73125 0.4984375 0.0203125 0.0203125
2 0.69609375 0.5015625 0.0234375 0.0234375
2 0.66796875 0.4671875 0.025 0.0234375
2 0.7015625 0.45546875 0.0203125 0.0203125
2 0.68203125 0.40390625 0.0265625 0.0328125
2 0.634375 0.45390625 0.0265625 0.0234375
2 0.6046875 0.44921875 0.021875 0.0234375
2 0.55 0.4703125 0.0296875 0.0203125
2 0.51953125 0.45078125 0.0265625 0.0296875
2 0.45703125 0.421875 0.0296875 0.0203125
2 0.48671875 0.4203125 0.0234375 0.0234375
2 0.4609375 0.44296875 0.0171875 0.0140625
2 0.603125 0.4796875 0.0234375 0.0203125