2 0.51484375 0.68046875 0.0234375 0.021875
2 0.49765625 0.7078125 0.01875 0.01875
2 0.49453125 0.67265625 0.0234375 0.021875
2 0.52890625 0.64765625 0.0234375 0.0234375
2 0.540625 0.68203125 0.01875 0.01875
2 0.5921875 0.6671875 0.0328125 0.025
2 0.54296875 0.615625 0.0234375 0.025
2 0.54765625 0.58671875 0.0234375 0.0203125
2 0.5265625 0.5296875 0.0203125 0.028125
2 0.546875 0.5015625 0.0296875 0.025
2 0.575 0.440625 0.0203125 0.028125
2 0.57734375 0.4703125 0.0234375 0.021875
2 0.5546875 0.44296875 0.0140625 0.015625
2 0.5171875 0.58203125 0.0203125 0.021875