2 0.6421875 0.55546875 0.0234375 0.0234375
2 0.66875 0.57578125 0.0203125 0.0203125
2 0.63359375 0.57578125 0.0234375 0.0234375
2 0.61015625 0.5375 0.025 0.0234375
2 0.6453125 0.5296875 0.0203125 0.0203125
2 0.63203125 0.4765625 0.0265625 0.0328125
2 0.578125 0.52109375 0.0265625 0.0234375
2 0.55 0.5125 0.021875 0.0234375
2 0.4921875 0.528125 0.0296875 0.0203125
2 0.46484375 0.5046875 0.0265625 0.0296875
2 0.40546875 0.46953125 0.0296875 0.0203125
2 0.43515625 0.47109375 0.0234375 0.0234375
2 0.40625 0.49140625 0.0171875 0.015625
2 0.54375 0.54296875 0.0234375 0.0203125