2 0.5265625 0.675 0.0234375 0.021875
2 0.509375 0.70234375 0.0203125 0.01875
2 0.50625 0.6671875 0.0234375 0.021875
2 0.540625 0.6421875 0.0234375 0.0234375
2 0.55234375 0.6765625 0.0203125 0.01875
2 0.60390625 0.66015625 0.0328125 0.025
2 0.553125 0.609375 0.0234375 0.025
2 0.5578125 0.58046875 0.0234375 0.0203125
2 0.5359375 0.52421875 0.0203125 0.028125
2 0.55546875 0.4953125 0.0296875 0.025
2 0.5828125 0.434375 0.0203125 0.028125
2 0.58515625 0.4640625 0.0234375 0.021875
2 0.56171875 0.43671875 0.015625 0.015625
2 0.52734375 0.5765625 0.0203125 0.021875