2 0.14921875 0.57890625 0.0375 0.0515625
2 0.08671875 0.5828125 0.0328125 0.0375
2 0.0515625 0.5734375 0.04375 0.0515625
2 0.15 0.4453125 0.0359375 0.04375
2 0.25078125 0.53671875 0.0359375 0.0546875
2 0.28828125 0.5203125 0.0328125 0.05
2 0.31796875 0.5125 0.04375 0.0703125
2 0.35390625 0.50234375 0.0359375 0.0578125
2 0.3875 0.48984375 0.04375 0.0578125
2 0.4265625 0.43515625 0.0359375 0.0515625
2 0.45390625 0.42421875 0.0421875 0.0484375
2 0.16484375 0.303125 0.040625 0.0515625
2 0.1234375 0.31015625 0.0328125 0.04375
2 0.1265625 0.71328125 0.0328125 0.05