2 0.21171875 0.6125 0.0390625 0.05
2 0.14921875 0.60390625 0.0328125 0.0359375
2 0.1125 0.58828125 0.0453125 0.05
2 0.1984375 0.478125 0.0375 0.0421875
2 0.3109375 0.58984375 0.0375 0.053125
2 0.346875 0.58046875 0.034375 0.0484375
2 0.37578125 0.578125 0.0453125 0.06875
2 0.41171875 0.575 0.0375 0.05625
2 0.44375 0.56875 0.0453125 0.05625
2 0.478125 0.52109375 0.0375 0.05
2 0.5046875 0.51484375 0.04375 0.046875
2 0.19921875 0.3375 0.0421875 0.05
2 0.1578125 0.3359375 0.034375 0.0421875
2 0.203125 0.74375 0.034375 0.0484375