2 0.3859375 0.21796875 0.05 0.040625
2 0.39453125 0.15546875 0.0375 0.034375
2 0.4109375 0.12109375 0.05 0.046875
2 0.51953125 0.228125 0.0421875 0.0390625
2 0.40703125 0.321875 0.053125 0.040625
2 0.41640625 0.36015625 0.05 0.0359375
2 0.4171875 0.38984375 0.06875 0.0484375
2 0.42109375 0.4265625 0.05625 0.040625
2 0.4265625 0.46015625 0.05625 0.0484375
2 0.4734375 0.503125 0.05 0.0390625
2 0.4796875 0.53125 0.046875 0.0453125
2 0.66015625 0.253125 0.05 0.04375
2 0.6625 0.21171875 0.04375 0.0359375
2 0.2546875 0.1859375 0.05 0.0359375