2 0.19453125 0.60078125 0.0375 0.046875
2 0.13203125 0.596875 0.0328125 0.034375
2 0.0953125 0.58359375 0.04375 0.046875
2 0.18515625 0.4671875 0.0359375 0.0390625
2 0.29375 0.571875 0.0359375 0.05
2 0.33046875 0.56015625 0.0328125 0.046875
2 0.36015625 0.55703125 0.0421875 0.065625
2 0.39609375 0.55078125 0.0359375 0.053125
2 0.428125 0.5421875 0.04375 0.053125
2 0.4640625 0.4921875 0.0359375 0.046875
2 0.490625 0.48515625 0.0421875 0.04375
2 0.18984375 0.32578125 0.040625 0.046875
2 0.1484375 0.32734375 0.0328125 0.040625
2 0.18203125 0.73359375 0.0328125 0.046875