2 0.40234375 0.17109375 0.046875 0.0359375
2 0.40546875 0.10859375 0.034375 0.03125
2 0.41796875 0.07265625 0.046875 0.0421875
2 0.5359375 0.165625 0.0390625 0.034375
2 0.4328125 0.271875 0.05 0.034375
2 0.4453125 0.30859375 0.046875 0.03125
2 0.44921875 0.33828125 0.065625 0.040625
2 0.45625 0.37421875 0.053125 0.034375
2 0.46484375 0.40703125 0.053125 0.0421875
2 0.515625 0.44375 0.046875 0.034375
2 0.5234375 0.4703125 0.04375 0.040625
2 0.67734375 0.17421875 0.046875 0.0390625
2 0.675 0.1328125 0.040625 0.03125
2 0.26875 0.1546875 0.046875 0.03125