2 0.39921875 0.14765625 0.046875 0.0390625
2 0.403125 0.08515625 0.034375 0.0328125
2 0.41640625 0.0484375 0.046875 0.0453125
2 0.5328125 0.134375 0.0390625 0.0375
2 0.428125 0.246875 0.05 0.0375
2 0.43984375 0.2828125 0.046875 0.034375
2 0.44296875 0.31171875 0.065625 0.0453125
2 0.44921875 0.34765625 0.053125 0.0375
2 0.4578125 0.3796875 0.053125 0.0453125
2 0.5078125 0.4140625 0.046875 0.0375
2 0.51484375 0.440625 0.04375 0.04375
2 0.67421875 0.13515625 0.046875 0.0421875
2 0.67265625 0.09375 0.040625 0.034375
2 0.26640625 0.1390625 0.046875 0.034375