2 0.16640625 0.58984375 0.0359375 0.0484375
2 0.10390625 0.58984375 0.03125 0.0359375
2 0.06796875 0.578125 0.0421875 0.05
2 0.16328125 0.45625 0.034375 0.040625
2 0.26796875 0.5546875 0.034375 0.0515625
2 0.3046875 0.540625 0.03125 0.0484375
2 0.334375 0.53515625 0.040625 0.06875
2 0.3703125 0.5265625 0.034375 0.0546875
2 0.403125 0.515625 0.0421875 0.05625
2 0.44140625 0.4640625 0.034375 0.0484375
2 0.46796875 0.4546875 0.040625 0.046875
2 0.17421875 0.31484375 0.0390625 0.0484375
2 0.1328125 0.31875 0.03125 0.0421875
2 0.14765625 0.7234375 0.03125 0.0484375