2 0.18046875 0.62265625 0.0359375 0.0515625
2 0.11796875 0.61015625 0.03125 0.0390625
2 0.08203125 0.5921875 0.0421875 0.0515625
2 0.17421875 0.48828125 0.034375 0.04375
2 0.28046875 0.60546875 0.034375 0.0546875
2 0.3171875 0.5984375 0.03125 0.0515625
2 0.346875 0.5984375 0.040625 0.0703125
2 0.3828125 0.596875 0.034375 0.0578125
2 0.415625 0.5921875 0.0421875 0.0578125
2 0.45234375 0.54765625 0.034375 0.0515625
2 0.47890625 0.54296875 0.040625 0.0484375
2 0.18203125 0.34765625 0.0390625 0.0515625
2 0.140625 0.34453125 0.03125 0.0453125
2 0.16484375 0.753125 0.03125 0.0515625