2 0.16328125 0.62109375 0.0375 0.0515625
2 0.10078125 0.609375 0.03125 0.0375
2 0.06484375 0.5921875 0.04375 0.0515625
2 0.1609375 0.4875 0.034375 0.04375
2 0.2640625 0.60390625 0.0359375 0.0546875
2 0.3015625 0.596875 0.0328125 0.05
2 0.33125 0.596875 0.0421875 0.0703125
2 0.3671875 0.59453125 0.0359375 0.0578125
2 0.4 0.58984375 0.04375 0.0578125
2 0.43828125 0.54453125 0.0359375 0.0515625
2 0.46484375 0.53984375 0.040625 0.0484375
2 0.17265625 0.346875 0.040625 0.0515625
2 0.13125 0.34296875 0.03125 0.04375
2 0.14375 0.75234375 0.0328125 0.05