2 0.128125 0.6109375 0.0390625 0.0484375
2 0.065625 0.603125 0.034375 0.0359375
2 0.03046875 0.5875 0.0453125 0.05
2 0.13359375 0.47734375 0.0375 0.040625
2 0.23125 0.5875 0.0375 0.0515625
2 0.26875 0.57890625 0.034375 0.0484375
2 0.2984375 0.5765625 0.0453125 0.06875
2 0.33515625 0.57265625 0.0390625 0.0546875
2 0.36875 0.56640625 0.046875 0.05625
2 0.409375 0.51875 0.0375 0.0484375
2 0.43671875 0.5125 0.04375 0.046875
2 0.153125 0.33671875 0.0421875 0.05
2 0.11171875 0.33515625 0.034375 0.0421875
2 0.10078125 0.74296875 0.034375 0.0484375