2 0.1421875 0.5875 0.0390625 0.05
2 0.0796875 0.58828125 0.0328125 0.0359375
2 0.04453125 0.57734375 0.0453125 0.05
2 0.14453125 0.4546875 0.0359375 0.0421875
2 0.24453125 0.55078125 0.0375 0.053125
2 0.28203125 0.53671875 0.034375 0.0484375
2 0.31171875 0.53125 0.04375 0.06875
2 0.34765625 0.521875 0.0375 0.05625
2 0.38125 0.5109375 0.0453125 0.05625
2 0.42109375 0.45859375 0.0375 0.05
2 0.4484375 0.44921875 0.0421875 0.046875
2 0.1609375 0.3125 0.0421875 0.05
2 0.11953125 0.3171875 0.0328125 0.0421875
2 0.11796875 0.721875 0.034375 0.0484375