2 0.40703125 0.2109375 0.0484375 0.040625
2 0.40859375 0.1484375 0.0359375 0.034375
2 0.4203125 0.1140625 0.0484375 0.046875
2 0.540625 0.21875 0.040625 0.0375
2 0.440625 0.3140625 0.0515625 0.0390625
2 0.45390625 0.35234375 0.0484375 0.0359375
2 0.459375 0.38203125 0.0671875 0.046875
2 0.4671875 0.41875 0.0546875 0.0390625
2 0.4765625 0.45234375 0.0546875 0.046875
2 0.528125 0.49453125 0.0484375 0.0390625
2 0.5375 0.521875 0.0453125 0.0453125
2 0.68203125 0.24140625 0.0484375 0.04375
2 0.67890625 0.19921875 0.0421875 0.034375
2 0.2734375 0.18125 0.0484375 0.0359375