2 0.4 0.19921875 0.046875 0.0390625
2 0.40390625 0.13671875 0.034375 0.0328125
2 0.4171875 0.1015625 0.046875 0.0453125
2 0.53359375 0.203125 0.0390625 0.0375
2 0.4296875 0.3015625 0.05 0.0375
2 0.44140625 0.3390625 0.046875 0.034375
2 0.4453125 0.36953125 0.065625 0.0453125
2 0.4515625 0.40546875 0.053125 0.0375
2 0.46015625 0.4390625 0.053125 0.0453125
2 0.51015625 0.4796875 0.046875 0.0375
2 0.51796875 0.50625 0.04375 0.04375
2 0.675 0.22109375 0.046875 0.0421875
2 0.6734375 0.1796875 0.040625 0.034375
2 0.2671875 0.1734375 0.046875 0.034375