2 0.453125 0.21796875 0.0609375 0.0609375
2 0.39921875 0.18203125 0.05 0.05
2 0.36875 0.21875 0.0546875 0.0390625
2 0.3296875 0.24375 0.046875 0.0421875
2 0.359375 0.278125 0.0453125 0.05
2 0.43359375 0.2765625 0.0671875 0.05
2 0.4328125 0.29453125 0.071875 0.0359375
2 0.4296875 0.3265625 0.0578125 0.046875
2 0.49453125 0.47265625 0.0578125 0.0546875
2 0.4484375 0.60234375 0.078125 0.071875
2 0.6 0.61171875 0.0875 0.08125
2 0.70625 0.53671875 0.09375 0.071875
2 0.84296875 0.57109375 0.0609375 0.0671875
2 0.80859375 0.62421875 0.0765625 0.0671875
2 0.7609375 0.671875 0.078125 0.0609375
2 0.76953125 0.78828125 0.0875 0.0546875
2 0.53359375 0.7953125 0.0875 0.059375
2 0.55234375 0.71484375 0.0875 0.0640625
2 0.48359375 0.7140625 0.08125 0.0671875
2 0.40625 0.759375 0.0890625 0.0765625
2 0.61796875 0.8234375 0.0828125 0.065625
2 0.7390625 0.840625 0.1 0.0765625