2 0.46796875 0.215625 0.0640625 0.0609375
2 0.41171875 0.1796875 0.053125 0.05
2 0.3828125 0.21640625 0.05625 0.040625
2 0.3453125 0.2421875 0.0484375 0.0421875
2 0.3765625 0.27578125 0.0484375 0.05
2 0.4515625 0.27421875 0.0703125 0.05
2 0.4515625 0.2921875 0.0734375 0.0359375
2 0.45078125 0.32421875 0.059375 0.046875
2 0.52421875 0.4703125 0.0609375 0.0546875
2 0.4859375 0.59921875 0.08125 0.0734375
2 0.63828125 0.6078125 0.0921875 0.08125
2 0.73984375 0.53203125 0.096875 0.0734375
2 0.8796875 0.56640625 0.0640625 0.0671875
2 0.8484375 0.61953125 0.0796875 0.06875
2 0.803125 0.6671875 0.08125 0.0625
2 0.81796875 0.78359375 0.090625 0.0546875
2 0.58203125 0.7921875 0.090625 0.059375
2 0.596875 0.71171875 0.090625 0.0640625
2 0.52734375 0.71171875 0.084375 0.0671875
2 0.45234375 0.75703125 0.0921875 0.0765625
2 0.66796875 0.8203125 0.0859375 0.065625
2 0.79140625 0.83671875 0.103125 0.078125