2 0.46328125 0.24765625 0.0625 0.05625
2 0.4078125 0.2078125 0.0515625 0.046875
2 0.37890625 0.2421875 0.05625 0.0359375
2 0.340625 0.265625 0.0484375 0.0390625
2 0.371875 0.30078125 0.046875 0.046875
2 0.44609375 0.3046875 0.06875 0.0453125
2 0.44609375 0.32265625 0.0734375 0.03125
2 0.44453125 0.3546875 0.059375 0.0421875
2 0.515625 0.5046875 0.059375 0.05
2 0.47421875 0.63125 0.08125 0.0671875
2 0.6265625 0.65078125 0.090625 0.075
2 0.7296875 0.58203125 0.0953125 0.065625
2 0.86875 0.62578125 0.0625 0.0625
2 0.8359375 0.6765625 0.078125 0.0625
2 0.78984375 0.7203125 0.0796875 0.05625
2 0.80390625 0.8375 0.0890625 0.0484375
2 0.5671875 0.8296875 0.0890625 0.053125
2 0.58359375 0.75078125 0.0890625 0.0578125
2 0.5140625 0.7453125 0.0828125 0.0609375
2 0.43828125 0.7859375 0.0921875 0.0703125
2 0.653125 0.86328125 0.084375 0.059375
2 0.77578125 0.88828125 0.103125 0.0703125