2 0.1890625 0.3171875 0.025 0.0265625
2 0.22578125 0.2765625 0.021875 0.0234375
2 0.31953125 0.2875 0.028125 0.0296875
2 0.2640625 0.40390625 0.021875 0.0328125
2 0.21015625 0.3828125 0.025 0.0234375
2 0.33203125 0.41953125 0.021875 0.0234375
2 0.31953125 0.453125 0.0203125 0.0234375
2 0.35390625 0.46171875 0.015625 0.0171875
2 0.50625 0.515625 0.028125 0.0265625
2 0.74609375 0.696875 0.025 0.0234375
2 0.83515625 0.7453125 0.03125 0.0296875
2 0.79765625 0.6140625 0.0265625 0.0359375
2 0.77734375 0.2109375 0.021875 0.03125
2 0.69921875 0.72734375 0.01875 0.025