2 0.17109375 0.2828125 0.0265625 0.028125
2 0.21015625 0.2359375 0.0234375 0.025
2 0.30390625 0.22890625 0.0296875 0.03125
2 0.24140625 0.35546875 0.0234375 0.034375
2 0.18828125 0.34453125 0.0265625 0.025
2 0.30859375 0.359375 0.0234375 0.025
2 0.29375 0.39453125 0.021875 0.025
2 0.328125 0.396875 0.0171875 0.0171875
2 0.478125 0.4234375 0.0296875 0.028125
2 0.7078125 0.5609375 0.0265625 0.025
2 0.79375 0.59375 0.0328125 0.0328125
2 0.7640625 0.46875 0.028125 0.0375
2 0.7671875 0.0703125 0.0234375 0.0328125
2 0.65859375 0.6 0.0203125 0.0265625