2 0.2140625 0.31953125 0.0265625 0.0265625
2 0.24765625 0.2796875 0.0234375 0.0234375
2 0.34140625 0.290625 0.0296875 0.0296875
2 0.29609375 0.40703125 0.025 0.0328125
2 0.240625 0.38515625 0.0265625 0.0234375
2 0.36484375 0.4234375 0.0234375 0.0234375
2 0.3546875 0.45625 0.021875 0.0234375
2 0.38984375 0.465625 0.0171875 0.0171875
2 0.54609375 0.521875 0.0296875 0.0265625
2 0.8 0.70625 0.0265625 0.0234375
2 0.8921875 0.75546875 0.0328125 0.0296875
2 0.84375 0.6234375 0.0296875 0.0359375
2 0.79140625 0.2203125 0.0234375 0.03125
2 0.75546875 0.7359375 0.0203125 0.025