2 0.19765625 0.3140625 0.025 0.0265625
2 0.23359375 0.27265625 0.021875 0.021875
2 0.32734375 0.28125 0.028125 0.0296875
2 0.27578125 0.39921875 0.021875 0.03125
2 0.22109375 0.37890625 0.025 0.0234375
2 0.34375 0.4140625 0.021875 0.021875
2 0.33203125 0.446875 0.0203125 0.021875
2 0.36640625 0.45546875 0.015625 0.015625
2 0.52109375 0.50703125 0.028125 0.0265625
2 0.765625 0.684375 0.025 0.0234375
2 0.85546875 0.73125 0.03125 0.0296875
2 0.8140625 0.6 0.028125 0.0359375
2 0.78203125 0.19765625 0.021875 0.0296875
2 0.71953125 0.71484375 0.01875 0.0234375