2 0.165625 0.28828125 0.0265625 0.028125
2 0.20546875 0.2421875 0.0234375 0.0234375
2 0.29921875 0.23828125 0.0296875 0.03125
2 0.234375 0.36328125 0.025 0.0328125
2 0.18203125 0.35078125 0.0265625 0.025
2 0.3015625 0.36953125 0.0234375 0.0234375
2 0.2859375 0.40390625 0.021875 0.0234375
2 0.3203125 0.4078125 0.0171875 0.0171875
2 0.46953125 0.43828125 0.0296875 0.028125
2 0.69609375 0.58359375 0.0265625 0.025
2 0.78203125 0.61796875 0.0328125 0.03125
2 0.75390625 0.4921875 0.0296875 0.0375
2 0.7640625 0.09296875 0.025 0.03125
2 0.646875 0.62109375 0.0203125 0.025