2 0.2140625 0.3046875 0.0265625 0.025
2 0.24765625 0.2625 0.0234375 0.021875
2 0.34140625 0.26640625 0.0296875 0.028125
2 0.29609375 0.38671875 0.025 0.03125
2 0.240625 0.36953125 0.0265625 0.021875
2 0.36484375 0.3984375 0.0234375 0.021875
2 0.3546875 0.43203125 0.021875 0.021875
2 0.38984375 0.4390625 0.0171875 0.015625
2 0.54609375 0.4828125 0.0296875 0.025
2 0.8 0.64921875 0.0265625 0.021875
2 0.8921875 0.6921875 0.0328125 0.028125
2 0.84375 0.5625 0.0296875 0.034375
2 0.79140625 0.1609375 0.0234375 0.0296875
2 0.75546875 0.6828125 0.0203125 0.0234375