2 0.48828125 0.446875 0.0296875 0.0375
2 0.45 0.4296875 0.025 0.021875
2 0.4328125 0.41484375 0.034375 0.025
2 0.453125 0.38671875 0.028125 0.028125
2 0.34765625 0.4390625 0.028125 0.025
2 0.38828125 0.4265625 0.0203125 0.0234375
2 0.39453125 0.40859375 0.01875 0.0171875
2 0.440625 0.50078125 0.028125 0.0234375
2 0.5171875 0.47265625 0.0328125 0.015625
2 0.5109375 0.4859375 0.0265625 0.0203125
2 0.509375 0.503125 0.021875 0.021875
2 0.49609375 0.525 0.028125 0.021875
2 0.3875 0.54140625 0.025 0.028125
2 0.41015625 0.5078125 0.0234375 0.021875
2 0.20625 0.4734375 0.0265625 0.021875
2 0.2171875 0.503125 0.028125 0.01875
2 0.2296875 0.51484375 0.0234375 0.021875
2 0.25546875 0.50546875 0.015625 0.0203125
2 0.25546875 0.49140625 0.01875 0.01875
2 0.2046875 0.53984375 0.0234375 0.0234375
2 0.26484375 0.5453125 0.01875 0.0171875
2 0.33125 0.5421875 0.03125 0.021875
2 0.3265625 0.5640625 0.025 0.028125
2 0.45 0.55625 0.03125 0.025
2 0.47890625 0.515625 0.01875 0.0234375
2 0.51171875 0.5375 0.028125 0.025
2 0.52890625 0.559375 0.0234375 0.01875
2 0.5484375 0.56328125 0.025 0.025
2 0.57265625 0.54765625 0.025 0.025
2 0.56640625 0.528125 0.025 0.0234375
2 0.575 0.56015625 0.025 0.021875
2 0.4875 0.60625 0.0234375 0.028125
2 0.4640625 0.6015625 0.028125 0.0203125
2 0.4796875 0.5828125 0.021875 0.0140625
2 0.48828125 0.56953125 0.0234375 0.015625
2 0.428125 0.525 0.034375 0.021875
2 0.221875 0.41640625 0.0296875 0.0234375
2 0.1375 0.51796875 0.01875 0.0171875
2 0.17890625 0.5390625 0.0234375 0.01875
2 0.20078125 0.56328125 0.0296875 0.028125
2 0.20234375 0.57578125 0.025 0.021875
2 0.49609375 0.64765625 0.0234375 0.025
2 0.53046875 0.63828125 0.021875 0.0109375
2 0.55546875 0.6421875 0.0265625 0.0203125
2 0.57265625 0.62265625 0.021875 0.021875
2 0.52890625 0.60234375 0.028125 0.0171875
2 0.50625 0.59921875 0.025 0.0140625
2 0.5328125 0.58828125 0.0234375 0.015625
2 0.4484375 0.46015625 0.040625 0.0328125