2 0.48515625 0.53984375 0.0296875 0.0359375
2 0.446875 0.515625 0.025 0.0203125
2 0.43046875 0.49765625 0.034375 0.025
2 0.45078125 0.47265625 0.028125 0.0265625
2 0.34453125 0.50546875 0.028125 0.0234375
2 0.3859375 0.5015625 0.0203125 0.0234375
2 0.39140625 0.48359375 0.01875 0.0171875
2 0.4375 0.58515625 0.028125 0.021875
2 0.5140625 0.57109375 0.0328125 0.015625
2 0.5078125 0.58359375 0.0265625 0.01875
2 0.50625 0.60078125 0.021875 0.021875
2 0.4921875 0.6203125 0.028125 0.0203125
2 0.38359375 0.61640625 0.025 0.0265625
2 0.40625 0.58671875 0.0234375 0.0203125
2 0.20390625 0.5140625 0.0265625 0.0203125
2 0.2140625 0.54609375 0.028125 0.0171875
2 0.2265625 0.56015625 0.0234375 0.0203125
2 0.25234375 0.55546875 0.015625 0.0203125
2 0.25234375 0.54140625 0.01875 0.01875
2 0.2015625 0.58046875 0.0234375 0.021875
2 0.26171875 0.596875 0.01875 0.0171875
2 0.32734375 0.60625 0.03125 0.021875
2 0.3234375 0.628125 0.025 0.0265625
2 0.44609375 0.6421875 0.03125 0.025
2 0.47578125 0.60703125 0.01875 0.0234375
2 0.50859375 0.6359375 0.028125 0.0234375
2 0.525 0.6609375 0.0234375 0.0171875
2 0.5453125 0.66875 0.025 0.0234375
2 0.56875 0.65703125 0.025 0.0234375
2 0.56328125 0.63671875 0.025 0.021875
2 0.571875 0.6703125 0.025 0.0203125
2 0.48359375 0.70078125 0.0234375 0.0265625
2 0.46015625 0.690625 0.028125 0.01875
2 0.47578125 0.67578125 0.021875 0.0140625
2 0.48515625 0.6640625 0.0234375 0.0140625
2 0.425 0.60703125 0.034375 0.021875
2 0.21953125 0.459375 0.0296875 0.0234375
2 0.134375 0.54609375 0.01875 0.0171875
2 0.17578125 0.575 0.0234375 0.0171875
2 0.196875 0.603125 0.0296875 0.028125
2 0.19921875 0.61640625 0.025 0.0203125
2 0.4921875 0.74375 0.0234375 0.0234375
2 0.5265625 0.740625 0.021875 0.0109375
2 0.5515625 0.74921875 0.0265625 0.01875
2 0.56875 0.73203125 0.021875 0.021875
2 0.525 0.70390625 0.028125 0.015625
2 0.50234375 0.69609375 0.025 0.0125
2 0.52890625 0.690625 0.0234375 0.0140625
2 0.4453125 0.54609375 0.0421875 0.03125
1 0.3078125 0.3328125 0.071875 0.0328125
1 0.665625 0.36796875 0.0953125 0.0375