2 0.540625 0.49921875 0.03125 0.034375
2 0.578125 0.478125 0.0265625 0.01875
2 0.59375 0.46171875 0.0359375 0.021875
2 0.571875 0.43515625 0.0296875 0.025
2 0.68046875 0.4765625 0.0296875 0.021875
2 0.6390625 0.46875 0.021875 0.021875
2 0.63203125 0.45078125 0.0203125 0.015625
2 0.59140625 0.5484375 0.0296875 0.0203125
2 0.51328125 0.528125 0.034375 0.0125
2 0.5203125 0.540625 0.028125 0.0171875
2 0.52265625 0.5578125 0.0234375 0.0203125
2 0.5375 0.57890625 0.0296875 0.01875
2 0.646875 0.58359375 0.0265625 0.025
2 0.62265625 0.55234375 0.025 0.01875
2 0.82265625 0.49609375 0.028125 0.01875
2 0.81328125 0.52734375 0.0296875 0.015625
2 0.8015625 0.540625 0.025 0.01875
2 0.77578125 0.53359375 0.0171875 0.01875
2 0.775 0.51953125 0.0203125 0.0171875
2 0.828125 0.5625 0.025 0.0203125
2 0.76875 0.57421875 0.0203125 0.015625
2 0.70234375 0.578125 0.0328125 0.01875
2 0.70859375 0.6 0.0265625 0.025
2 0.58515625 0.6046875 0.0328125 0.021875
2 0.55390625 0.5671875 0.0203125 0.021875
2 0.52265625 0.59296875 0.0296875 0.021875
2 0.50703125 0.61640625 0.025 0.015625
2 0.4875 0.62265625 0.0265625 0.021875
2 0.46328125 0.609375 0.0265625 0.021875
2 0.46796875 0.5890625 0.0265625 0.0203125
2 0.4609375 0.621875 0.0265625 0.01875
2 0.55078125 0.659375 0.025 0.025
2 0.57421875 0.6515625 0.0296875 0.0171875
2 0.55703125 0.63515625 0.0234375 0.0125
2 0.54765625 0.62265625 0.025 0.0125
2 0.60546875 0.57109375 0.0359375 0.01875
2 0.80390625 0.440625 0.03125 0.0203125
2 0.89375 0.53359375 0.0203125 0.015625
2 0.853125 0.559375 0.025 0.015625
2 0.83359375 0.5859375 0.03125 0.025
2 0.8328125 0.5984375 0.0265625 0.01875
2 0.54453125 0.7015625 0.025 0.021875
2 0.51015625 0.69609375 0.021875 0.009375
2 0.48515625 0.70234375 0.028125 0.0171875
2 0.46796875 0.684375 0.0234375 0.0203125
2 0.509375 0.659375 0.0296875 0.0140625
2 0.53203125 0.65390625 0.0265625 0.0109375
2 0.50546875 0.64609375 0.025 0.0125
2 0.58125 0.50859375 0.0421875 0.028125
1 0.70859375 0.30703125 0.0734375 0.0265625
1 0.35078125 0.3125 0.096875 0.0296875