2 0.5234375 0.54296875 0.0296875 0.0375
2 0.48359375 0.51875 0.0265625 0.0203125
2 0.465625 0.50078125 0.0359375 0.025
2 0.48359375 0.47578125 0.0296875 0.028125
2 0.38046875 0.5078125 0.0296875 0.025
2 0.42109375 0.50390625 0.021875 0.0234375
2 0.42578125 0.4859375 0.01875 0.0171875
2 0.47890625 0.58828125 0.0296875 0.0234375
2 0.55390625 0.57421875 0.0328125 0.015625
2 0.5484375 0.58671875 0.028125 0.01875
2 0.5484375 0.60390625 0.0234375 0.021875
2 0.53671875 0.6234375 0.0296875 0.021875
2 0.428125 0.61875 0.0265625 0.0265625
2 0.4484375 0.5890625 0.025 0.0203125
2 0.24140625 0.51484375 0.028125 0.0203125
2 0.25390625 0.54765625 0.028125 0.01875
2 0.2671875 0.56171875 0.025 0.0203125
2 0.29296875 0.55703125 0.0171875 0.0203125
2 0.29140625 0.54296875 0.0203125 0.01875
2 0.24453125 0.58125 0.025 0.021875
2 0.3046875 0.5984375 0.01875 0.0171875
2 0.37109375 0.60859375 0.0328125 0.021875
2 0.36875 0.6296875 0.0265625 0.0265625
2 0.4921875 0.6453125 0.0328125 0.025
2 0.51875 0.61015625 0.0203125 0.0234375
2 0.553125 0.6390625 0.0296875 0.025
2 0.571875 0.6640625 0.0234375 0.0171875
2 0.5921875 0.671875 0.0265625 0.0234375
2 0.61484375 0.6609375 0.0265625 0.0234375
2 0.6078125 0.63984375 0.0265625 0.021875
2 0.61875 0.6734375 0.0265625 0.0203125
2 0.53359375 0.703125 0.025 0.0265625
2 0.509375 0.69375 0.0296875 0.0203125
2 0.52421875 0.678125 0.021875 0.0140625
2 0.53203125 0.66640625 0.0234375 0.0140625
2 0.46796875 0.609375 0.0359375 0.021875
2 0.25234375 0.4609375 0.03125 0.0234375
2 0.175 0.546875 0.01875 0.0171875
2 0.21796875 0.5765625 0.0234375 0.0171875
2 0.24140625 0.6046875 0.03125 0.028125
2 0.24453125 0.6171875 0.0265625 0.0203125
2 0.5453125 0.74609375 0.025 0.0234375
2 0.57890625 0.74375 0.021875 0.0109375
2 0.6046875 0.75234375 0.028125 0.01875
2 0.6203125 0.7359375 0.0234375 0.021875
2 0.575 0.70703125 0.028125 0.0171875
2 0.5515625 0.69921875 0.025 0.0125
2 0.578125 0.69375 0.0234375 0.0140625
2 0.48359375 0.54921875 0.0421875 0.03125