2 0.47109375 0.53671875 0.0296875 0.0359375
2 0.4328125 0.51328125 0.0265625 0.0203125
2 0.4171875 0.4953125 0.0359375 0.025
2 0.43828125 0.4703125 0.0296875 0.0265625
2 0.33046875 0.50390625 0.0296875 0.0234375
2 0.371875 0.49921875 0.021875 0.0234375
2 0.378125 0.48125 0.0203125 0.0171875
2 0.42109375 0.5828125 0.0296875 0.021875
2 0.49921875 0.56796875 0.0328125 0.015625
2 0.4921875 0.58046875 0.028125 0.01875
2 0.48984375 0.59765625 0.0234375 0.021875
2 0.47578125 0.6171875 0.0296875 0.0203125
2 0.36640625 0.6140625 0.0265625 0.0265625
2 0.390625 0.584375 0.025 0.0203125
2 0.1890625 0.5125 0.028125 0.0203125
2 0.19921875 0.54453125 0.0296875 0.0171875
2 0.2109375 0.55859375 0.025 0.0203125
2 0.23671875 0.55390625 0.0171875 0.0203125
2 0.23671875 0.53984375 0.0203125 0.01875
2 0.18515625 0.57890625 0.025 0.021875
2 0.24453125 0.5953125 0.0203125 0.0171875
2 0.3109375 0.60390625 0.0328125 0.021875
2 0.30546875 0.62578125 0.0265625 0.0265625
2 0.42890625 0.63984375 0.0328125 0.025
2 0.459375 0.6046875 0.0203125 0.0234375
2 0.49140625 0.6328125 0.0296875 0.0234375
2 0.50703125 0.6578125 0.025 0.0171875
2 0.52734375 0.665625 0.0265625 0.0234375
2 0.5515625 0.65390625 0.0265625 0.0234375
2 0.54609375 0.6328125 0.0265625 0.021875
2 0.55390625 0.66640625 0.0265625 0.0203125
2 0.46484375 0.69765625 0.025 0.0265625
2 0.440625 0.6875 0.0296875 0.01875
2 0.4578125 0.67265625 0.021875 0.0140625
2 0.4671875 0.6609375 0.0234375 0.0140625
2 0.4078125 0.6046875 0.0359375 0.021875
2 0.20625 0.45859375 0.03125 0.021875
2 0.11875 0.5453125 0.0203125 0.0171875
2 0.159375 0.57421875 0.025 0.0171875
2 0.1796875 0.60234375 0.03125 0.0265625
2 0.18125 0.61484375 0.0265625 0.0203125
2 0.471875 0.740625 0.025 0.0234375
2 0.50625 0.7375 0.021875 0.0109375
2 0.53125 0.7453125 0.028125 0.01875
2 0.5484375 0.72890625 0.0234375 0.021875
2 0.50625 0.70078125 0.0296875 0.015625
2 0.4828125 0.69375 0.025 0.0125
2 0.51015625 0.6875 0.0234375 0.0140625
2 0.43046875 0.54375 0.0421875 0.03125