2 0.52890625 0.50234375 0.0296875 0.034375
2 0.4890625 0.48046875 0.0265625 0.01875
2 0.4703125 0.4640625 0.0359375 0.021875
2 0.48828125 0.4375 0.0296875 0.025
2 0.38671875 0.47890625 0.0296875 0.021875
2 0.4265625 0.47109375 0.021875 0.021875
2 0.43125 0.453125 0.0203125 0.015625
2 0.48515625 0.55078125 0.0296875 0.0203125
2 0.56015625 0.53125 0.0328125 0.0125
2 0.5546875 0.54375 0.028125 0.0171875
2 0.55546875 0.5609375 0.0234375 0.0203125
2 0.54296875 0.58203125 0.0296875 0.01875
2 0.43515625 0.5859375 0.0265625 0.025
2 0.4546875 0.5546875 0.025 0.01875
2 0.246875 0.49765625 0.028125 0.01875
2 0.26015625 0.52890625 0.0296875 0.015625
2 0.2734375 0.5421875 0.025 0.01875
2 0.29921875 0.53515625 0.0171875 0.01875
2 0.29765625 0.52109375 0.0203125 0.0171875
2 0.25078125 0.5640625 0.025 0.0203125
2 0.31171875 0.57578125 0.0203125 0.015625
2 0.378125 0.58046875 0.0328125 0.01875
2 0.37578125 0.60234375 0.0265625 0.025
2 0.49921875 0.60703125 0.0328125 0.021875
2 0.525 0.5703125 0.0203125 0.021875
2 0.56015625 0.59609375 0.0296875 0.021875
2 0.57890625 0.61953125 0.025 0.015625
2 0.59921875 0.62578125 0.0265625 0.021875
2 0.621875 0.6125 0.0265625 0.021875
2 0.61484375 0.5921875 0.0265625 0.0203125
2 0.62578125 0.625 0.0265625 0.01875
2 0.54140625 0.6625 0.025 0.025
2 0.5171875 0.6546875 0.0296875 0.0171875
2 0.53125 0.63828125 0.021875 0.0125
2 0.5390625 0.62578125 0.0234375 0.0125
2 0.475 0.5734375 0.0359375 0.01875
2 0.2578125 0.4421875 0.03125 0.0203125
2 0.18125 0.534375 0.0203125 0.015625
2 0.225 0.56015625 0.025 0.015625
2 0.2484375 0.5875 0.03125 0.025
2 0.2515625 0.6 0.0265625 0.01875
2 0.553125 0.7046875 0.025 0.021875
2 0.5875 0.69921875 0.021875 0.009375
2 0.6125 0.70546875 0.028125 0.0171875
2 0.628125 0.6875 0.0234375 0.0203125
2 0.5828125 0.6625 0.0296875 0.0140625
2 0.559375 0.65703125 0.025 0.0109375
2 0.58515625 0.64921875 0.0234375 0.0125
2 0.48984375 0.5109375 0.0421875 0.028125