2 0.5234375 0.44921875 0.0296875 0.0375
2 0.48359375 0.43203125 0.0265625 0.021875
2 0.465625 0.41796875 0.0359375 0.025
2 0.48359375 0.3890625 0.0296875 0.028125
2 0.38046875 0.440625 0.0296875 0.025
2 0.42109375 0.42890625 0.021875 0.0234375
2 0.42578125 0.4109375 0.01875 0.0171875
2 0.47890625 0.503125 0.0296875 0.0234375
2 0.55390625 0.47578125 0.0328125 0.015625
2 0.5484375 0.4890625 0.028125 0.0203125
2 0.5484375 0.50625 0.0234375 0.021875
2 0.53671875 0.528125 0.0296875 0.021875
2 0.428125 0.54375 0.0265625 0.028125
2 0.4484375 0.51015625 0.025 0.0203125
2 0.24140625 0.47421875 0.028125 0.021875
2 0.25390625 0.5046875 0.028125 0.01875
2 0.2671875 0.51640625 0.025 0.0203125
2 0.29296875 0.50703125 0.0171875 0.0203125
2 0.29140625 0.49296875 0.0203125 0.01875
2 0.24453125 0.540625 0.025 0.021875
2 0.3046875 0.546875 0.01875 0.0171875
2 0.37109375 0.54375 0.0328125 0.021875
2 0.36875 0.56640625 0.0265625 0.028125
2 0.4921875 0.55859375 0.0328125 0.025
2 0.51875 0.51796875 0.0203125 0.0234375
2 0.553125 0.540625 0.0296875 0.025
2 0.571875 0.5625 0.0234375 0.0171875
2 0.5921875 0.56640625 0.0265625 0.025
2 0.61484375 0.55078125 0.0265625 0.025
2 0.6078125 0.53125 0.0265625 0.0234375
2 0.61875 0.56328125 0.0265625 0.021875
2 0.53359375 0.609375 0.025 0.0265625
2 0.509375 0.60390625 0.0296875 0.0203125
2 0.52421875 0.5859375 0.021875 0.0140625
2 0.53203125 0.57265625 0.0234375 0.0140625
2 0.46796875 0.52734375 0.0359375 0.021875
2 0.25234375 0.41796875 0.03125 0.0234375
2 0.175 0.51875 0.01875 0.0171875
2 0.21796875 0.540625 0.0234375 0.0171875
2 0.24140625 0.56484375 0.03125 0.028125
2 0.24453125 0.57734375 0.0265625 0.021875
2 0.5453125 0.65078125 0.025 0.0234375
2 0.57890625 0.6421875 0.021875 0.0109375
2 0.6046875 0.6453125 0.028125 0.0203125
2 0.6203125 0.62578125 0.0234375 0.021875
2 0.575 0.60546875 0.028125 0.0171875
2 0.5515625 0.60234375 0.025 0.0140625
2 0.578125 0.59140625 0.0234375 0.0140625
2 0.48359375 0.46328125 0.0421875 0.0328125
1 0.33046875 0.27578125 0.0734375 0.034375
1 0.68984375 0.2453125 0.0953125 0.0390625