2 0.4625 0.54296875 0.03125 0.0375
2 0.425 0.51875 0.0265625 0.0203125
2 0.40859375 0.50078125 0.0359375 0.025
2 0.43046875 0.47578125 0.0296875 0.028125
2 0.32265625 0.5078125 0.0296875 0.025
2 0.3640625 0.50390625 0.021875 0.0234375
2 0.3703125 0.4859375 0.0203125 0.0171875
2 0.41171875 0.58828125 0.0296875 0.0234375
2 0.48984375 0.57421875 0.034375 0.015625
2 0.4828125 0.58671875 0.028125 0.01875
2 0.48046875 0.60390625 0.0234375 0.021875
2 0.465625 0.6234375 0.0296875 0.021875
2 0.35625 0.61875 0.0265625 0.0265625
2 0.38046875 0.5890625 0.025 0.0203125
2 0.18046875 0.51484375 0.028125 0.0203125
2 0.18984375 0.54765625 0.0296875 0.01875
2 0.2015625 0.56171875 0.025 0.0203125
2 0.22734375 0.55703125 0.0171875 0.0203125
2 0.228125 0.54296875 0.0203125 0.01875
2 0.175 0.58125 0.025 0.021875
2 0.234375 0.5984375 0.0203125 0.0171875
2 0.30078125 0.60859375 0.0328125 0.021875
2 0.2953125 0.6296875 0.0265625 0.0265625
2 0.41796875 0.6453125 0.0328125 0.025
2 0.44921875 0.61015625 0.0203125 0.0234375
2 0.48046875 0.6390625 0.0296875 0.025
2 0.49609375 0.6640625 0.025 0.0171875
2 0.51640625 0.671875 0.0265625 0.0234375
2 0.540625 0.6609375 0.0265625 0.0234375
2 0.5359375 0.63984375 0.0265625 0.021875
2 0.54296875 0.6734375 0.0265625 0.0203125
2 0.453125 0.703125 0.025 0.0265625
2 0.4296875 0.69375 0.0296875 0.0203125
2 0.44609375 0.678125 0.0234375 0.0140625
2 0.45625 0.66640625 0.025 0.0140625
2 0.3984375 0.609375 0.0359375 0.021875
2 0.1984375 0.4609375 0.03125 0.0234375
2 0.109375 0.546875 0.0203125 0.0171875
2 0.15 0.5765625 0.025 0.0171875
2 0.16953125 0.6046875 0.03125 0.028125
2 0.17109375 0.6171875 0.0265625 0.0203125
2 0.459375 0.74609375 0.025 0.0234375
2 0.49375 0.74375 0.021875 0.0109375
2 0.51875 0.75234375 0.028125 0.01875
2 0.53671875 0.7359375 0.0234375 0.021875
2 0.49453125 0.70703125 0.0296875 0.0171875
2 0.471875 0.69921875 0.0265625 0.0125
2 0.4984375 0.69375 0.025 0.0140625
2 0.421875 0.54921875 0.0421875 0.03125