2 0.51484375 0.52578125 0.0296875 0.0359375
2 0.553125 0.50625 0.025 0.0203125
2 0.56953125 0.490625 0.034375 0.0234375
2 0.54921875 0.46328125 0.028125 0.0265625
2 0.65546875 0.51015625 0.028125 0.0234375
2 0.6140625 0.5 0.0203125 0.0234375
2 0.60859375 0.48203125 0.01875 0.0171875
2 0.5625 0.57734375 0.028125 0.021875
2 0.4859375 0.553125 0.0328125 0.0140625
2 0.4921875 0.565625 0.0265625 0.01875
2 0.49375 0.5828125 0.021875 0.021875
2 0.5078125 0.6046875 0.028125 0.0203125
2 0.61640625 0.61484375 0.025 0.0265625
2 0.59375 0.5828125 0.0234375 0.0203125
2 0.79609375 0.53671875 0.0265625 0.0203125
2 0.7859375 0.56796875 0.028125 0.0171875
2 0.7734375 0.58046875 0.0234375 0.0203125
2 0.74765625 0.571875 0.015625 0.0203125
2 0.74765625 0.5578125 0.01875 0.01875
2 0.7984375 0.603125 0.0234375 0.021875
2 0.73828125 0.61171875 0.01875 0.0171875
2 0.67265625 0.6125 0.03125 0.0203125
2 0.6765625 0.634375 0.025 0.0265625
2 0.55390625 0.6328125 0.03125 0.0234375
2 0.52421875 0.59375 0.01875 0.0234375
2 0.49140625 0.61796875 0.028125 0.0234375
2 0.475 0.640625 0.0234375 0.0171875
2 0.4546875 0.6453125 0.025 0.0234375
2 0.43125 0.63125 0.025 0.0234375
2 0.43671875 0.6109375 0.025 0.021875
2 0.428125 0.64375 0.025 0.0203125
2 0.51640625 0.68515625 0.0234375 0.0265625
2 0.53984375 0.67890625 0.028125 0.01875
2 0.52421875 0.66171875 0.021875 0.0140625
2 0.51484375 0.6484375 0.0234375 0.0140625
2 0.575 0.6 0.034375 0.0203125
2 0.78046875 0.48125 0.0296875 0.021875
2 0.865625 0.578125 0.01875 0.0171875
2 0.82421875 0.6015625 0.0234375 0.0171875
2 0.803125 0.62734375 0.0296875 0.0265625
2 0.80078125 0.63984375 0.025 0.0203125
2 0.5078125 0.72734375 0.0234375 0.0234375
2 0.4734375 0.71953125 0.021875 0.0109375
2 0.4484375 0.725 0.0265625 0.01875
2 0.43125 0.70625 0.021875 0.021875
2 0.475 0.68359375 0.028125 0.015625
2 0.49765625 0.67890625 0.025 0.0125
2 0.47109375 0.66953125 0.0234375 0.0140625
2 0.5546875 0.53671875 0.0421875 0.0296875
1 0.6921875 0.34296875 0.071875 0.0296875
1 0.334375 0.3296875 0.0953125 0.034375