2 0.50859375 0.48203125 0.028125 0.0359375
2 0.46953125 0.46171875 0.025 0.0203125
2 0.4515625 0.44609375 0.034375 0.0234375
2 0.47109375 0.41875 0.028125 0.0265625
2 0.3671875 0.4640625 0.028125 0.0234375
2 0.40703125 0.4546875 0.0203125 0.021875
2 0.4125 0.43671875 0.01875 0.015625
2 0.4625 0.5328125 0.028125 0.021875
2 0.5390625 0.509375 0.0328125 0.0140625
2 0.5328125 0.52265625 0.0265625 0.01875
2 0.53203125 0.53984375 0.021875 0.0203125
2 0.51953125 0.5609375 0.028125 0.0203125
2 0.4109375 0.56953125 0.025 0.0265625
2 0.43203125 0.5375 0.0234375 0.0203125
2 0.2265625 0.48828125 0.0265625 0.0203125
2 0.2390625 0.51953125 0.028125 0.0171875
2 0.2515625 0.53203125 0.0234375 0.0203125
2 0.27734375 0.52421875 0.015625 0.01875
2 0.2765625 0.51015625 0.01875 0.0171875
2 0.228125 0.5546875 0.0234375 0.021875
2 0.28828125 0.56484375 0.01875 0.015625
2 0.3546875 0.56640625 0.03125 0.0203125
2 0.35078125 0.58828125 0.025 0.0265625
2 0.475 0.58828125 0.03125 0.0234375
2 0.50234375 0.55 0.01875 0.021875
2 0.5359375 0.57421875 0.028125 0.0234375
2 0.55390625 0.59765625 0.0234375 0.0171875
2 0.57421875 0.603125 0.025 0.0234375
2 0.59765625 0.5890625 0.025 0.0234375
2 0.590625 0.56875 0.025 0.021875
2 0.60078125 0.6015625 0.025 0.0203125
2 0.51484375 0.6421875 0.0234375 0.0265625
2 0.490625 0.63515625 0.028125 0.01875
2 0.50546875 0.61796875 0.021875 0.0125
2 0.5140625 0.60546875 0.0234375 0.0140625
2 0.4515625 0.55546875 0.034375 0.0203125
2 0.23984375 0.4328125 0.0296875 0.021875
2 0.159375 0.528125 0.01875 0.015625
2 0.2015625 0.55234375 0.0234375 0.0171875
2 0.22421875 0.578125 0.0296875 0.0265625
2 0.2265625 0.590625 0.025 0.0203125
2 0.525 0.68359375 0.0234375 0.0234375
2 0.559375 0.67734375 0.021875 0.009375
2 0.584375 0.68203125 0.0265625 0.01875
2 0.6 0.6640625 0.021875 0.0203125
2 0.55625 0.640625 0.028125 0.015625
2 0.5328125 0.6359375 0.025 0.0125
2 0.55859375 0.62734375 0.0234375 0.0140625
2 0.46875 0.4921875 0.040625 0.0296875