2 0.49140625 0.4875 0.028125 0.034375
2 0.45234375 0.4671875 0.025 0.01875
2 0.4359375 0.4515625 0.034375 0.0234375
2 0.45546875 0.42421875 0.028125 0.025
2 0.35 0.46796875 0.028125 0.021875
2 0.39140625 0.459375 0.0203125 0.021875
2 0.396875 0.44140625 0.01875 0.015625
2 0.44375 0.53828125 0.028125 0.0203125
2 0.5203125 0.515625 0.0328125 0.0125
2 0.5140625 0.528125 0.0265625 0.0171875
2 0.51328125 0.5453125 0.021875 0.0203125
2 0.49921875 0.5671875 0.028125 0.01875
2 0.390625 0.57421875 0.025 0.025
2 0.41328125 0.5421875 0.0234375 0.01875
2 0.209375 0.49140625 0.0265625 0.01875
2 0.2203125 0.521875 0.028125 0.015625
2 0.2328125 0.53515625 0.0234375 0.01875
2 0.25859375 0.52734375 0.015625 0.01875
2 0.2578125 0.51328125 0.01875 0.0171875
2 0.2078125 0.5578125 0.0234375 0.0203125
2 0.26796875 0.56796875 0.01875 0.015625
2 0.334375 0.5703125 0.03125 0.01875
2 0.33046875 0.5921875 0.025 0.025
2 0.453125 0.59375 0.03125 0.021875
2 0.48203125 0.55546875 0.01875 0.021875
2 0.515625 0.58046875 0.028125 0.021875
2 0.53203125 0.60390625 0.0234375 0.015625
2 0.55234375 0.609375 0.025 0.021875
2 0.57578125 0.59609375 0.025 0.021875
2 0.5703125 0.57578125 0.025 0.0203125
2 0.57890625 0.6078125 0.025 0.01875
2 0.49140625 0.64765625 0.0234375 0.025
2 0.4671875 0.640625 0.028125 0.0171875
2 0.48359375 0.6234375 0.021875 0.0125
2 0.4921875 0.6109375 0.0234375 0.0125
2 0.43125 0.5609375 0.034375 0.0203125
2 0.22421875 0.43515625 0.0296875 0.0203125
2 0.140625 0.53046875 0.01875 0.015625
2 0.1828125 0.5546875 0.0234375 0.015625
2 0.20390625 0.58125 0.0296875 0.025
2 0.20625 0.59375 0.025 0.01875
2 0.5 0.68984375 0.0234375 0.021875
2 0.534375 0.68359375 0.021875 0.009375
2 0.559375 0.6890625 0.0265625 0.0171875
2 0.5765625 0.6703125 0.021875 0.0203125
2 0.5328125 0.646875 0.028125 0.0140625
2 0.509375 0.64140625 0.025 0.0109375
2 0.53671875 0.63359375 0.0234375 0.0125
2 0.4515625 0.49765625 0.040625 0.0296875