2 0.53203125 0.48203125 0.0296875 0.0359375
2 0.56953125 0.459375 0.0265625 0.0203125
2 0.5859375 0.4421875 0.0359375 0.0234375
2 0.56484375 0.41640625 0.0296875 0.0265625
2 0.671875 0.45390625 0.0296875 0.0234375
2 0.63046875 0.44765625 0.021875 0.021875
2 0.62421875 0.4296875 0.0203125 0.015625
2 0.58203125 0.5296875 0.0296875 0.021875
2 0.50390625 0.51171875 0.034375 0.0140625
2 0.5109375 0.52421875 0.028125 0.01875
2 0.51328125 0.54140625 0.0234375 0.0203125
2 0.52734375 0.56171875 0.0296875 0.0203125
2 0.63671875 0.5625 0.0265625 0.0265625
2 0.6125 0.53203125 0.025 0.0203125
2 0.8140625 0.46875 0.028125 0.0203125
2 0.80390625 0.50078125 0.0296875 0.0171875
2 0.7921875 0.5140625 0.025 0.0203125
2 0.76640625 0.5078125 0.0171875 0.01875
2 0.76640625 0.49375 0.0203125 0.0171875
2 0.81796875 0.53515625 0.025 0.021875
2 0.75859375 0.54921875 0.0203125 0.015625
2 0.6921875 0.55546875 0.0328125 0.0203125
2 0.69765625 0.57734375 0.0265625 0.0265625
2 0.575 0.5859375 0.0328125 0.0234375
2 0.54453125 0.54921875 0.0203125 0.021875
2 0.5125 0.5765625 0.0296875 0.0234375
2 0.496875 0.60078125 0.025 0.0171875
2 0.4765625 0.60703125 0.0265625 0.0234375
2 0.45234375 0.5953125 0.0265625 0.0234375
2 0.45703125 0.57421875 0.0265625 0.021875
2 0.45 0.6078125 0.0265625 0.0203125
2 0.5390625 0.6421875 0.025 0.0265625
2 0.5625 0.63359375 0.0296875 0.01875
2 0.54609375 0.6171875 0.0234375 0.0125
2 0.53671875 0.60546875 0.025 0.0140625
2 0.5953125 0.5515625 0.0359375 0.0203125
2 0.79609375 0.4140625 0.03125 0.021875
2 0.884375 0.50390625 0.0203125 0.015625
2 0.84375 0.53125 0.025 0.0171875
2 0.8234375 0.55859375 0.03125 0.0265625
2 0.821875 0.57109375 0.0265625 0.0203125
2 0.5328125 0.684375 0.025 0.0234375
2 0.49765625 0.68046875 0.021875 0.009375
2 0.4734375 0.6875 0.028125 0.01875
2 0.45546875 0.6703125 0.0234375 0.0203125
2 0.49765625 0.64375 0.0296875 0.015625
2 0.52109375 0.6375 0.025 0.0125
2 0.49375 0.63046875 0.025 0.0140625
2 0.57265625 0.48984375 0.0421875 0.0296875
1 0.703125 0.2828125 0.0734375 0.0296875
1 0.3453125 0.30078125 0.0953125 0.0328125