2 0.503125 0.54921875 0.028125 0.0375
2 0.4640625 0.52421875 0.025 0.021875
2 0.44609375 0.50546875 0.034375 0.025
2 0.465625 0.48125 0.028125 0.028125
2 0.36171875 0.5125 0.028125 0.025
2 0.4015625 0.50859375 0.0203125 0.0234375
2 0.40703125 0.490625 0.01875 0.0171875
2 0.45625 0.59375 0.028125 0.0234375
2 0.5328125 0.58046875 0.0328125 0.015625
2 0.5265625 0.5921875 0.0265625 0.0203125
2 0.52578125 0.609375 0.021875 0.021875
2 0.5125 0.6296875 0.028125 0.021875
2 0.40390625 0.6234375 0.025 0.028125
2 0.42578125 0.59453125 0.0234375 0.0203125
2 0.22109375 0.51796875 0.0265625 0.021875
2 0.2328125 0.55 0.028125 0.01875
2 0.2453125 0.56484375 0.0234375 0.0203125
2 0.27109375 0.56015625 0.015625 0.0203125
2 0.2703125 0.54609375 0.01875 0.01875
2 0.22109375 0.584375 0.0234375 0.021875
2 0.28125 0.6015625 0.01875 0.0171875
2 0.34765625 0.6125 0.03125 0.021875
2 0.34375 0.63359375 0.025 0.028125
2 0.46796875 0.65078125 0.03125 0.025
2 0.4953125 0.61640625 0.01875 0.0234375
2 0.52890625 0.6453125 0.028125 0.025
2 0.546875 0.6703125 0.0234375 0.0171875
2 0.5671875 0.67890625 0.025 0.025
2 0.590625 0.66796875 0.025 0.025
2 0.58359375 0.646875 0.025 0.0234375
2 0.59375 0.68046875 0.025 0.021875
2 0.50703125 0.709375 0.0234375 0.0265625
2 0.4828125 0.69921875 0.028125 0.0203125
2 0.4984375 0.684375 0.021875 0.0140625
2 0.50703125 0.67265625 0.0234375 0.0140625
2 0.44453125 0.61484375 0.034375 0.021875
2 0.234375 0.46328125 0.0296875 0.0234375
2 0.153125 0.5484375 0.01875 0.0171875
2 0.1953125 0.578125 0.0234375 0.0171875
2 0.2171875 0.60703125 0.0296875 0.028125
2 0.21953125 0.61953125 0.025 0.021875
2 0.51640625 0.75234375 0.0234375 0.0234375
2 0.55078125 0.75 0.021875 0.0109375
2 0.57578125 0.759375 0.0265625 0.0203125
2 0.5921875 0.74296875 0.021875 0.021875
2 0.5484375 0.71328125 0.028125 0.0171875
2 0.525 0.70546875 0.025 0.0140625
2 0.5515625 0.70078125 0.0234375 0.0140625
2 0.46328125 0.55390625 0.040625 0.0328125
1 0.31796875 0.33828125 0.071875 0.034375
1 0.6765625 0.3796875 0.09375 0.0390625