2 0.51875 0.19296875 0.028125 0.0390625
2 0.5921875 0.2296875 0.0140625 0.0234375
2 0.55078125 0.425 0.0234375 0.021875
2 0.553125 0.4484375 0.01875 0.01875
2 0.5546875 0.46875 0.015625 0.0203125
2 0.553125 0.4828125 0.01875 0.025
2 0.4671875 0.4515625 0.0234375 0.0234375
2 0.37890625 0.45625 0.0234375 0.021875
2 0.30234375 0.4640625 0.0203125 0.0234375
2 0.30625 0.52265625 0.015625 0.0171875
2 0.25546875 0.48203125 0.0171875 0.021875
2 0.2296875 0.47265625 0.0234375 0.021875
2 0.15859375 0.46875 0.0234375 0.021875
2 0.18125 0.484375 0.0203125 0.025
2 0.25 0.6359375 0.0234375 0.021875
2 0.5796875 0.659375 0.01875 0.0203125
2 0.4265625 0.35859375 0.0203125 0.025
2 0.296875 0.65390625 0.015625 0.015625