2 0.49765625 0.21015625 0.0296875 0.0390625
2 0.5671875 0.25 0.0140625 0.025
2 0.5015625 0.44375 0.0234375 0.021875
2 0.5015625 0.4671875 0.0203125 0.01875
2 0.50078125 0.4875 0.015625 0.021875
2 0.496875 0.5015625 0.01875 0.025
2 0.41484375 0.4671875 0.0234375 0.0234375
2 0.325 0.46875 0.0234375 0.021875
2 0.246875 0.47421875 0.0203125 0.0234375
2 0.24375 0.5328125 0.0171875 0.01875
2 0.19765625 0.490625 0.0171875 0.0234375
2 0.1734375 0.4796875 0.0234375 0.021875
2 0.10234375 0.47421875 0.0234375 0.021875
2 0.12265625 0.48984375 0.0203125 0.025
2 0.1734375 0.64375 0.0234375 0.021875
2 0.50234375 0.67890625 0.0203125 0.0203125
2 0.38515625 0.37265625 0.0203125 0.025
2 0.21875 0.66328125 0.0171875 0.0171875