2 0.52421875 0.12734375 0.0296875 0.0390625
2 0.59921875 0.1546875 0.0140625 0.025
2 0.56484375 0.35625 0.0234375 0.021875
2 0.56796875 0.3796875 0.0203125 0.01875
2 0.5703125 0.4 0.015625 0.021875
2 0.56875 0.4140625 0.01875 0.025
2 0.4828125 0.39375 0.0234375 0.0234375
2 0.39453125 0.409375 0.0234375 0.021875
2 0.31796875 0.42734375 0.0203125 0.0234375
2 0.3234375 0.4859375 0.0171875 0.01875
2 0.271875 0.4515625 0.0171875 0.0234375
2 0.24609375 0.4453125 0.0234375 0.021875
2 0.175 0.45078125 0.0234375 0.021875
2 0.19765625 0.46328125 0.0203125 0.025
2 0.271875 0.6078125 0.0234375 0.021875
2 0.6015625 0.58828125 0.0203125 0.0203125
2 0.43828125 0.30546875 0.0203125 0.025
2 0.31953125 0.61953125 0.0171875 0.0171875