2 0.50546875 0.1328125 0.028125 0.0390625
2 0.5765625 0.16171875 0.0140625 0.025
2 0.5203125 0.3625 0.021875 0.021875
2 0.52109375 0.3859375 0.01875 0.01875
2 0.52109375 0.40625 0.0140625 0.021875
2 0.51875 0.4203125 0.01875 0.025
2 0.43515625 0.39921875 0.021875 0.0234375
2 0.3453125 0.4140625 0.021875 0.021875
2 0.26796875 0.43125 0.01875 0.0234375
2 0.2671875 0.4890625 0.015625 0.01875
2 0.21953125 0.4546875 0.015625 0.0234375
2 0.19453125 0.44765625 0.021875 0.021875
2 0.1234375 0.45234375 0.021875 0.021875
2 0.1453125 0.465625 0.0203125 0.025
2 0.20234375 0.61015625 0.021875 0.021875
2 0.53203125 0.59453125 0.01875 0.0203125
2 0.40078125 0.31015625 0.0203125 0.025
2 0.2484375 0.62265625 0.015625 0.0171875