2 0.5515625 0.88828125 0.0296875 0.040625
2 0.4765625 0.84609375 0.0140625 0.025
2 0.5109375 0.6546875 0.0234375 0.0234375
2 0.5078125 0.63046875 0.0203125 0.01875
2 0.50546875 0.61015625 0.015625 0.021875
2 0.50703125 0.596875 0.01875 0.025
2 0.59296875 0.63359375 0.0234375 0.025
2 0.68125 0.6359375 0.0234375 0.0234375
2 0.7578125 0.6328125 0.0203125 0.0234375
2 0.75234375 0.57421875 0.0171875 0.01875
2 0.80390625 0.61796875 0.0171875 0.0234375
2 0.8296875 0.6296875 0.0234375 0.0234375
2 0.90078125 0.63828125 0.0234375 0.0234375
2 0.878125 0.62109375 0.0203125 0.025
2 0.80390625 0.46484375 0.0234375 0.0234375
2 0.47421875 0.41875 0.0203125 0.0203125
2 0.6375 0.7296875 0.0203125 0.025
2 0.75625 0.44375 0.0171875 0.0171875