2 0.140625 0.50234375 0.0390625 0.0296875
2 0.178125 0.4328125 0.0234375 0.0140625
2 0.37265625 0.4984375 0.021875 0.0234375
2 0.39609375 0.4984375 0.01875 0.0203125
2 0.41640625 0.49921875 0.021875 0.015625
2 0.43046875 0.503125 0.025 0.01875
2 0.3984375 0.58515625 0.0234375 0.0234375
2 0.4015625 0.675 0.021875 0.0234375
2 0.409375 0.753125 0.0234375 0.0203125
2 0.46796875 0.75625 0.01875 0.0171875
2 0.4265625 0.80234375 0.0234375 0.0171875
2 0.41640625 0.8265625 0.021875 0.0234375
2 0.4125 0.89765625 0.021875 0.0234375
2 0.428125 0.87734375 0.025 0.0203125
2 0.58046875 0.8265625 0.021875 0.0234375
2 0.6078125 0.49765625 0.0203125 0.0203125
2 0.3046875 0.61484375 0.025 0.0203125
2 0.59921875 0.78125 0.0171875 0.0171875