2 0.140625 0.478125 0.0390625 0.028125
2 0.178125 0.4046875 0.0234375 0.0140625
2 0.37265625 0.4421875 0.021875 0.0234375
2 0.39609375 0.4390625 0.01875 0.0203125
2 0.41640625 0.4375 0.021875 0.015625
2 0.43046875 0.4390625 0.025 0.01875
2 0.3984375 0.525 0.0234375 0.0234375
2 0.4015625 0.61328125 0.021875 0.0234375
2 0.409375 0.68984375 0.0234375 0.0203125
2 0.46796875 0.68515625 0.01875 0.0171875
2 0.4265625 0.73671875 0.0234375 0.0171875
2 0.41640625 0.7625 0.021875 0.0234375
2 0.4125 0.83359375 0.021875 0.0234375
2 0.428125 0.81015625 0.025 0.0203125
2 0.58046875 0.7390625 0.021875 0.0234375
2 0.6078125 0.409375 0.0203125 0.0203125
2 0.3046875 0.56796875 0.025 0.0203125
2 0.59921875 0.69140625 0.0171875 0.0171875