2 0.1546875 0.46953125 0.0375 0.03125
2 0.18984375 0.39375 0.0234375 0.015625
2 0.38671875 0.42109375 0.0203125 0.0234375
2 0.41015625 0.4171875 0.0171875 0.0203125
2 0.43046875 0.4140625 0.0203125 0.015625
2 0.44453125 0.41484375 0.0234375 0.0203125
2 0.41484375 0.50234375 0.021875 0.025
2 0.4203125 0.590625 0.0203125 0.0234375
2 0.4296875 0.66640625 0.021875 0.021875
2 0.48828125 0.65859375 0.0171875 0.0171875
2 0.44921875 0.71171875 0.021875 0.01875
2 0.43984375 0.7375 0.0203125 0.0234375
2 0.4375 0.80859375 0.0203125 0.0234375
2 0.45234375 0.78515625 0.0234375 0.021875
2 0.603125 0.70625 0.0203125 0.0234375
2 0.6203125 0.37578125 0.01875 0.0203125
2 0.321875 0.55 0.0234375 0.021875
2 0.6203125 0.6578125 0.015625 0.0171875