2 0.5515625 0.78828125 0.0296875 0.0390625
2 0.4765625 0.7609375 0.0140625 0.025
2 0.5109375 0.559375 0.0234375 0.021875
2 0.5078125 0.5359375 0.0203125 0.01875
2 0.50546875 0.515625 0.015625 0.021875
2 0.50703125 0.5015625 0.01875 0.025
2 0.59296875 0.52109375 0.0234375 0.0234375
2 0.68125 0.5046875 0.0234375 0.021875
2 0.7578125 0.48671875 0.0203125 0.0234375
2 0.75234375 0.428125 0.0171875 0.01875
2 0.80390625 0.46171875 0.0171875 0.0234375
2 0.8296875 0.46875 0.0234375 0.021875
2 0.90078125 0.4625 0.0234375 0.021875
2 0.878125 0.45 0.0203125 0.025
2 0.80390625 0.30625 0.0234375 0.021875
2 0.47421875 0.32734375 0.0203125 0.0203125
2 0.6375 0.609375 0.0203125 0.025
2 0.75625 0.29453125 0.0171875 0.0171875