2 0.14609375 0.47265625 0.0390625 0.0296875
2 0.1828125 0.39765625 0.0234375 0.0140625
2 0.378125 0.428125 0.021875 0.0234375
2 0.4015625 0.42421875 0.01875 0.0203125
2 0.421875 0.421875 0.0203125 0.015625
2 0.4359375 0.42265625 0.025 0.01875
2 0.4046875 0.51015625 0.0234375 0.0234375
2 0.409375 0.5984375 0.021875 0.0234375
2 0.4171875 0.67421875 0.0234375 0.0203125
2 0.47578125 0.6671875 0.0171875 0.0171875
2 0.43515625 0.7203125 0.021875 0.0171875
2 0.42578125 0.74609375 0.021875 0.0234375
2 0.42265625 0.8171875 0.021875 0.0234375
2 0.4375 0.79375 0.025 0.0203125
2 0.58984375 0.7171875 0.021875 0.0234375
2 0.6125 0.38671875 0.0203125 0.0203125
2 0.31171875 0.55546875 0.025 0.0203125
2 0.6078125 0.66875 0.015625 0.0171875