2 0.4546875 0.89140625 0.028125 0.040625
2 0.38359375 0.8484375 0.0140625 0.025
2 0.44140625 0.65703125 0.0234375 0.0234375
2 0.440625 0.63359375 0.01875 0.01875
2 0.440625 0.61328125 0.015625 0.021875
2 0.44375 0.59921875 0.01875 0.025
2 0.5265625 0.63671875 0.0234375 0.025
2 0.61640625 0.6390625 0.0234375 0.0234375
2 0.69375 0.6375 0.0203125 0.0234375
2 0.69453125 0.578125 0.015625 0.01875
2 0.7421875 0.62265625 0.0171875 0.0234375
2 0.7671875 0.634375 0.0234375 0.0234375
2 0.83828125 0.64296875 0.0234375 0.0234375
2 0.8171875 0.6265625 0.0203125 0.025
2 0.76015625 0.46953125 0.0234375 0.0234375
2 0.43125 0.42109375 0.01875 0.0203125
2 0.5609375 0.7328125 0.0203125 0.025
2 0.7140625 0.4484375 0.015625 0.0171875