2 0.50703125 0.18359375 0.028125 0.0375
2 0.57734375 0.21953125 0.0125 0.0234375
2 0.52265625 0.415625 0.021875 0.0203125
2 0.5234375 0.4390625 0.01875 0.0171875
2 0.5234375 0.459375 0.0140625 0.0203125
2 0.52109375 0.4734375 0.0171875 0.0234375
2 0.4375 0.44375 0.021875 0.021875
2 0.3484375 0.44921875 0.021875 0.0203125
2 0.2703125 0.459375 0.01875 0.021875
2 0.2703125 0.51796875 0.015625 0.0171875
2 0.221875 0.478125 0.015625 0.021875
2 0.19765625 0.46875 0.021875 0.0203125
2 0.1265625 0.46640625 0.021875 0.0203125
2 0.14765625 0.48125 0.01875 0.0234375
2 0.20625 0.63203125 0.021875 0.0203125
2 0.53515625 0.65 0.01875 0.01875
2 0.40234375 0.35078125 0.01875 0.0234375
2 0.25234375 0.64921875 0.015625 0.015625