2 0.46875 0.83671875 0.028125 0.0375
2 0.39765625 0.80234375 0.0125 0.0234375
2 0.4515625 0.60546875 0.021875 0.0203125
2 0.45078125 0.58203125 0.01875 0.0171875
2 0.45 0.56171875 0.0140625 0.0203125
2 0.453125 0.54765625 0.0171875 0.0234375
2 0.53671875 0.57578125 0.021875 0.021875
2 0.62578125 0.56875 0.021875 0.0203125
2 0.70390625 0.5578125 0.01875 0.021875
2 0.703125 0.49921875 0.015625 0.0171875
2 0.7515625 0.5375 0.015625 0.021875
2 0.7765625 0.546875 0.021875 0.0203125
2 0.84765625 0.54765625 0.021875 0.0203125
2 0.82578125 0.5328125 0.01875 0.0234375
2 0.7671875 0.38359375 0.021875 0.0203125
2 0.4375 0.371875 0.01875 0.01875
2 0.571875 0.66796875 0.01875 0.0234375
2 0.7203125 0.3671875 0.015625 0.015625