2 0.196875 0.51015625 0.0390625 0.03125
2 0.2265625 0.4421875 0.0234375 0.015625
2 0.42734375 0.5171875 0.021875 0.025
2 0.45078125 0.51875 0.01875 0.0203125
2 0.47109375 0.5203125 0.021875 0.0171875
2 0.48515625 0.52421875 0.025 0.0203125
2 0.4625 0.60546875 0.0234375 0.025
2 0.4765625 0.6953125 0.021875 0.025
2 0.4921875 0.77421875 0.0234375 0.021875
2 0.55078125 0.78046875 0.01875 0.0171875
2 0.515625 0.825 0.0234375 0.01875
2 0.50859375 0.8484375 0.021875 0.025
2 0.5125 0.91953125 0.021875 0.025
2 0.525 0.9 0.025 0.021875
2 0.67109375 0.85625 0.021875 0.025
2 0.659375 0.52734375 0.0203125 0.021875
2 0.3734375 0.63125 0.025 0.021875
2 0.68359375 0.81171875 0.0171875 0.0171875