2 0.4546875 0.83125 0.028125 0.0375
2 0.38359375 0.79765625 0.0140625 0.0234375
2 0.44140625 0.6 0.0234375 0.0203125
2 0.440625 0.5765625 0.01875 0.0171875
2 0.440625 0.55625 0.015625 0.0203125
2 0.44375 0.5421875 0.01875 0.0234375
2 0.5265625 0.56953125 0.0234375 0.021875
2 0.61640625 0.5609375 0.0234375 0.0203125
2 0.69375 0.54921875 0.0203125 0.021875
2 0.69453125 0.490625 0.015625 0.0171875
2 0.7421875 0.52890625 0.0171875 0.021875
2 0.7671875 0.5375 0.0234375 0.0203125
2 0.83828125 0.5375 0.0234375 0.0203125
2 0.8171875 0.5234375 0.0203125 0.0234375
2 0.76015625 0.37421875 0.0234375 0.0203125
2 0.43125 0.36640625 0.01875 0.01875
2 0.5609375 0.6609375 0.0203125 0.0234375
2 0.7140625 0.35859375 0.015625 0.015625