2 0.52578125 0.1984375 0.0296875 0.0390625
2 0.6 0.23671875 0.0140625 0.0234375
2 0.5671875 0.43125 0.0234375 0.021875
2 0.5703125 0.4546875 0.0203125 0.01875
2 0.57265625 0.475 0.015625 0.021875
2 0.571875 0.4890625 0.01875 0.025
2 0.48515625 0.45703125 0.0234375 0.0234375
2 0.396875 0.46015625 0.0234375 0.021875
2 0.3203125 0.4671875 0.0203125 0.0234375
2 0.3265625 0.52578125 0.0171875 0.01875
2 0.27421875 0.48515625 0.0171875 0.0234375
2 0.2484375 0.475 0.0234375 0.021875
2 0.17734375 0.4703125 0.0234375 0.021875
2 0.20078125 0.4859375 0.0203125 0.025
2 0.275 0.6390625 0.0234375 0.021875
2 0.60546875 0.665625 0.0203125 0.0203125
2 0.43984375 0.36328125 0.0203125 0.025
2 0.3234375 0.65703125 0.0171875 0.0171875