2 0.5 0.18359375 0.0296875 0.0375
2 0.56953125 0.21953125 0.0140625 0.0234375
2 0.50625 0.415625 0.0234375 0.0203125
2 0.50625 0.4390625 0.0203125 0.0171875
2 0.50546875 0.459375 0.015625 0.0203125
2 0.50234375 0.4734375 0.01875 0.0234375
2 0.41953125 0.44375 0.0234375 0.021875
2 0.33046875 0.44921875 0.0234375 0.0203125
2 0.25234375 0.459375 0.0203125 0.021875
2 0.24921875 0.51796875 0.0171875 0.0171875
2 0.203125 0.478125 0.0171875 0.021875
2 0.17890625 0.46875 0.0234375 0.0203125
2 0.1078125 0.46640625 0.0234375 0.0203125
2 0.128125 0.48125 0.0203125 0.0234375
2 0.18046875 0.63203125 0.0234375 0.0203125
2 0.509375 0.65 0.0203125 0.01875
2 0.3890625 0.35078125 0.0203125 0.0234375
2 0.2265625 0.64921875 0.0171875 0.015625