2 0.54609375 0.83671875 0.0296875 0.0375
2 0.471875 0.80234375 0.0140625 0.0234375
2 0.5078125 0.60546875 0.0234375 0.0203125
2 0.5046875 0.58203125 0.0203125 0.0171875
2 0.50234375 0.56171875 0.015625 0.0203125
2 0.50390625 0.54765625 0.01875 0.0234375
2 0.58984375 0.57578125 0.0234375 0.021875
2 0.678125 0.56875 0.0234375 0.0203125
2 0.7546875 0.5578125 0.0203125 0.021875
2 0.74921875 0.49921875 0.0171875 0.0171875
2 0.80078125 0.5375 0.0171875 0.021875
2 0.8265625 0.546875 0.0234375 0.0203125
2 0.89765625 0.54765625 0.0234375 0.0203125
2 0.875 0.5328125 0.0203125 0.0234375
2 0.8015625 0.38359375 0.0234375 0.0203125
2 0.471875 0.371875 0.0203125 0.01875
2 0.63359375 0.66796875 0.0203125 0.0234375
2 0.75390625 0.3671875 0.0171875 0.015625