2 0.459375 0.82578125 0.028125 0.0375
2 0.38828125 0.79296875 0.0140625 0.0234375
2 0.44453125 0.59453125 0.021875 0.0203125
2 0.44375 0.57109375 0.01875 0.0171875
2 0.44375 0.55078125 0.0140625 0.0203125
2 0.446875 0.53671875 0.01875 0.0234375
2 0.53046875 0.56328125 0.021875 0.021875
2 0.61953125 0.553125 0.021875 0.0203125
2 0.696875 0.540625 0.01875 0.021875
2 0.69765625 0.48203125 0.015625 0.0171875
2 0.7453125 0.5203125 0.015625 0.021875
2 0.7703125 0.528125 0.021875 0.0203125
2 0.84140625 0.52734375 0.021875 0.0203125
2 0.8203125 0.5140625 0.0203125 0.0234375
2 0.7625 0.36484375 0.021875 0.0203125
2 0.43359375 0.3609375 0.01875 0.01875
2 0.5640625 0.65390625 0.0203125 0.0234375
2 0.71640625 0.35 0.015625 0.015625