2 0.51484375 0.21640625 0.0265625 0.040625
2 0.5875 0.25703125 0.0125 0.025
2 0.54140625 0.45 0.021875 0.021875
2 0.54296875 0.4734375 0.01875 0.01875
2 0.54453125 0.49375 0.0140625 0.021875
2 0.5421875 0.5078125 0.0171875 0.025
2 0.4578125 0.47265625 0.021875 0.0234375
2 0.36875 0.47265625 0.021875 0.021875
2 0.29140625 0.47734375 0.01875 0.0234375
2 0.29375 0.5359375 0.015625 0.01875
2 0.24453125 0.49296875 0.015625 0.0234375
2 0.21875 0.48203125 0.021875 0.021875
2 0.14765625 0.47578125 0.021875 0.021875
2 0.1703125 0.49140625 0.01875 0.025
2 0.23515625 0.646875 0.021875 0.021875
2 0.56484375 0.68515625 0.01875 0.0203125
2 0.41875 0.37734375 0.01875 0.025
2 0.28203125 0.66640625 0.015625 0.0171875