2 0.17421875 0.49921875 0.0375 0.0296875
2 0.20703125 0.4296875 0.0234375 0.0140625
2 0.40546875 0.49140625 0.0203125 0.0234375
2 0.42890625 0.49140625 0.0171875 0.0203125
2 0.44921875 0.49140625 0.0203125 0.015625
2 0.46328125 0.4953125 0.0234375 0.01875
2 0.43671875 0.57734375 0.021875 0.0234375
2 0.446875 0.6671875 0.0203125 0.0234375
2 0.459375 0.7453125 0.021875 0.0203125
2 0.51796875 0.74765625 0.0171875 0.0171875
2 0.4796875 0.79453125 0.021875 0.0171875
2 0.471875 0.81875 0.0203125 0.0234375
2 0.47265625 0.88984375 0.0203125 0.0234375
2 0.4859375 0.86875 0.0234375 0.0203125
2 0.63515625 0.815625 0.0203125 0.0234375
2 0.6390625 0.48671875 0.01875 0.0203125
2 0.34609375 0.609375 0.0234375 0.0203125
2 0.65 0.7703125 0.015625 0.0171875