2 0.5078125 0.1328125 0.028125 0.0390625
2 0.57890625 0.16171875 0.0125 0.025
2 0.525 0.3625 0.021875 0.021875
2 0.52578125 0.3859375 0.01875 0.01875
2 0.5265625 0.40625 0.0140625 0.021875
2 0.5234375 0.4203125 0.0171875 0.025
2 0.43984375 0.39921875 0.021875 0.0234375
2 0.35078125 0.4140625 0.021875 0.021875
2 0.2734375 0.43125 0.01875 0.0234375
2 0.2734375 0.4890625 0.015625 0.01875
2 0.225 0.4546875 0.015625 0.0234375
2 0.2 0.44765625 0.021875 0.021875
2 0.12890625 0.45234375 0.021875 0.021875
2 0.15078125 0.465625 0.01875 0.025
2 0.209375 0.61015625 0.021875 0.021875
2 0.5390625 0.59453125 0.01875 0.0203125
2 0.4046875 0.31015625 0.01875 0.025
2 0.25625 0.62265625 0.015625 0.0171875