2 0.515625 0.165625 0.028125 0.0375
2 0.58828125 0.19921875 0.0125 0.0234375
2 0.54375 0.396875 0.021875 0.0203125
2 0.54609375 0.4203125 0.01875 0.0171875
2 0.546875 0.440625 0.0140625 0.0203125
2 0.5453125 0.4546875 0.0171875 0.0234375
2 0.46015625 0.428125 0.021875 0.021875
2 0.37109375 0.43671875 0.021875 0.0203125
2 0.29375 0.44921875 0.01875 0.021875
2 0.296875 0.5078125 0.015625 0.0171875
2 0.246875 0.46953125 0.015625 0.021875
2 0.221875 0.4609375 0.021875 0.0203125
2 0.15078125 0.46171875 0.021875 0.0203125
2 0.17265625 0.47578125 0.01875 0.0234375
2 0.2390625 0.62421875 0.021875 0.0203125
2 0.56875 0.63046875 0.01875 0.01875
2 0.4203125 0.33671875 0.01875 0.0234375
2 0.2859375 0.63984375 0.015625 0.015625