2 0.17421875 0.48828125 0.0375 0.0265625
2 0.20703125 0.41640625 0.0234375 0.0125
2 0.40546875 0.465625 0.0203125 0.021875
2 0.42890625 0.4640625 0.0171875 0.01875
2 0.44921875 0.46328125 0.0203125 0.0140625
2 0.46328125 0.465625 0.0234375 0.0171875
2 0.43671875 0.55 0.021875 0.021875
2 0.446875 0.6390625 0.0203125 0.021875
2 0.459375 0.71640625 0.021875 0.01875
2 0.51796875 0.71484375 0.0171875 0.015625
2 0.4796875 0.7640625 0.021875 0.015625
2 0.471875 0.7890625 0.0203125 0.021875
2 0.47265625 0.86015625 0.0203125 0.021875
2 0.4859375 0.83828125 0.0234375 0.01875
2 0.63515625 0.77578125 0.0203125 0.021875
2 0.6390625 0.44609375 0.01875 0.01875
2 0.34609375 0.5875 0.0234375 0.01875
2 0.65 0.72890625 0.015625 0.015625