2 0.48828125 0.8140625 0.0265625 0.0390625
2 0.41640625 0.7828125 0.0125 0.0234375
2 0.465625 0.58359375 0.021875 0.0203125
2 0.4640625 0.56015625 0.01875 0.0171875
2 0.46328125 0.53984375 0.0140625 0.0203125
2 0.465625 0.52578125 0.0171875 0.0234375
2 0.55 0.55 0.021875 0.021875
2 0.6390625 0.53828125 0.021875 0.0203125
2 0.71640625 0.52421875 0.01875 0.021875
2 0.71484375 0.465625 0.015625 0.0171875
2 0.7640625 0.50234375 0.015625 0.021875
2 0.7890625 0.51015625 0.021875 0.0203125
2 0.86015625 0.5078125 0.021875 0.0203125
2 0.83828125 0.49453125 0.01875 0.0234375
2 0.77578125 0.346875 0.021875 0.0203125
2 0.44609375 0.35078125 0.01875 0.01875
2 0.5875 0.640625 0.01875 0.0234375
2 0.72890625 0.3328125 0.015625 0.015625