2 0.43984375 0.8796875 0.028125 0.040625
2 0.3703125 0.8390625 0.0140625 0.025
2 0.43046875 0.64609375 0.0234375 0.021875
2 0.43046875 0.62265625 0.0203125 0.01875
2 0.43125 0.60234375 0.015625 0.021875
2 0.434375 0.58828125 0.01875 0.025
2 0.5171875 0.62421875 0.0234375 0.0234375
2 0.60625 0.62421875 0.0234375 0.021875
2 0.684375 0.6203125 0.0203125 0.0234375
2 0.6859375 0.56171875 0.0171875 0.01875
2 0.73359375 0.6046875 0.0171875 0.0234375
2 0.7578125 0.615625 0.0234375 0.021875
2 0.82890625 0.62265625 0.0234375 0.021875
2 0.8078125 0.60625 0.0203125 0.025
2 0.75390625 0.4515625 0.0234375 0.021875
2 0.425 0.4109375 0.0203125 0.0203125
2 0.54921875 0.71953125 0.0203125 0.025
2 0.7078125 0.43125 0.0171875 0.0171875