2 0.51484375 0.16015625 0.0265625 0.0375
2 0.5875 0.1921875 0.0125 0.0234375
2 0.54140625 0.390625 0.021875 0.0203125
2 0.54296875 0.4140625 0.01875 0.0171875
2 0.54453125 0.434375 0.0140625 0.0203125
2 0.5421875 0.4484375 0.0171875 0.0234375
2 0.4578125 0.42265625 0.021875 0.021875
2 0.36875 0.4328125 0.021875 0.0203125
2 0.29140625 0.44609375 0.01875 0.021875
2 0.29375 0.5046875 0.015625 0.0171875
2 0.24453125 0.4671875 0.015625 0.021875
2 0.21875 0.45859375 0.021875 0.0203125
2 0.14765625 0.46015625 0.021875 0.0203125
2 0.1703125 0.4734375 0.01875 0.0234375
2 0.23515625 0.621875 0.021875 0.0203125
2 0.56484375 0.62421875 0.01875 0.01875
2 0.41875 0.33203125 0.01875 0.0234375
2 0.28203125 0.63671875 0.015625 0.015625