2 0.49765625 0.21640625 0.0296875 0.040625
2 0.5671875 0.25703125 0.0140625 0.025
2 0.5015625 0.45 0.0234375 0.021875
2 0.5015625 0.4734375 0.0203125 0.01875
2 0.50078125 0.49375 0.015625 0.021875
2 0.496875 0.5078125 0.01875 0.025
2 0.41484375 0.47265625 0.0234375 0.0234375
2 0.325 0.47265625 0.0234375 0.021875
2 0.246875 0.47734375 0.0203125 0.0234375
2 0.24375 0.5359375 0.0171875 0.01875
2 0.19765625 0.49296875 0.0171875 0.0234375
2 0.1734375 0.48203125 0.0234375 0.021875
2 0.10234375 0.47578125 0.0234375 0.021875
2 0.12265625 0.49140625 0.0203125 0.025
2 0.1734375 0.646875 0.0234375 0.021875
2 0.50234375 0.68515625 0.0203125 0.0203125
2 0.38515625 0.37734375 0.0203125 0.025
2 0.21875 0.66640625 0.0171875 0.0171875