2 0.14921875 0.49453125 0.0390625 0.028125
2 0.18515625 0.4234375 0.0234375 0.0140625
2 0.38125 0.4796875 0.021875 0.021875
2 0.4046875 0.47890625 0.0171875 0.01875
2 0.425 0.47890625 0.0203125 0.0140625
2 0.4390625 0.48125 0.0234375 0.01875
2 0.4078125 0.56484375 0.0234375 0.021875
2 0.41328125 0.6546875 0.021875 0.021875
2 0.421875 0.73203125 0.021875 0.01875
2 0.48046875 0.7328125 0.0171875 0.015625
2 0.43984375 0.78046875 0.021875 0.015625
2 0.43046875 0.80546875 0.021875 0.021875
2 0.42734375 0.8765625 0.021875 0.021875
2 0.4421875 0.8546875 0.0234375 0.0203125
2 0.59453125 0.79765625 0.021875 0.021875
2 0.615625 0.46796875 0.01875 0.01875
2 0.31484375 0.59921875 0.0234375 0.0203125
2 0.61171875 0.7515625 0.015625 0.015625