2 0.134375 0.490625 0.0390625 0.0265625
2 0.1734375 0.41875 0.025 0.0125
2 0.3671875 0.4703125 0.021875 0.021875
2 0.390625 0.46875 0.01875 0.01875
2 0.41171875 0.46875 0.021875 0.0140625
2 0.425 0.47109375 0.025 0.0171875
2 0.3921875 0.5546875 0.0234375 0.021875
2 0.39453125 0.64453125 0.021875 0.021875
2 0.40078125 0.721875 0.0234375 0.01875
2 0.459375 0.72109375 0.01875 0.015625
2 0.41796875 0.76953125 0.0234375 0.015625
2 0.40703125 0.79453125 0.021875 0.021875
2 0.40234375 0.865625 0.021875 0.021875
2 0.41796875 0.84375 0.025 0.01875
2 0.571875 0.7828125 0.021875 0.021875
2 0.60234375 0.453125 0.0203125 0.01875
2 0.29765625 0.59140625 0.025 0.01875
2 0.590625 0.73671875 0.0171875 0.015625