2 0.19609375 0.62734375 0.025 0.0265625
2 0.34375 0.81015625 0.0359375 0.0359375
2 0.4046875 0.803125 0.025 0.034375
2 0.46171875 0.553125 0.028125 0.0375
2 0.38203125 0.51328125 0.0328125 0.0359375
2 0.3 0.53125 0.034375 0.0453125
2 0.30625 0.453125 0.028125 0.04375
2 0.38515625 0.45 0.0359375 0.0484375
2 0.4515625 0.4390625 0.03125 0.0390625
2 0.4140625 0.434375 0.0328125 0.040625
2 0.42578125 0.38046875 0.040625 0.0390625
2 0.51875 0.53359375 0.0375 0.0390625
2 0.54921875 0.54140625 0.028125 0.0328125
2 0.3625 0.21953125 0.0359375 0.0359375