2 0.39140625 0.7953125 0.0265625 0.0265625
2 0.2015625 0.6609375 0.0359375 0.0375
2 0.20546875 0.59921875 0.034375 0.0265625
2 0.45234375 0.52578125 0.0390625 0.0296875
2 0.49609375 0.60234375 0.0375 0.034375
2 0.48203125 0.68515625 0.0453125 0.0359375
2 0.56015625 0.6734375 0.0453125 0.0296875
2 0.559375 0.59453125 0.0484375 0.0375
2 0.5671875 0.52734375 0.040625 0.0328125
2 0.5734375 0.56484375 0.0421875 0.034375
2 0.62734375 0.54921875 0.0390625 0.0421875
2 0.46875 0.46640625 0.0390625 0.0390625
2 0.459375 0.43671875 0.034375 0.0296875
2 0.790625 0.60078125 0.0359375 0.0375