2 0.40625 0.83828125 0.028125 0.0265625
2 0.21328125 0.68203125 0.0359375 0.0375
2 0.215625 0.62109375 0.0359375 0.0265625
2 0.4625 0.5765625 0.0390625 0.03125
2 0.50703125 0.6578125 0.0375 0.034375
2 0.49453125 0.7390625 0.0453125 0.0375
2 0.57265625 0.7359375 0.0453125 0.03125
2 0.5703125 0.65703125 0.0484375 0.0375
2 0.5765625 0.59140625 0.040625 0.034375
2 0.58359375 0.6296875 0.0421875 0.0359375
2 0.6375 0.6203125 0.0390625 0.04375
2 0.47734375 0.51953125 0.0390625 0.040625
2 0.4671875 0.4890625 0.034375 0.0296875
2 0.8015625 0.690625 0.0359375 0.0375