2 0.17421875 0.64296875 0.025 0.028125
2 0.315625 0.8375 0.0359375 0.0359375
2 0.3765625 0.83515625 0.025 0.0359375
2 0.44140625 0.58984375 0.028125 0.0390625
2 0.36328125 0.54375 0.0328125 0.0375
2 0.28125 0.55546875 0.034375 0.0453125
2 0.290625 0.47734375 0.028125 0.0453125
2 0.36953125 0.48046875 0.0359375 0.0484375
2 0.4359375 0.475 0.03125 0.040625
2 0.3984375 0.4671875 0.0328125 0.0421875
2 0.41171875 0.4140625 0.040625 0.040625
2 0.5 0.575 0.0375 0.0390625
2 0.53046875 0.58515625 0.028125 0.034375
2 0.3546875 0.24921875 0.0359375 0.0359375