2 0.63828125 0.159375 0.028125 0.0265625
2 0.8296875 0.29609375 0.0359375 0.0375
2 0.82578125 0.3578125 0.0359375 0.0265625
2 0.57890625 0.42890625 0.0390625 0.0296875
2 0.53515625 0.3515625 0.0375 0.034375
2 0.5484375 0.26875 0.0453125 0.0359375
2 0.4703125 0.2796875 0.0453125 0.0296875
2 0.471875 0.35859375 0.0484375 0.0359375
2 0.46484375 0.42578125 0.040625 0.0328125
2 0.4578125 0.38828125 0.0421875 0.034375
2 0.4046875 0.403125 0.0390625 0.0421875
2 0.56328125 0.4875 0.0390625 0.0390625
2 0.57265625 0.5171875 0.034375 0.0296875
2 0.240625 0.34921875 0.0359375 0.0375