2 0.17421875 0.63203125 0.025 0.0265625
2 0.315625 0.81796875 0.0359375 0.034375
2 0.3765625 0.8125 0.025 0.034375
2 0.44140625 0.56328125 0.028125 0.0375
2 0.36328125 0.521875 0.0328125 0.0359375
2 0.28125 0.53828125 0.034375 0.04375
2 0.290625 0.46015625 0.028125 0.04375
2 0.36953125 0.45859375 0.0359375 0.046875
2 0.4359375 0.44921875 0.03125 0.0390625
2 0.3984375 0.44375 0.0328125 0.040625
2 0.41171875 0.38984375 0.040625 0.0375
2 0.5 0.5453125 0.0375 0.0375
2 0.53046875 0.55390625 0.028125 0.0328125
2 0.3546875 0.228125 0.0359375 0.034375