2 0.30625 0.778125 0.028125 0.028125
2 0.13125 0.65234375 0.0375 0.0390625
2 0.14140625 0.590625 0.0359375 0.028125
2 0.3953125 0.50546875 0.0390625 0.03125
2 0.43046875 0.5796875 0.0390625 0.0359375
2 0.4078125 0.66328125 0.046875 0.0390625
2 0.48671875 0.64765625 0.0453125 0.0328125
2 0.49453125 0.56875 0.05 0.0390625
2 0.50859375 0.5015625 0.0421875 0.034375
2 0.5109375 0.53828125 0.04375 0.0375
2 0.56640625 0.52109375 0.040625 0.04375
2 0.4171875 0.4453125 0.040625 0.040625
2 0.4109375 0.415625 0.034375 0.03125
2 0.7234375 0.56484375 0.0375 0.0390625