2 0.64296875 0.2296875 0.028125 0.0265625
2 0.8375 0.38671875 0.0359375 0.0390625
2 0.83515625 0.44765625 0.0359375 0.028125
2 0.58984375 0.490625 0.0390625 0.03125
2 0.54375 0.409375 0.0375 0.0359375
2 0.55546875 0.328125 0.0453125 0.0375
2 0.47734375 0.33046875 0.0453125 0.03125
2 0.48046875 0.409375 0.0484375 0.0375
2 0.475 0.475 0.040625 0.034375
2 0.4671875 0.4375 0.0421875 0.0359375
2 0.4140625 0.44609375 0.040625 0.04375
2 0.575 0.54765625 0.0390625 0.040625
2 0.58515625 0.57890625 0.034375 0.0296875
2 0.24921875 0.37421875 0.0359375 0.0390625