2 0.64296875 0.1109375 0.028125 0.028125
2 0.8375 0.234375 0.0359375 0.040625
2 0.83515625 0.2953125 0.0359375 0.0296875
2 0.58984375 0.3859375 0.0390625 0.0328125
2 0.54375 0.31171875 0.0375 0.0375
2 0.55546875 0.22734375 0.0453125 0.0390625
2 0.47734375 0.24453125 0.0453125 0.0328125
2 0.48046875 0.3234375 0.0484375 0.040625
2 0.475 0.39140625 0.040625 0.0359375
2 0.4671875 0.3546875 0.0421875 0.0375
2 0.4140625 0.3734375 0.040625 0.0453125
2 0.575 0.4453125 0.0390625 0.0421875
2 0.58515625 0.475 0.034375 0.03125
2 0.24921875 0.33203125 0.0359375 0.040625