2 0.35859375 0.84453125 0.0265625 0.0265625
2 0.17421875 0.68515625 0.034375 0.0390625
2 0.18046875 0.625 0.034375 0.028125
2 0.43046875 0.584375 0.0375 0.03125
2 0.47109375 0.66640625 0.0359375 0.0359375
2 0.453125 0.746875 0.04375 0.0375
2 0.53203125 0.7453125 0.04375 0.03125
2 0.534375 0.6671875 0.046875 0.0375
2 0.54453125 0.6015625 0.0390625 0.034375
2 0.54921875 0.6390625 0.040625 0.0359375
2 0.603125 0.63125 0.0375 0.04375
2 0.44921875 0.528125 0.0375 0.040625
2 0.440625 0.496875 0.0328125 0.03125
2 0.7640625 0.7046875 0.034375 0.0390625