2 0.33515625 0.82578125 0.028125 0.025
2 0.1546875 0.67578125 0.0359375 0.0375
2 0.1625 0.61484375 0.0359375 0.0265625
2 0.4140625 0.5609375 0.0390625 0.0296875
2 0.45234375 0.64140625 0.0375 0.034375
2 0.4328125 0.72265625 0.0453125 0.0359375
2 0.5109375 0.7171875 0.0453125 0.0296875
2 0.51640625 0.63828125 0.0484375 0.0359375
2 0.528125 0.57265625 0.040625 0.0328125
2 0.53203125 0.61015625 0.0421875 0.034375
2 0.58671875 0.59921875 0.0390625 0.0421875
2 0.434375 0.50390625 0.0390625 0.0390625
2 0.42734375 0.4734375 0.034375 0.0296875
2 0.74609375 0.6640625 0.0359375 0.0375