2 0.62109375 0.19609375 0.028125 0.025
2 0.7984375 0.34375 0.0359375 0.0359375
2 0.78984375 0.4046875 0.0359375 0.025
2 0.53671875 0.46171875 0.0390625 0.028125
2 0.5 0.38203125 0.0375 0.0328125
2 0.52109375 0.3 0.0453125 0.034375
2 0.44296875 0.30625 0.0453125 0.028125
2 0.43671875 0.38515625 0.0484375 0.0359375
2 0.4234375 0.4515625 0.040625 0.03125
2 0.4203125 0.4140625 0.0421875 0.0328125
2 0.365625 0.42578125 0.040625 0.040625
2 0.515625 0.51875 0.0390625 0.0375
2 0.52265625 0.54921875 0.034375 0.028125
2 0.20703125 0.3625 0.0359375 0.0359375