2 0.35390625 0.85390625 0.0265625 0.028125
2 0.1703125 0.6890625 0.034375 0.0390625
2 0.1765625 0.62890625 0.034375 0.028125
2 0.42734375 0.59453125 0.0375 0.0328125
2 0.4671875 0.67734375 0.0359375 0.0359375
2 0.44921875 0.7578125 0.04375 0.0390625
2 0.52734375 0.75859375 0.04375 0.0328125
2 0.53046875 0.6796875 0.046875 0.0390625
2 0.54140625 0.6140625 0.0390625 0.0359375
2 0.54609375 0.65234375 0.040625 0.0375
2 0.6 0.6453125 0.0375 0.0453125
2 0.44609375 0.53828125 0.0375 0.0421875
2 0.43828125 0.50703125 0.0328125 0.03125
2 0.7609375 0.72265625 0.034375 0.0390625