2 0.63828125 0.2515625 0.028125 0.028125
2 0.8296875 0.415625 0.0359375 0.0390625
2 0.82578125 0.47578125 0.0359375 0.028125
2 0.57890625 0.5109375 0.0390625 0.0328125
2 0.53515625 0.42734375 0.0375 0.0359375
2 0.5484375 0.346875 0.0453125 0.0390625
2 0.4703125 0.346875 0.0453125 0.0328125
2 0.471875 0.42578125 0.0484375 0.0390625
2 0.46484375 0.490625 0.040625 0.0359375
2 0.4578125 0.453125 0.0421875 0.0375
2 0.4046875 0.459375 0.0390625 0.0453125
2 0.56328125 0.56640625 0.0390625 0.0421875
2 0.57265625 0.5984375 0.034375 0.03125
2 0.240625 0.3828125 0.0359375 0.0390625