2 0.38203125 0.8109375 0.0265625 0.025
2 0.19375 0.66796875 0.034375 0.0359375
2 0.1984375 0.60703125 0.034375 0.025
2 0.44609375 0.54296875 0.0375 0.028125
2 0.4890625 0.621875 0.0359375 0.0328125
2 0.47421875 0.70390625 0.04375 0.034375
2 0.55234375 0.6953125 0.04375 0.028125
2 0.55234375 0.61640625 0.046875 0.034375
2 0.56015625 0.55 0.0390625 0.03125
2 0.56640625 0.5875 0.040625 0.0328125
2 0.6203125 0.57421875 0.0375 0.040625
2 0.46328125 0.48515625 0.0375 0.0375
2 0.45390625 0.4546875 0.0328125 0.028125
2 0.7828125 0.6328125 0.034375 0.0359375