2 0.315625 0.7671875 0.028125 0.028125
2 0.1390625 0.646875 0.0359375 0.040625
2 0.1484375 0.58515625 0.0359375 0.0296875
2 0.4015625 0.4921875 0.0390625 0.0328125
2 0.43828125 0.565625 0.0375 0.0375
2 0.41640625 0.65 0.0453125 0.040625
2 0.49453125 0.63203125 0.0453125 0.034375
2 0.5015625 0.553125 0.0484375 0.040625
2 0.51484375 0.48515625 0.040625 0.0359375
2 0.51796875 0.521875 0.0421875 0.0375
2 0.57265625 0.50234375 0.040625 0.0453125
2 0.4234375 0.43203125 0.040625 0.0421875
2 0.41640625 0.403125 0.034375 0.0328125
2 0.73046875 0.5421875 0.0359375 0.040625