2 0.6296875 0.15234375 0.0265625 0.0265625
2 0.8140625 0.28671875 0.034375 0.0375
2 0.8078125 0.34765625 0.034375 0.0265625
2 0.5578125 0.421875 0.0375 0.0296875
2 0.5171875 0.3453125 0.0359375 0.034375
2 0.53515625 0.2625 0.04375 0.0359375
2 0.45703125 0.27421875 0.04375 0.0296875
2 0.45390625 0.353125 0.046875 0.0375
2 0.44375 0.4203125 0.0390625 0.0328125
2 0.4390625 0.3828125 0.040625 0.034375
2 0.38515625 0.3984375 0.0375 0.0421875
2 0.5390625 0.48046875 0.0375 0.0390625
2 0.54765625 0.5109375 0.0328125 0.0296875
2 0.22421875 0.346875 0.034375 0.0375