2 0.415625 0.8125 0.028125 0.025
2 0.22109375 0.66953125 0.0359375 0.0359375
2 0.22265625 0.60859375 0.0359375 0.025
2 0.46875 0.54609375 0.0390625 0.028125
2 0.51484375 0.62421875 0.0375 0.0328125
2 0.503125 0.70703125 0.0453125 0.034375
2 0.58046875 0.6984375 0.0453125 0.028125
2 0.57734375 0.61953125 0.0484375 0.034375
2 0.5828125 0.553125 0.040625 0.03125
2 0.590625 0.590625 0.0421875 0.0328125
2 0.64375 0.57734375 0.040625 0.040625
2 0.48359375 0.48828125 0.0390625 0.0375
2 0.47265625 0.4578125 0.034375 0.028125
2 0.809375 0.63671875 0.0359375 0.0359375