2 0.18828125 0.38671875 0.015625 0.0234375
2 0.228125 0.3703125 0.015625 0.0234375
2 0.2359375 0.33671875 0.0171875 0.0234375
2 0.16953125 0.465625 0.0125 0.0171875
2 0.20078125 0.4921875 0.015625 0.0234375
2 0.2 0.62734375 0.01875 0.0234375
2 0.15 0.56328125 0.01875 0.0234375
2 0.15234375 0.5421875 0.021875 0.028125
2 0.171875 0.5171875 0.015625 0.0171875
2 0.17734375 0.53828125 0.015625 0.01875
2 0.1875 0.553125 0.021875 0.0234375
2 0.175 0.56640625 0.021875 0.01875
2 0.17578125 0.58359375 0.015625 0.0203125
2 0.16171875 0.60078125 0.015625 0.0234375
2 0.15 0.615625 0.0125 0.0109375
2 0.15234375 0.628125 0.0125 0.0140625
2 0.1421875 0.6421875 0.025 0.01875
2 0.134375 0.628125 0.0125 0.0140625
2 0.44609375 0.6453125 0.01875 0.0203125
2 0.43359375 0.6328125 0.0125 0.0171875
2 0.44609375 0.6671875 0.0140625 0.0203125
2 0.4265625 0.71640625 0.015625 0.0296875
2 0.43671875 0.68671875 0.009375 0.0171875
2 0.446875 0.62109375 0.0109375 0.0171875
2 0.46015625 0.6125 0.015625 0.0203125
2 0.4484375 0.6 0.0125 0.0203125
2 0.4578125 0.59296875 0.0140625 0.0140625
2 0.434375 0.54765625 0.009375 0.015625
2 0.44140625 0.53046875 0.0125 0.015625
2 0.44453125 0.50859375 0.0109375 0.01875
2 0.4453125 0.4546875 0.0125 0.0171875
2 0.44609375 0.46953125 0.0109375 0.0125
2 0.44296875 0.43359375 0.0125 0.015625
2 0.44140625 0.415625 0.015625 0.0203125
2 0.4 0.7828125 0.0125 0.0109375
2 0.46015625 0.753125 0.0125 0.0140625
2 0.43125 0.765625 0.0125 0.01875
2 0.40078125 0.8125 0.0125 0.0171875
2 0.4109375 0.828125 0.009375 0.0109375
2 0.40703125 0.84609375 0.0140625 0.0203125
2 0.540625 0.759375 0.015625 0.0140625
2 0.56171875 0.7640625 0.015625 0.0203125
2 0.5453125 0.77421875 0.0140625 0.015625
2 0.559375 0.81484375 0.0125 0.01875
2 0.52890625 0.83984375 0.0125 0.0171875
2 0.5375 0.8578125 0.015625 0.0171875
2 0.48359375 0.8078125 0.0140625 0.0125
2 0.46484375 0.8515625 0.0203125 0.0203125
2 0.4421875 0.8453125 0.015625 0.01875
2 0.434375 0.8609375 0.0125 0.0171875
2 0.48046875 0.82734375 0.009375 0.009375
2 0.4796875 0.84140625 0.009375 0.0140625
2 0.48203125 0.86015625 0.0125 0.0140625
2 0.50078125 0.83828125 0.009375 0.0140625