2 0.3671875 0.23359375 0.021875 0.0171875
2 0.346875 0.2703125 0.021875 0.0171875
2 0.3125 0.2734375 0.021875 0.01875
2 0.44765625 0.22421875 0.015625 0.0140625
2 0.471875 0.25859375 0.021875 0.0171875
2 0.60625 0.27421875 0.021875 0.0203125
2 0.546875 0.21640625 0.021875 0.0203125
2 0.52578125 0.2171875 0.0265625 0.025
2 0.4984375 0.2328125 0.015625 0.0171875
2 0.51953125 0.240625 0.0171875 0.0171875
2 0.5328125 0.253125 0.021875 0.0234375
2 0.54765625 0.24140625 0.0171875 0.0234375
2 0.56484375 0.2453125 0.01875 0.0171875
2 0.5828125 0.2328125 0.021875 0.0171875
2 0.59921875 0.2234375 0.009375 0.0140625
2 0.61171875 0.22734375 0.0125 0.0140625
2 0.6265625 0.21875 0.015625 0.0265625
2 0.61328125 0.209375 0.0125 0.0140625
2 0.59921875 0.51953125 0.01875 0.0203125
2 0.58828125 0.5046875 0.015625 0.0140625
2 0.62109375 0.521875 0.01875 0.015625
2 0.67265625 0.50859375 0.028125 0.01875
2 0.64140625 0.51484375 0.015625 0.0109375
2 0.575 0.5171875 0.015625 0.0125
2 0.565625 0.52890625 0.01875 0.0171875
2 0.55390625 0.515625 0.01875 0.0140625
2 0.546875 0.52421875 0.0125 0.015625
2 0.503125 0.49609375 0.0140625 0.0109375
2 0.48515625 0.5 0.0140625 0.0140625
2 0.46328125 0.5015625 0.0171875 0.0125
2 0.409375 0.4953125 0.015625 0.0140625
2 0.42421875 0.4984375 0.0109375 0.0125
2 0.38828125 0.48984375 0.0140625 0.0140625
2 0.3703125 0.48671875 0.01875 0.0171875
2 0.74140625 0.490625 0.009375 0.0140625
2 0.70625 0.54609375 0.0125 0.0140625
2 0.72109375 0.51875 0.0171875 0.0140625
2 0.77109375 0.4953125 0.015625 0.0140625
2 0.78515625 0.50625 0.009375 0.0109375
2 0.80390625 0.50546875 0.01875 0.015625
2 0.70390625 0.6265625 0.0125 0.0171875
2 0.70625 0.64765625 0.01875 0.0171875
2 0.71796875 0.6328125 0.0140625 0.015625
2 0.75703125 0.6515625 0.0171875 0.0140625
2 0.78515625 0.62421875 0.015625 0.0140625
2 0.80234375 0.6359375 0.015625 0.0171875
2 0.75859375 0.5765625 0.0109375 0.015625
2 0.80390625 0.56328125 0.01875 0.021875
2 0.79921875 0.53984375 0.0171875 0.0171875
2 0.815625 0.53359375 0.015625 0.0140625
2 0.778125 0.575 0.0078125 0.009375
2 0.7921875 0.5765625 0.0125 0.0109375
2 0.8109375 0.58125 0.0125 0.0140625
2 0.78671875 0.596875 0.0125 0.0109375