2 0.38359375 0.190625 0.0234375 0.015625
2 0.365625 0.2296875 0.0234375 0.015625
2 0.33203125 0.2375 0.0234375 0.0171875
2 0.4625 0.171875 0.0171875 0.0125
2 0.4890625 0.203125 0.0234375 0.015625
2 0.6234375 0.203125 0.0234375 0.01875
2 0.56015625 0.153125 0.0234375 0.01875
2 0.5390625 0.15546875 0.028125 0.021875
2 0.5140625 0.175 0.0171875 0.015625
2 0.53515625 0.1796875 0.01875 0.015625
2 0.54921875 0.190625 0.0234375 0.021875
2 0.56328125 0.178125 0.01875 0.021875
2 0.58046875 0.17890625 0.0203125 0.015625
2 0.59765625 0.16484375 0.0234375 0.015625
2 0.6125 0.15390625 0.0109375 0.0125
2 0.62578125 0.15546875 0.0140625 0.0125
2 0.63984375 0.14609375 0.0171875 0.025
2 0.62578125 0.1375 0.0140625 0.0125
2 0.6375 0.45 0.0203125 0.01875
2 0.625 0.43671875 0.0171875 0.0125
2 0.659375 0.44921875 0.0203125 0.0140625
2 0.709375 0.43046875 0.0296875 0.015625
2 0.67890625 0.440625 0.0171875 0.009375
2 0.61328125 0.45 0.0171875 0.0109375
2 0.60390625 0.46328125 0.0203125 0.015625
2 0.5921875 0.4515625 0.0203125 0.0125
2 0.58515625 0.4609375 0.0140625 0.0140625
2 0.53984375 0.4375 0.015625 0.009375
2 0.52265625 0.44375 0.015625 0.0125
2 0.50078125 0.44765625 0.01875 0.0109375
2 0.446875 0.44765625 0.0171875 0.0125
2 0.46171875 0.44921875 0.0125 0.0109375
2 0.42578125 0.44453125 0.015625 0.0125
2 0.40703125 0.44375 0.0203125 0.015625
2 0.77578125 0.40390625 0.0109375 0.0125
2 0.74453125 0.4640625 0.0140625 0.0125
2 0.7578125 0.43515625 0.01875 0.0125
2 0.80546875 0.40546875 0.0171875 0.0125
2 0.8203125 0.415625 0.0109375 0.009375
2 0.8390625 0.41171875 0.0203125 0.0140625
2 0.74921875 0.54453125 0.0140625 0.015625
2 0.75390625 0.565625 0.0203125 0.015625
2 0.7640625 0.54921875 0.015625 0.0140625
2 0.8046875 0.56328125 0.01875 0.0125
2 0.8296875 0.53359375 0.0171875 0.0125
2 0.84765625 0.5421875 0.0171875 0.015625
2 0.79921875 0.48828125 0.0125 0.0140625
2 0.84296875 0.46953125 0.0203125 0.0203125
2 0.8375 0.446875 0.01875 0.015625
2 0.853125 0.4390625 0.0171875 0.0125
2 0.81875 0.48515625 0.009375 0.009375
2 0.8328125 0.484375 0.0140625 0.009375
2 0.8515625 0.48671875 0.0140625 0.0125
2 0.82890625 0.5046875 0.0140625 0.009375