2 0.34921875 0.23125 0.0234375 0.0171875
2 0.325 0.26796875 0.0234375 0.0171875
2 0.28984375 0.271875 0.0234375 0.01875
2 0.43125 0.22109375 0.0171875 0.0140625
2 0.4515625 0.25546875 0.0234375 0.0171875
2 0.5859375 0.2703125 0.0234375 0.0203125
2 0.53203125 0.21328125 0.0234375 0.0203125
2 0.5109375 0.2140625 0.028125 0.025
2 0.48125 0.2296875 0.0171875 0.0171875
2 0.50234375 0.2375 0.01875 0.0171875
2 0.51484375 0.25 0.0234375 0.0234375
2 0.53046875 0.23828125 0.01875 0.0234375
2 0.54765625 0.24140625 0.0203125 0.0171875
2 0.56640625 0.2296875 0.0234375 0.0171875
2 0.584375 0.2203125 0.0109375 0.0140625
2 0.59609375 0.2234375 0.0140625 0.0140625
2 0.61171875 0.215625 0.0171875 0.0265625
2 0.59921875 0.20546875 0.0140625 0.0140625
2 0.55625 0.515625 0.0203125 0.0203125
2 0.546875 0.5015625 0.0171875 0.0140625
2 0.578125 0.51796875 0.0203125 0.015625
2 0.63125 0.5046875 0.0296875 0.01875
2 0.59921875 0.5109375 0.0171875 0.0109375
2 0.53203125 0.51328125 0.0171875 0.0125
2 0.52109375 0.52578125 0.0203125 0.0171875
2 0.5109375 0.5125 0.0203125 0.0140625
2 0.50234375 0.52109375 0.0140625 0.015625
2 0.46171875 0.49296875 0.015625 0.0109375
2 0.44296875 0.49765625 0.015625 0.0140625
2 0.42109375 0.4984375 0.01875 0.0125
2 0.3671875 0.49296875 0.0171875 0.0140625
2 0.38203125 0.4953125 0.0125 0.0125
2 0.34609375 0.4875 0.015625 0.0140625
2 0.32890625 0.484375 0.0203125 0.0171875
2 0.70234375 0.4859375 0.0109375 0.0140625
2 0.66171875 0.5421875 0.0140625 0.0140625
2 0.6796875 0.51484375 0.01875 0.0140625
2 0.73203125 0.490625 0.0171875 0.0140625
2 0.7453125 0.50234375 0.0109375 0.0109375
2 0.7640625 0.50078125 0.0203125 0.015625
2 0.65234375 0.62265625 0.0140625 0.0171875
2 0.65234375 0.64375 0.0203125 0.0171875
2 0.665625 0.628125 0.015625 0.015625
2 0.703125 0.646875 0.01875 0.0140625
2 0.734375 0.61953125 0.0171875 0.0140625
2 0.75078125 0.63125 0.0171875 0.0171875
2 0.71171875 0.571875 0.0125 0.015625
2 0.75859375 0.55859375 0.0203125 0.021875
2 0.75625 0.53515625 0.01875 0.0171875
2 0.7734375 0.52890625 0.0171875 0.0140625
2 0.73125 0.57109375 0.009375 0.009375
2 0.7453125 0.571875 0.0140625 0.0109375
2 0.7640625 0.5765625 0.0140625 0.0140625
2 0.73828125 0.5921875 0.0140625 0.0109375