2 0.36953125 0.1671875 0.021875 0.0171875
2 0.34921875 0.2078125 0.021875 0.0171875
2 0.31484375 0.21796875 0.021875 0.01875
2 0.45 0.14296875 0.015625 0.0140625
2 0.47421875 0.1734375 0.021875 0.0171875
2 0.60859375 0.16484375 0.021875 0.0203125
2 0.54921875 0.11796875 0.021875 0.0203125
2 0.528125 0.121875 0.0265625 0.0234375
2 0.50078125 0.14296875 0.015625 0.0171875
2 0.521875 0.146875 0.0171875 0.0171875
2 0.53515625 0.15625 0.021875 0.0234375
2 0.55 0.14296875 0.0171875 0.0234375
2 0.5671875 0.14296875 0.01875 0.0171875
2 0.58515625 0.12734375 0.021875 0.0171875
2 0.6015625 0.11484375 0.009375 0.0125
2 0.6140625 0.11640625 0.0125 0.0140625
2 0.62890625 0.10625 0.015625 0.0265625
2 0.61484375 0.0984375 0.0125 0.0140625
2 0.6046875 0.41171875 0.01875 0.0203125
2 0.59375 0.39921875 0.015625 0.0140625
2 0.6265625 0.409375 0.01875 0.015625
2 0.678125 0.3875 0.028125 0.0171875
2 0.646875 0.39921875 0.015625 0.0109375
2 0.58046875 0.41328125 0.015625 0.0125
2 0.57109375 0.42734375 0.01875 0.0171875
2 0.559375 0.415625 0.01875 0.0140625
2 0.55234375 0.42578125 0.0125 0.015625
2 0.50859375 0.40546875 0.0140625 0.0109375
2 0.490625 0.41328125 0.0140625 0.0140625
2 0.46875 0.41796875 0.0171875 0.0125
2 0.41484375 0.42109375 0.015625 0.0140625
2 0.4296875 0.421875 0.0109375 0.0125
2 0.39375 0.4203125 0.0140625 0.0140625
2 0.37578125 0.4203125 0.01875 0.0171875
2 0.74609375 0.35703125 0.009375 0.0125
2 0.71171875 0.41953125 0.0125 0.0140625
2 0.7265625 0.3890625 0.0171875 0.0140625
2 0.77578125 0.35625 0.015625 0.0140625
2 0.790625 0.36484375 0.009375 0.009375
2 0.809375 0.36015625 0.01875 0.015625
2 0.71015625 0.5 0.0125 0.0171875
2 0.71328125 0.52109375 0.01875 0.0171875
2 0.725 0.503125 0.0140625 0.015625
2 0.7640625 0.51484375 0.0171875 0.0140625
2 0.79140625 0.4828125 0.015625 0.0140625
2 0.80859375 0.490625 0.015625 0.0171875
2 0.7640625 0.43984375 0.0109375 0.015625
2 0.809375 0.41796875 0.01875 0.021875
2 0.8046875 0.39609375 0.0171875 0.0171875
2 0.82109375 0.38671875 0.015625 0.0140625
2 0.78359375 0.43515625 0.0078125 0.009375
2 0.79765625 0.434375 0.0125 0.0109375
2 0.81640625 0.43515625 0.0125 0.0140625
2 0.79296875 0.4546875 0.0125 0.0109375