2 0.378125 0.18828125 0.0234375 0.015625
2 0.359375 0.228125 0.0234375 0.015625
2 0.325 0.2359375 0.0234375 0.0171875
2 0.45703125 0.16953125 0.015625 0.0125
2 0.4828125 0.20078125 0.0234375 0.015625
2 0.6171875 0.2 0.0234375 0.01875
2 0.55546875 0.15 0.0234375 0.01875
2 0.534375 0.15234375 0.028125 0.021875
2 0.50859375 0.171875 0.0171875 0.015625
2 0.5296875 0.17734375 0.01875 0.015625
2 0.54375 0.1875 0.0234375 0.021875
2 0.5578125 0.175 0.01875 0.021875
2 0.575 0.17578125 0.0203125 0.015625
2 0.5921875 0.16171875 0.0234375 0.015625
2 0.6078125 0.15 0.009375 0.0125
2 0.6203125 0.15234375 0.0125 0.0125
2 0.63515625 0.1421875 0.0171875 0.025
2 0.62109375 0.134375 0.0125 0.0125
2 0.6234375 0.44609375 0.0203125 0.01875
2 0.61171875 0.43359375 0.015625 0.0125
2 0.6453125 0.44609375 0.0203125 0.0140625
2 0.69609375 0.4265625 0.0296875 0.015625
2 0.665625 0.43671875 0.015625 0.009375
2 0.59921875 0.446875 0.015625 0.0109375
2 0.58984375 0.46015625 0.0203125 0.015625
2 0.578125 0.4484375 0.01875 0.0125
2 0.57109375 0.4578125 0.0140625 0.0140625
2 0.5265625 0.434375 0.0140625 0.009375
2 0.509375 0.44140625 0.0140625 0.0125
2 0.4875 0.44453125 0.0171875 0.0109375
2 0.43359375 0.4453125 0.015625 0.0125
2 0.4484375 0.44609375 0.0109375 0.0109375
2 0.4125 0.44296875 0.0140625 0.0125
2 0.39453125 0.44140625 0.0203125 0.015625
2 0.76328125 0.4 0.009375 0.0125
2 0.73125 0.46015625 0.0125 0.0125
2 0.74453125 0.43125 0.0171875 0.0125
2 0.79296875 0.40078125 0.015625 0.0125
2 0.8078125 0.4109375 0.009375 0.009375
2 0.8265625 0.40703125 0.0203125 0.0140625
2 0.73359375 0.540625 0.0140625 0.015625
2 0.73671875 0.56171875 0.0203125 0.015625
2 0.74765625 0.5453125 0.015625 0.0140625
2 0.7875 0.559375 0.0171875 0.0125
2 0.8140625 0.52890625 0.015625 0.0125
2 0.83125 0.5375 0.0171875 0.015625
2 0.784375 0.48359375 0.0125 0.0140625
2 0.82890625 0.46484375 0.0203125 0.0203125
2 0.8234375 0.4421875 0.01875 0.015625
2 0.83984375 0.434375 0.015625 0.0125
2 0.80390625 0.48046875 0.0078125 0.009375
2 0.81796875 0.4796875 0.0125 0.009375
2 0.83671875 0.48203125 0.0125 0.0125
2 0.8140625 0.50078125 0.0125 0.009375