2 0.19453125 0.34375 0.015625 0.0234375
2 0.23359375 0.31796875 0.015625 0.0234375
2 0.24140625 0.2828125 0.0171875 0.0234375
2 0.17734375 0.42578125 0.0125 0.0171875
2 0.20859375 0.4453125 0.015625 0.0234375
2 0.21015625 0.5796875 0.01875 0.0234375
2 0.159375 0.52734375 0.01875 0.0234375
2 0.16171875 0.50546875 0.021875 0.0296875
2 0.18046875 0.4765625 0.015625 0.0171875
2 0.1859375 0.496875 0.015625 0.01875
2 0.196875 0.50859375 0.021875 0.025
2 0.184375 0.525 0.021875 0.0203125
2 0.1859375 0.5421875 0.015625 0.0203125
2 0.171875 0.56171875 0.015625 0.0234375
2 0.1609375 0.57890625 0.0125 0.0109375
2 0.1625 0.59140625 0.0125 0.0140625
2 0.153125 0.6078125 0.025 0.01875
2 0.14453125 0.5953125 0.0125 0.0140625
2 0.45703125 0.54296875 0.01875 0.0203125
2 0.44375 0.53359375 0.0125 0.0171875
2 0.45625 0.56484375 0.0140625 0.0203125
2 0.43828125 0.61875 0.015625 0.0296875
2 0.44765625 0.5859375 0.009375 0.0171875
2 0.45703125 0.51875 0.0109375 0.0171875
2 0.4703125 0.50703125 0.015625 0.0203125
2 0.4578125 0.49765625 0.0125 0.0203125
2 0.4671875 0.4890625 0.0140625 0.0140625
2 0.44296875 0.4484375 0.009375 0.015625
2 0.44921875 0.4296875 0.0125 0.015625
2 0.453125 0.4078125 0.0109375 0.01875
2 0.45234375 0.35390625 0.0125 0.0171875
2 0.45390625 0.36875 0.0109375 0.0125
2 0.44921875 0.3328125 0.0125 0.015625
2 0.44765625 0.315625 0.015625 0.0203125
2 0.4125 0.690625 0.0125 0.0109375
2 0.47265625 0.64765625 0.0125 0.0140625
2 0.44375 0.66640625 0.0125 0.01875
2 0.4140625 0.71953125 0.0125 0.0171875
2 0.42421875 0.7328125 0.009375 0.0109375
2 0.42109375 0.7515625 0.0140625 0.0203125
2 0.553125 0.6359375 0.015625 0.0140625
2 0.57421875 0.6359375 0.015625 0.0203125
2 0.5578125 0.64921875 0.0140625 0.015625
2 0.571875 0.68671875 0.0125 0.01875
2 0.5421875 0.71796875 0.0125 0.0171875
2 0.5515625 0.734375 0.015625 0.0171875
2 0.496875 0.696875 0.0140625 0.0125
2 0.47890625 0.74453125 0.0203125 0.021875
2 0.45625 0.74296875 0.015625 0.01875
2 0.4484375 0.76015625 0.0125 0.0171875
2 0.49375 0.71640625 0.009375 0.009375
2 0.49375 0.73046875 0.009375 0.0140625
2 0.49609375 0.74921875 0.0125 0.0140625
2 0.5140625 0.72265625 0.009375 0.0140625