2 0.3734375 0.196875 0.021875 0.015625
2 0.35390625 0.2359375 0.021875 0.015625
2 0.31953125 0.24296875 0.021875 0.0171875
2 0.453125 0.1796875 0.015625 0.0125
2 0.47734375 0.21171875 0.021875 0.015625
2 0.6125 0.2140625 0.021875 0.01875
2 0.5515625 0.1625 0.021875 0.01875
2 0.53046875 0.16484375 0.0265625 0.021875
2 0.50390625 0.18359375 0.015625 0.015625
2 0.525 0.1890625 0.0171875 0.015625
2 0.5390625 0.2 0.021875 0.021875
2 0.553125 0.1875 0.0171875 0.021875
2 0.5703125 0.1890625 0.01875 0.015625
2 0.58828125 0.175 0.021875 0.015625
2 0.60390625 0.1640625 0.009375 0.0125
2 0.61640625 0.16640625 0.0125 0.0125
2 0.63125 0.15703125 0.0171875 0.025
2 0.61796875 0.1484375 0.0125 0.0125
2 0.61328125 0.46015625 0.01875 0.01875
2 0.6015625 0.446875 0.015625 0.0125
2 0.63515625 0.46015625 0.01875 0.0140625
2 0.6859375 0.4421875 0.028125 0.015625
2 0.6546875 0.4515625 0.015625 0.009375
2 0.5890625 0.46015625 0.015625 0.0109375
2 0.57890625 0.4734375 0.01875 0.015625
2 0.56796875 0.4609375 0.01875 0.0125
2 0.56015625 0.4703125 0.0125 0.0140625
2 0.51640625 0.44609375 0.0140625 0.009375
2 0.4984375 0.45234375 0.0140625 0.0125
2 0.4765625 0.45546875 0.0171875 0.0109375
2 0.42265625 0.4546875 0.015625 0.0125
2 0.4375 0.45625 0.0109375 0.0109375
2 0.4015625 0.4515625 0.0140625 0.0125
2 0.38359375 0.45 0.01875 0.015625
2 0.75390625 0.4171875 0.009375 0.0125
2 0.71953125 0.4765625 0.0125 0.0125
2 0.734375 0.44765625 0.0171875 0.0125
2 0.78359375 0.41875 0.015625 0.0125
2 0.79765625 0.42890625 0.009375 0.009375
2 0.81640625 0.42578125 0.01875 0.0140625
2 0.7203125 0.55703125 0.0125 0.015625
2 0.7234375 0.578125 0.01875 0.015625
2 0.734375 0.56171875 0.0140625 0.0140625
2 0.77421875 0.5765625 0.0171875 0.0125
2 0.80078125 0.546875 0.015625 0.0125
2 0.81875 0.55625 0.015625 0.015625
2 0.77265625 0.5015625 0.0109375 0.0140625
2 0.81796875 0.48359375 0.01875 0.0203125
2 0.81328125 0.4609375 0.0171875 0.015625
2 0.82890625 0.453125 0.015625 0.0125
2 0.7921875 0.4984375 0.0078125 0.009375
2 0.80625 0.4984375 0.0125 0.009375
2 0.825 0.50078125 0.0125 0.0125
2 0.8015625 0.51875 0.0125 0.009375