2 0.36875 0.15625 0.021875 0.01875
2 0.3484375 0.19765625 0.021875 0.01875
2 0.3140625 0.20859375 0.021875 0.0203125
2 0.44921875 0.13046875 0.015625 0.0140625
2 0.47265625 0.159375 0.021875 0.01875
2 0.60703125 0.146875 0.021875 0.021875
2 0.54765625 0.1015625 0.021875 0.021875
2 0.5265625 0.10625 0.0265625 0.025
2 0.5 0.128125 0.015625 0.0171875
2 0.52109375 0.13125 0.0171875 0.0171875
2 0.534375 0.140625 0.021875 0.025
2 0.54921875 0.1265625 0.0171875 0.0234375
2 0.56640625 0.1265625 0.01875 0.0171875
2 0.584375 0.11015625 0.021875 0.01875
2 0.6 0.09765625 0.009375 0.0140625
2 0.6125 0.0984375 0.0125 0.0140625
2 0.62734375 0.0875 0.015625 0.0265625
2 0.6140625 0.08046875 0.0125 0.0140625
2 0.60234375 0.39375 0.01875 0.0203125
2 0.59140625 0.38203125 0.015625 0.0140625
2 0.62421875 0.39140625 0.01875 0.015625
2 0.67578125 0.36796875 0.028125 0.01875
2 0.64453125 0.38046875 0.015625 0.0109375
2 0.578125 0.396875 0.015625 0.0125
2 0.56796875 0.4109375 0.01875 0.0171875
2 0.55703125 0.4 0.01875 0.0140625
2 0.54921875 0.41015625 0.0125 0.015625
2 0.50625 0.390625 0.0140625 0.0109375
2 0.48828125 0.3984375 0.0140625 0.0140625
2 0.46640625 0.4046875 0.0171875 0.0125
2 0.4125 0.409375 0.015625 0.0140625
2 0.42734375 0.409375 0.0109375 0.0125
2 0.39140625 0.40859375 0.0140625 0.0140625
2 0.3734375 0.409375 0.01875 0.0171875
2 0.74375 0.33515625 0.009375 0.0140625
2 0.70859375 0.3984375 0.0125 0.0140625
2 0.72421875 0.36796875 0.0171875 0.0140625
2 0.7734375 0.33359375 0.015625 0.0140625
2 0.7875 0.3421875 0.009375 0.0109375
2 0.80625 0.33671875 0.01875 0.015625
2 0.70703125 0.47890625 0.0125 0.0171875
2 0.71015625 0.5 0.01875 0.0171875
2 0.72109375 0.48203125 0.0140625 0.015625
2 0.7609375 0.49296875 0.0171875 0.0140625
2 0.78828125 0.46015625 0.015625 0.0140625
2 0.80546875 0.4671875 0.015625 0.0171875
2 0.7609375 0.41796875 0.0109375 0.015625
2 0.80625 0.39453125 0.01875 0.021875
2 0.80234375 0.37265625 0.0171875 0.0171875
2 0.81875 0.3625 0.015625 0.0140625
2 0.78046875 0.4125 0.0078125 0.0109375
2 0.79453125 0.4109375 0.0125 0.0109375
2 0.81328125 0.4109375 0.0125 0.0140625
2 0.78984375 0.43203125 0.0125 0.0109375