2 0.19453125 0.3515625 0.015625 0.0234375
2 0.23359375 0.32734375 0.015625 0.0234375
2 0.24140625 0.2921875 0.0171875 0.0234375
2 0.17734375 0.43359375 0.0125 0.0171875
2 0.20859375 0.45390625 0.015625 0.0234375
2 0.21015625 0.58828125 0.01875 0.0234375
2 0.159375 0.53359375 0.01875 0.0234375
2 0.16171875 0.5125 0.021875 0.028125
2 0.18046875 0.48359375 0.015625 0.0171875
2 0.1859375 0.5046875 0.015625 0.01875
2 0.196875 0.5171875 0.021875 0.0234375
2 0.184375 0.5328125 0.021875 0.01875
2 0.1859375 0.55 0.015625 0.0203125
2 0.171875 0.56875 0.015625 0.0234375
2 0.1609375 0.5859375 0.0125 0.0109375
2 0.1625 0.5984375 0.0125 0.0140625
2 0.153125 0.6140625 0.025 0.0171875
2 0.14453125 0.6015625 0.0125 0.0140625
2 0.45703125 0.56171875 0.01875 0.0203125
2 0.44375 0.55234375 0.0125 0.0171875
2 0.45625 0.58359375 0.0140625 0.0203125
2 0.43828125 0.63671875 0.015625 0.0296875
2 0.44765625 0.6046875 0.009375 0.015625
2 0.45703125 0.5375 0.0109375 0.0171875
2 0.4703125 0.5265625 0.015625 0.0203125
2 0.4578125 0.51640625 0.0125 0.0203125
2 0.4671875 0.5078125 0.0140625 0.0140625
2 0.44296875 0.4671875 0.009375 0.0140625
2 0.44921875 0.4484375 0.0125 0.015625
2 0.453125 0.4265625 0.0109375 0.01875
2 0.45234375 0.37265625 0.0125 0.0171875
2 0.45390625 0.3875 0.0109375 0.0125
2 0.44921875 0.3515625 0.0125 0.015625
2 0.44765625 0.33359375 0.015625 0.0203125
2 0.4125 0.7078125 0.0125 0.0109375
2 0.47265625 0.6671875 0.0125 0.0140625
2 0.44375 0.68515625 0.0125 0.01875
2 0.4140625 0.73671875 0.0125 0.0171875
2 0.42421875 0.75 0.009375 0.009375
2 0.42109375 0.76953125 0.0140625 0.0203125
2 0.553125 0.65859375 0.015625 0.0140625
2 0.57421875 0.659375 0.015625 0.0203125
2 0.5578125 0.67265625 0.0140625 0.015625
2 0.571875 0.71015625 0.0125 0.01875
2 0.5421875 0.740625 0.0125 0.0171875
2 0.5515625 0.75703125 0.015625 0.0171875
2 0.496875 0.7171875 0.0140625 0.0125
2 0.47890625 0.7640625 0.0203125 0.0203125
2 0.45625 0.76171875 0.015625 0.01875
2 0.4484375 0.77890625 0.0125 0.0171875
2 0.49375 0.7375 0.009375 0.0078125
2 0.49375 0.7515625 0.009375 0.0125
2 0.49609375 0.76953125 0.0125 0.0140625
2 0.5140625 0.74453125 0.009375 0.0125