2 0.21640625 0.34375 0.0171875 0.0234375
2 0.25390625 0.31796875 0.0171875 0.0234375
2 0.259375 0.2828125 0.01875 0.0234375
2 0.203125 0.42578125 0.0140625 0.0171875
2 0.23671875 0.4453125 0.0171875 0.0234375
2 0.24609375 0.5796875 0.0203125 0.0234375
2 0.19140625 0.52734375 0.0203125 0.0234375
2 0.1921875 0.50546875 0.0234375 0.0296875
2 0.209375 0.4765625 0.0171875 0.0171875
2 0.21640625 0.496875 0.0171875 0.01875
2 0.228125 0.50859375 0.0234375 0.025
2 0.21640625 0.525 0.0234375 0.0203125
2 0.21875 0.5421875 0.0171875 0.0203125
2 0.20546875 0.56171875 0.0171875 0.0234375
2 0.1953125 0.57890625 0.0125 0.0109375
2 0.1984375 0.59140625 0.0125 0.0140625
2 0.18984375 0.6078125 0.0265625 0.01875
2 0.18046875 0.5953125 0.0125 0.0140625
2 0.49140625 0.54296875 0.0203125 0.0203125
2 0.47734375 0.53359375 0.0140625 0.0171875
2 0.49296875 0.56484375 0.015625 0.0203125
2 0.47734375 0.61875 0.0171875 0.0296875
2 0.48515625 0.5859375 0.0109375 0.0171875
2 0.48984375 0.51875 0.0125 0.0171875
2 0.503125 0.50703125 0.0171875 0.0203125
2 0.48984375 0.49765625 0.0140625 0.0203125
2 0.4984375 0.4890625 0.0140625 0.0140625
2 0.47265625 0.4484375 0.009375 0.015625
2 0.47734375 0.4296875 0.0125 0.015625
2 0.4796875 0.4078125 0.0125 0.01875
2 0.47578125 0.35390625 0.0140625 0.0171875
2 0.478125 0.36875 0.0109375 0.0125
2 0.471875 0.3328125 0.0125 0.015625
2 0.46953125 0.315625 0.0171875 0.0203125
2 0.45625 0.690625 0.0125 0.0109375
2 0.51328125 0.64765625 0.0125 0.0140625
2 0.48515625 0.66640625 0.0140625 0.01875
2 0.459375 0.71953125 0.0140625 0.0171875
2 0.4703125 0.7328125 0.009375 0.0109375
2 0.46796875 0.7515625 0.015625 0.0203125
2 0.59375 0.6359375 0.015625 0.0140625
2 0.61484375 0.6359375 0.0171875 0.0203125
2 0.59921875 0.64921875 0.0140625 0.015625
2 0.61640625 0.68671875 0.0140625 0.01875
2 0.5875 0.71796875 0.0140625 0.0171875
2 0.5984375 0.734375 0.0171875 0.0171875
2 0.54140625 0.696875 0.0140625 0.0125
2 0.52578125 0.74453125 0.021875 0.021875
2 0.50234375 0.74296875 0.0171875 0.01875
2 0.49609375 0.76015625 0.0140625 0.0171875
2 0.5390625 0.71640625 0.009375 0.009375
2 0.53984375 0.73046875 0.009375 0.0140625
2 0.54296875 0.74921875 0.0125 0.0140625
2 0.56015625 0.72265625 0.009375 0.0140625