2 0.184375 0.37109375 0.015625 0.021875
2 0.22421875 0.35078125 0.015625 0.021875
2 0.23203125 0.31640625 0.0171875 0.021875
2 0.1640625 0.45078125 0.0125 0.015625
2 0.1953125 0.475 0.015625 0.021875
2 0.19296875 0.609375 0.01875 0.021875
2 0.14375 0.55 0.01875 0.021875
2 0.146875 0.52890625 0.0234375 0.0265625
2 0.16640625 0.5015625 0.015625 0.015625
2 0.17109375 0.5234375 0.015625 0.0171875
2 0.18125 0.53671875 0.021875 0.021875
2 0.16875 0.5515625 0.021875 0.0171875
2 0.16953125 0.56875 0.015625 0.01875
2 0.1546875 0.5859375 0.015625 0.021875
2 0.14296875 0.60234375 0.0125 0.009375
2 0.1453125 0.61484375 0.0125 0.0125
2 0.13515625 0.6296875 0.025 0.015625
2 0.12734375 0.615625 0.0125 0.0125
2 0.4390625 0.6078125 0.01875 0.01875
2 0.4265625 0.59609375 0.0125 0.015625
2 0.43828125 0.6296875 0.0140625 0.01875
2 0.41875 0.68046875 0.0171875 0.028125
2 0.42890625 0.64921875 0.009375 0.015625
2 0.43984375 0.58359375 0.0109375 0.015625
2 0.45390625 0.5734375 0.015625 0.01875
2 0.44140625 0.5625 0.0125 0.01875
2 0.4515625 0.5546875 0.0140625 0.0125
2 0.42890625 0.5109375 0.009375 0.0140625
2 0.43515625 0.49296875 0.0125 0.0140625
2 0.4390625 0.471875 0.0109375 0.0171875
2 0.440625 0.41796875 0.0125 0.015625
2 0.44140625 0.4328125 0.0109375 0.0109375
2 0.43828125 0.39609375 0.0125 0.0140625
2 0.4375 0.378125 0.015625 0.01875
2 0.39140625 0.7484375 0.0125 0.009375
2 0.45234375 0.7140625 0.0125 0.0125
2 0.42265625 0.72890625 0.0125 0.0171875
2 0.3921875 0.778125 0.0125 0.015625
2 0.4015625 0.79296875 0.009375 0.009375
2 0.39765625 0.81171875 0.0140625 0.01875
2 0.5328125 0.7140625 0.015625 0.0125
2 0.55390625 0.71640625 0.015625 0.01875
2 0.53671875 0.728125 0.0140625 0.0140625
2 0.55 0.7671875 0.0125 0.0171875
2 0.51953125 0.79453125 0.0125 0.015625
2 0.528125 0.8125 0.015625 0.015625
2 0.475 0.7671875 0.0140625 0.0109375
2 0.45546875 0.81171875 0.0203125 0.01875
2 0.4328125 0.8078125 0.015625 0.0171875
2 0.425 0.8234375 0.0125 0.015625
2 0.47109375 0.78671875 0.009375 0.0078125
2 0.47109375 0.80078125 0.009375 0.0125
2 0.47265625 0.81953125 0.0125 0.0125
2 0.49140625 0.7953125 0.009375 0.0125