2 0.209375 0.37578125 0.015625 0.021875
2 0.24765625 0.35625 0.015625 0.021875
2 0.25390625 0.321875 0.0171875 0.0234375
2 0.1953125 0.45546875 0.0125 0.015625
2 0.228125 0.48046875 0.015625 0.021875
2 0.23515625 0.61484375 0.01875 0.0234375
2 0.18125 0.55390625 0.01875 0.0234375
2 0.1828125 0.5328125 0.0234375 0.028125
2 0.20078125 0.50625 0.015625 0.015625
2 0.20703125 0.52734375 0.015625 0.0171875
2 0.21875 0.54140625 0.021875 0.0234375
2 0.20625 0.55546875 0.021875 0.01875
2 0.20859375 0.57265625 0.015625 0.01875
2 0.1953125 0.58984375 0.015625 0.021875
2 0.18515625 0.60625 0.0125 0.009375
2 0.1875 0.61875 0.0125 0.0125
2 0.17890625 0.6328125 0.025 0.0171875
2 0.16953125 0.61953125 0.0125 0.0125
2 0.48125 0.61796875 0.01875 0.0203125
2 0.4671875 0.60703125 0.0125 0.015625
2 0.48203125 0.63984375 0.0140625 0.01875
2 0.465625 0.690625 0.0171875 0.028125
2 0.47421875 0.66015625 0.009375 0.015625
2 0.48046875 0.59375 0.0109375 0.015625
2 0.49296875 0.584375 0.015625 0.01875
2 0.48046875 0.57265625 0.0125 0.01875
2 0.4890625 0.565625 0.0140625 0.0125
2 0.46328125 0.521875 0.009375 0.0140625
2 0.46953125 0.50390625 0.0125 0.0140625
2 0.471875 0.48203125 0.0109375 0.0171875
2 0.46875 0.428125 0.0125 0.015625
2 0.47109375 0.44296875 0.0109375 0.0109375
2 0.46484375 0.40703125 0.0125 0.0140625
2 0.4625 0.3890625 0.015625 0.01875
2 0.44296875 0.75859375 0.0125 0.009375
2 0.50078125 0.725 0.0125 0.0125
2 0.47265625 0.73984375 0.0125 0.0171875
2 0.4453125 0.78828125 0.0125 0.015625
2 0.45625 0.803125 0.009375 0.009375
2 0.45390625 0.82109375 0.0140625 0.01875
2 0.58125 0.7265625 0.015625 0.0125
2 0.60234375 0.7296875 0.015625 0.01875
2 0.58671875 0.740625 0.0140625 0.0140625
2 0.603125 0.78046875 0.0125 0.0171875
2 0.57421875 0.8078125 0.0125 0.015625
2 0.584375 0.825 0.015625 0.015625
2 0.528125 0.77890625 0.0140625 0.0109375
2 0.51171875 0.8234375 0.0203125 0.0203125
2 0.4890625 0.81796875 0.015625 0.0171875
2 0.48125 0.834375 0.0125 0.015625
2 0.52578125 0.7984375 0.009375 0.0078125
2 0.52578125 0.8125 0.009375 0.0125
2 0.52890625 0.83125 0.0125 0.0125
2 0.54609375 0.8078125 0.009375 0.0125