2 0.34921875 0.21171875 0.0234375 0.0171875
2 0.325 0.25 0.0234375 0.0171875
2 0.28984375 0.25546875 0.0234375 0.01875
2 0.43125 0.19765625 0.0171875 0.0125
2 0.4515625 0.23125 0.0234375 0.0171875
2 0.5859375 0.2390625 0.0234375 0.0203125
2 0.53203125 0.184375 0.0234375 0.0203125
2 0.5109375 0.1859375 0.028125 0.0234375
2 0.48125 0.20390625 0.0171875 0.015625
2 0.50234375 0.21015625 0.01875 0.015625
2 0.51484375 0.221875 0.0234375 0.0234375
2 0.53046875 0.21015625 0.01875 0.021875
2 0.54765625 0.21171875 0.0203125 0.015625
2 0.56640625 0.1984375 0.0234375 0.0171875
2 0.584375 0.18828125 0.0109375 0.0125
2 0.59609375 0.19140625 0.0140625 0.0125
2 0.61171875 0.1828125 0.0171875 0.025
2 0.59921875 0.1734375 0.0140625 0.0125
2 0.55625 0.484375 0.0203125 0.01875
2 0.546875 0.47109375 0.0171875 0.0125
2 0.578125 0.48515625 0.0203125 0.0140625
2 0.63125 0.46953125 0.0296875 0.0171875
2 0.59921875 0.47734375 0.0171875 0.009375
2 0.53203125 0.48359375 0.0171875 0.0109375
2 0.52109375 0.49609375 0.0203125 0.015625
2 0.5109375 0.48359375 0.0203125 0.0125
2 0.50234375 0.4921875 0.0140625 0.0140625
2 0.46171875 0.46640625 0.015625 0.009375
2 0.44296875 0.471875 0.015625 0.0125
2 0.42109375 0.47421875 0.01875 0.0109375
2 0.3671875 0.47109375 0.0171875 0.0125
2 0.38203125 0.4734375 0.0125 0.0109375
2 0.34609375 0.4671875 0.015625 0.0125
2 0.32890625 0.46484375 0.0203125 0.015625
2 0.70234375 0.44765625 0.0109375 0.0125
2 0.66171875 0.50546875 0.0140625 0.0125
2 0.6796875 0.4765625 0.01875 0.0125
2 0.73203125 0.45 0.0171875 0.0125
2 0.7453125 0.4609375 0.0109375 0.009375
2 0.7640625 0.45859375 0.0203125 0.0140625
2 0.65234375 0.5859375 0.0140625 0.015625
2 0.65234375 0.60703125 0.0203125 0.015625
2 0.665625 0.590625 0.015625 0.0140625
2 0.703125 0.60703125 0.01875 0.0125
2 0.734375 0.57890625 0.0171875 0.0125
2 0.75078125 0.5890625 0.0171875 0.015625
2 0.71171875 0.53203125 0.0125 0.0140625
2 0.75859375 0.51640625 0.0203125 0.0203125
2 0.75625 0.49375 0.01875 0.015625
2 0.7734375 0.4859375 0.0171875 0.0125
2 0.73125 0.5296875 0.009375 0.009375
2 0.7453125 0.53046875 0.0140625 0.009375
2 0.7640625 0.53359375 0.0140625 0.0125
2 0.73828125 0.55078125 0.0140625 0.009375