2 0.22890625 0.3515625 0.0171875 0.0234375
2 0.26640625 0.32734375 0.0171875 0.0234375
2 0.2703125 0.2921875 0.01875 0.0234375
2 0.21875 0.43359375 0.0140625 0.0171875
2 0.253125 0.45390625 0.0171875 0.0234375
2 0.2671875 0.58828125 0.0203125 0.0234375
2 0.21015625 0.53359375 0.0203125 0.0234375
2 0.2109375 0.5125 0.0234375 0.028125
2 0.22734375 0.48359375 0.0171875 0.0171875
2 0.234375 0.5046875 0.0171875 0.01875
2 0.246875 0.5171875 0.0234375 0.0234375
2 0.23515625 0.5328125 0.0234375 0.01875
2 0.23828125 0.55 0.0171875 0.0203125
2 0.22578125 0.56875 0.0171875 0.0234375
2 0.21640625 0.5859375 0.0140625 0.0109375
2 0.21953125 0.5984375 0.0140625 0.0140625
2 0.21171875 0.6140625 0.0265625 0.0171875
2 0.20234375 0.6015625 0.0140625 0.0140625
2 0.5125 0.56171875 0.0203125 0.0203125
2 0.4984375 0.55234375 0.0140625 0.0171875
2 0.5140625 0.58359375 0.015625 0.0203125
2 0.50078125 0.63671875 0.01875 0.0296875
2 0.5078125 0.6046875 0.0109375 0.015625
2 0.51015625 0.5375 0.0125 0.0171875
2 0.52265625 0.5265625 0.0171875 0.0203125
2 0.509375 0.51640625 0.0140625 0.0203125
2 0.51796875 0.5078125 0.015625 0.0140625
2 0.48984375 0.4671875 0.0109375 0.0140625
2 0.49453125 0.4484375 0.0140625 0.015625
2 0.49609375 0.4265625 0.0125 0.01875
2 0.490625 0.37265625 0.0140625 0.0171875
2 0.49296875 0.3875 0.0125 0.0125
2 0.48515625 0.3515625 0.0140625 0.015625
2 0.48203125 0.33359375 0.0171875 0.0203125
2 0.48203125 0.7078125 0.0140625 0.0109375
2 0.53828125 0.6671875 0.0140625 0.0140625
2 0.51015625 0.68515625 0.0140625 0.01875
2 0.4859375 0.73671875 0.0140625 0.0171875
2 0.49765625 0.75 0.0109375 0.009375
2 0.49609375 0.76953125 0.015625 0.0203125
2 0.61796875 0.65859375 0.0171875 0.0140625
2 0.63984375 0.659375 0.0171875 0.0203125
2 0.62421875 0.67265625 0.015625 0.015625
2 0.6421875 0.71015625 0.0140625 0.01875
2 0.615625 0.740625 0.0140625 0.0171875
2 0.6265625 0.75703125 0.0171875 0.0171875
2 0.56796875 0.7171875 0.015625 0.0125
2 0.55390625 0.7640625 0.021875 0.0203125
2 0.53046875 0.76171875 0.0171875 0.01875
2 0.52421875 0.77890625 0.0140625 0.0171875
2 0.56640625 0.7375 0.009375 0.0078125
2 0.5671875 0.7515625 0.0109375 0.0125
2 0.57109375 0.76953125 0.0140625 0.0140625
2 0.5875 0.74453125 0.0109375 0.0125