2 0.196875 0.34921875 0.015625 0.0234375
2 0.2359375 0.325 0.015625 0.0234375
2 0.24296875 0.28984375 0.0171875 0.0234375
2 0.1796875 0.43125 0.0125 0.0171875
2 0.21171875 0.4515625 0.015625 0.0234375
2 0.2140625 0.5859375 0.01875 0.0234375
2 0.1625 0.53203125 0.01875 0.0234375
2 0.16484375 0.5109375 0.021875 0.028125
2 0.18359375 0.48125 0.015625 0.0171875
2 0.1890625 0.50234375 0.015625 0.01875
2 0.2 0.51484375 0.021875 0.0234375
2 0.1875 0.53046875 0.021875 0.01875
2 0.1890625 0.54765625 0.015625 0.0203125
2 0.175 0.56640625 0.015625 0.0234375
2 0.1640625 0.584375 0.0125 0.0109375
2 0.16640625 0.59609375 0.0125 0.0140625
2 0.15703125 0.61171875 0.025 0.0171875
2 0.1484375 0.59921875 0.0125 0.0140625
2 0.46015625 0.55625 0.01875 0.0203125
2 0.446875 0.546875 0.0125 0.0171875
2 0.46015625 0.578125 0.0140625 0.0203125
2 0.4421875 0.63125 0.015625 0.0296875
2 0.4515625 0.59921875 0.009375 0.0171875
2 0.46015625 0.53203125 0.0109375 0.0171875
2 0.4734375 0.52109375 0.015625 0.0203125
2 0.4609375 0.5109375 0.0125 0.0203125
2 0.4703125 0.50234375 0.0140625 0.0140625
2 0.44609375 0.46171875 0.009375 0.015625
2 0.45234375 0.44296875 0.0125 0.015625
2 0.45546875 0.42109375 0.0109375 0.01875
2 0.4546875 0.3671875 0.0125 0.0171875
2 0.45625 0.38203125 0.0109375 0.0125
2 0.4515625 0.34609375 0.0125 0.015625
2 0.45 0.32890625 0.015625 0.0203125
2 0.4171875 0.70234375 0.0125 0.0109375
2 0.4765625 0.66171875 0.0125 0.0140625
2 0.44765625 0.6796875 0.0125 0.01875
2 0.41875 0.73203125 0.0125 0.0171875
2 0.42890625 0.7453125 0.009375 0.0109375
2 0.42578125 0.7640625 0.0140625 0.0203125
2 0.55703125 0.65234375 0.015625 0.0140625
2 0.578125 0.65234375 0.015625 0.0203125
2 0.56171875 0.665625 0.0140625 0.015625
2 0.5765625 0.703125 0.0125 0.01875
2 0.546875 0.734375 0.0125 0.0171875
2 0.55625 0.75078125 0.015625 0.0171875
2 0.5015625 0.71171875 0.0140625 0.0125
2 0.48359375 0.75859375 0.0203125 0.0203125
2 0.4609375 0.75625 0.015625 0.01875
2 0.453125 0.7734375 0.0125 0.0171875
2 0.4984375 0.73125 0.009375 0.009375
2 0.4984375 0.7453125 0.009375 0.0140625
2 0.50078125 0.7640625 0.0125 0.0140625
2 0.51875 0.73828125 0.009375 0.0140625