2 0.37109375 0.19921875 0.021875 0.015625
2 0.35078125 0.23828125 0.021875 0.015625
2 0.31640625 0.24453125 0.021875 0.0171875
2 0.45078125 0.18203125 0.015625 0.0125
2 0.475 0.21484375 0.021875 0.015625
2 0.609375 0.21796875 0.021875 0.01875
2 0.55 0.165625 0.021875 0.01875
2 0.52890625 0.16796875 0.0265625 0.021875
2 0.5015625 0.18671875 0.015625 0.015625
2 0.5234375 0.1921875 0.0171875 0.015625
2 0.53671875 0.203125 0.021875 0.021875
2 0.5515625 0.190625 0.0171875 0.021875
2 0.56875 0.1921875 0.01875 0.015625
2 0.5859375 0.178125 0.021875 0.015625
2 0.60234375 0.1671875 0.009375 0.0125
2 0.61484375 0.1703125 0.0125 0.0125
2 0.6296875 0.1609375 0.015625 0.025
2 0.615625 0.15234375 0.0125 0.0125
2 0.6078125 0.46328125 0.01875 0.01875
2 0.59609375 0.45 0.015625 0.0125
2 0.6296875 0.4640625 0.01875 0.0140625
2 0.68046875 0.44609375 0.028125 0.015625
2 0.64921875 0.45546875 0.015625 0.009375
2 0.58359375 0.46328125 0.015625 0.0109375
2 0.5734375 0.4765625 0.01875 0.015625
2 0.5625 0.4640625 0.01875 0.0125
2 0.5546875 0.4734375 0.0125 0.0140625
2 0.5109375 0.44921875 0.0140625 0.009375
2 0.49296875 0.45546875 0.0140625 0.0125
2 0.471875 0.4578125 0.0171875 0.0109375
2 0.41796875 0.45703125 0.015625 0.0125
2 0.4328125 0.45859375 0.0109375 0.0109375
2 0.39609375 0.45390625 0.0140625 0.0125
2 0.378125 0.45234375 0.01875 0.015625
2 0.7484375 0.421875 0.009375 0.0125
2 0.7140625 0.48046875 0.0125 0.0125
2 0.72890625 0.4515625 0.0171875 0.0125
2 0.778125 0.4234375 0.015625 0.0125
2 0.79296875 0.43359375 0.009375 0.009375
2 0.81171875 0.43046875 0.01875 0.0140625
2 0.7140625 0.5609375 0.0125 0.015625
2 0.71640625 0.58203125 0.01875 0.015625
2 0.728125 0.565625 0.0140625 0.0140625
2 0.7671875 0.58125 0.0171875 0.0125
2 0.79453125 0.5515625 0.015625 0.0125
2 0.8125 0.5609375 0.015625 0.015625
2 0.7671875 0.50625 0.0109375 0.0140625
2 0.81171875 0.48828125 0.01875 0.0203125
2 0.8078125 0.465625 0.0171875 0.015625
2 0.8234375 0.4578125 0.015625 0.0125
2 0.78671875 0.503125 0.0078125 0.009375
2 0.80078125 0.503125 0.0125 0.009375
2 0.81953125 0.50546875 0.0125 0.0125
2 0.7953125 0.5234375 0.0125 0.009375