2 0.190625 0.359375 0.015625 0.021875
2 0.2296875 0.33671875 0.015625 0.021875
2 0.2375 0.30234375 0.0171875 0.021875
2 0.171875 0.440625 0.0125 0.015625
2 0.203125 0.46328125 0.015625 0.021875
2 0.203125 0.596875 0.01875 0.021875
2 0.153125 0.540625 0.01875 0.021875
2 0.15546875 0.51953125 0.021875 0.0265625
2 0.175 0.49140625 0.015625 0.015625
2 0.1796875 0.5125 0.015625 0.0171875
2 0.190625 0.525 0.021875 0.021875
2 0.178125 0.540625 0.021875 0.0171875
2 0.17890625 0.5578125 0.015625 0.01875
2 0.16484375 0.57578125 0.015625 0.021875
2 0.15390625 0.59296875 0.0125 0.009375
2 0.15546875 0.60546875 0.0125 0.0125
2 0.14609375 0.6203125 0.025 0.0171875
2 0.1375 0.60703125 0.0125 0.0125
2 0.45 0.58046875 0.01875 0.01875
2 0.43671875 0.5703125 0.0125 0.015625
2 0.44921875 0.60234375 0.0140625 0.01875
2 0.43046875 0.6546875 0.015625 0.028125
2 0.440625 0.6234375 0.009375 0.015625
2 0.45 0.55625 0.0109375 0.015625
2 0.46328125 0.54609375 0.015625 0.01875
2 0.4515625 0.53515625 0.0125 0.01875
2 0.4609375 0.52734375 0.0140625 0.0125
2 0.4375 0.48515625 0.009375 0.0140625
2 0.44375 0.4671875 0.0125 0.0140625
2 0.44765625 0.4453125 0.0109375 0.0171875
2 0.44765625 0.39140625 0.0125 0.015625
2 0.44921875 0.40625 0.0109375 0.0109375
2 0.44453125 0.3703125 0.0125 0.0140625
2 0.44375 0.35234375 0.015625 0.01875
2 0.40390625 0.72421875 0.0125 0.009375
2 0.4640625 0.68671875 0.0125 0.0125
2 0.43515625 0.703125 0.0125 0.0171875
2 0.40546875 0.75390625 0.0125 0.015625
2 0.415625 0.76796875 0.009375 0.009375
2 0.41171875 0.78671875 0.0140625 0.01875
2 0.54453125 0.68125 0.015625 0.0125
2 0.565625 0.6828125 0.015625 0.01875
2 0.54921875 0.6953125 0.0140625 0.0140625
2 0.56328125 0.73359375 0.0125 0.0171875
2 0.53359375 0.76328125 0.0125 0.015625
2 0.5421875 0.7796875 0.015625 0.015625
2 0.48828125 0.73828125 0.0140625 0.0109375
2 0.46953125 0.78359375 0.0203125 0.01875
2 0.446875 0.78046875 0.015625 0.0171875
2 0.4390625 0.79765625 0.0125 0.015625
2 0.48515625 0.7578125 0.009375 0.0078125
2 0.484375 0.771875 0.009375 0.0125
2 0.48671875 0.790625 0.0125 0.0125
2 0.5046875 0.765625 0.009375 0.0125