2 0.63359375 0.40625 0.05 0.04375
2 0.609375 0.4515625 0.0484375 0.0546875
2 0.5484375 0.5328125 0.0296875 0.025
2 0.571875 0.46328125 0.0296875 0.0328125
2 0.54140625 0.359375 0.0359375 0.0265625
2 0.3765625 0.35078125 0.025 0.0265625
2 0.3765625 0.371875 0.028125 0.034375
2 0.54296875 0.275 0.05625 0.04375
2 0.5140625 0.29609375 0.040625 0.0265625
2 0.4671875 0.2765625 0.0328125 0.0375
2 0.4734375 0.21640625 0.0359375 0.034375
2 0.33828125 0.24609375 0.0203125 0.03125
2 0.31640625 0.2453125 0.0328125 0.028125
2 0.4671875 0.13828125 0.0359375 0.0390625
2 0.39609375 0.22109375 0.0296875 0.03125
2 0.44375 0.221875 0.0265625 0.0328125
2 0.5890625 0.19296875 0.0390625 0.0296875
2 0.5765625 0.1578125 0.021875 0.0265625
2 0.553125 0.2015625 0.028125 0.0328125
2 0.628125 0.14140625 0.0375 0.0421875
2 0.6375 0.1 0.0328125 0.034375
2 0.69296875 0.29375 0.0390625 0.0375
2 0.68515625 0.378125 0.0484375 0.0421875
2 0.659375 0.51796875 0.0390625 0.0484375
2 0.43203125 0.19609375 0.04375 0.0484375