2 0.6609375 0.434375 0.0375 0.05
2 0.6125 0.4578125 0.05 0.0484375
2 0.521875 0.51875 0.021875 0.0296875
2 0.5953125 0.49609375 0.0296875 0.0296875
2 0.69609375 0.5265625 0.021875 0.0359375
2 0.6828125 0.69140625 0.0234375 0.025
2 0.66171875 0.69140625 0.03125 0.028125
2 0.78125 0.525 0.0375 0.05625
2 0.75703125 0.55390625 0.021875 0.040625
2 0.7703125 0.6015625 0.034375 0.034375
2 0.83125 0.5953125 0.0296875 0.0359375
2 0.784375 0.73046875 0.0296875 0.0203125
2 0.78203125 0.75234375 0.025 0.0328125
2 0.909375 0.60234375 0.034375 0.0375
2 0.8171875 0.67265625 0.028125 0.0296875
2 0.82265625 0.625 0.0296875 0.0265625
2 0.8703125 0.4796875 0.025 0.0390625
2 0.90390625 0.4921875 0.0234375 0.021875
2 0.85625 0.515625 0.0296875 0.028125
2 0.9265625 0.44140625 0.0375 0.0375
2 0.9703125 0.43203125 0.03125 0.0328125
2 0.78203125 0.37578125 0.0328125 0.0390625
2 0.69609375 0.38359375 0.0375 0.0484375
2 0.5515625 0.4078125 0.04375 0.0390625
2 0.84609375 0.63671875 0.04375 0.04375