2 0.628125 0.409375 0.0484375 0.04375
2 0.603125 0.4546875 0.046875 0.05625
2 0.53984375 0.5359375 0.0296875 0.025
2 0.56484375 0.46640625 0.0296875 0.0328125
2 0.53671875 0.3625 0.0359375 0.0265625
2 0.37109375 0.353125 0.025 0.0265625
2 0.37109375 0.37421875 0.028125 0.034375
2 0.53984375 0.278125 0.0546875 0.04375
2 0.51015625 0.2984375 0.040625 0.0265625
2 0.46328125 0.27890625 0.0328125 0.0375
2 0.47109375 0.21953125 0.0359375 0.034375
2 0.334375 0.24765625 0.0203125 0.03125
2 0.31328125 0.24765625 0.0328125 0.028125
2 0.465625 0.14140625 0.0359375 0.0390625
2 0.39296875 0.2234375 0.0296875 0.03125
2 0.440625 0.22421875 0.0265625 0.0328125
2 0.58671875 0.19609375 0.0390625 0.0296875
2 0.575 0.16171875 0.021875 0.0265625
2 0.55078125 0.20546875 0.028125 0.0328125
2 0.6265625 0.1453125 0.0359375 0.0421875
2 0.6375 0.10390625 0.0328125 0.034375
2 0.6890625 0.29765625 0.0390625 0.0375
2 0.6796875 0.38203125 0.046875 0.04375
2 0.65234375 0.521875 0.0375 0.0484375
2 0.4296875 0.1984375 0.0421875 0.0484375