2 0.6375 0.38046875 0.05 0.040625
2 0.6140625 0.42734375 0.0484375 0.053125
2 0.55390625 0.51171875 0.0296875 0.0234375
2 0.5765625 0.440625 0.0296875 0.03125
2 0.5453125 0.33828125 0.0359375 0.025
2 0.38046875 0.33671875 0.025 0.025
2 0.38046875 0.35703125 0.0296875 0.0328125
2 0.54609375 0.253125 0.05625 0.0421875
2 0.5171875 0.275 0.040625 0.025
2 0.4703125 0.2578125 0.034375 0.0375
2 0.47578125 0.19765625 0.0359375 0.0328125
2 0.340625 0.2328125 0.0203125 0.03125
2 0.31875 0.2328125 0.0328125 0.028125
2 0.46796875 0.11953125 0.0375 0.0375
2 0.3984375 0.2046875 0.0296875 0.0296875
2 0.44609375 0.20390625 0.0265625 0.03125
2 0.590625 0.16875 0.0390625 0.028125
2 0.578125 0.134375 0.021875 0.025
2 0.5546875 0.1796875 0.028125 0.03125
2 0.62890625 0.115625 0.0375 0.040625
2 0.63828125 0.07421875 0.034375 0.034375
2 0.6953125 0.265625 0.040625 0.0359375
2 0.68828125 0.35078125 0.0484375 0.040625
2 0.66484375 0.4921875 0.0390625 0.046875
2 0.43359375 0.17890625 0.04375 0.046875