2 0.6765625 0.3328125 0.0390625 0.05
2 0.62890625 0.36484375 0.0515625 0.05
2 0.54140625 0.4390625 0.0234375 0.0296875
2 0.6140625 0.4046875 0.03125 0.03125
2 0.715625 0.4203125 0.0234375 0.0359375
2 0.709375 0.58671875 0.0234375 0.025
2 0.68828125 0.58984375 0.03125 0.0296875
2 0.80078125 0.40625 0.0390625 0.05625
2 0.77734375 0.43828125 0.0234375 0.040625
2 0.7921875 0.48359375 0.0359375 0.034375
2 0.853125 0.46796875 0.03125 0.0375
2 0.81171875 0.61015625 0.0296875 0.021875
2 0.81015625 0.63203125 0.0265625 0.0328125
2 0.93125 0.46328125 0.0359375 0.0375
2 0.8421875 0.54765625 0.0296875 0.0296875
2 0.8453125 0.49921875 0.0296875 0.028125
2 0.8875 0.34765625 0.0265625 0.0390625
2 0.92109375 0.3546875 0.0234375 0.021875
2 0.875 0.38515625 0.0296875 0.0296875
2 0.9421875 0.30078125 0.0390625 0.0375
2 0.984375 0.284375 0.03125 0.034375
2 0.7953125 0.25703125 0.034375 0.040625
2 0.709375 0.27734375 0.0390625 0.0484375
2 0.56640625 0.3234375 0.0453125 0.0390625
2 0.8703125 0.5078125 0.0453125 0.04375