2 0.63984375 0.37734375 0.05 0.040625
2 0.61640625 0.4234375 0.05 0.053125
2 0.55625 0.50859375 0.0296875 0.0234375
2 0.57890625 0.4375 0.03125 0.03125
2 0.546875 0.33515625 0.0359375 0.025
2 0.38203125 0.334375 0.025 0.025
2 0.3828125 0.35546875 0.0296875 0.0328125
2 0.546875 0.25 0.05625 0.040625
2 0.51875 0.27265625 0.040625 0.025
2 0.47109375 0.25546875 0.034375 0.0359375
2 0.4765625 0.19453125 0.0375 0.0328125
2 0.3421875 0.23046875 0.021875 0.03125
2 0.3203125 0.23125 0.0328125 0.0265625
2 0.46875 0.11640625 0.0375 0.0375
2 0.39921875 0.20234375 0.0296875 0.0296875
2 0.446875 0.2015625 0.028125 0.03125
2 0.59140625 0.165625 0.0390625 0.028125
2 0.57890625 0.13125 0.021875 0.025
2 0.55546875 0.1765625 0.0296875 0.03125
2 0.62890625 0.1125 0.0375 0.040625
2 0.63828125 0.0703125 0.034375 0.0328125
2 0.69609375 0.26171875 0.040625 0.0359375
2 0.68984375 0.346875 0.0484375 0.040625
2 0.6671875 0.4890625 0.0390625 0.046875
2 0.434375 0.1765625 0.04375 0.046875