2 0.603125 0.3703125 0.0484375 0.040625
2 0.57421875 0.4171875 0.046875 0.053125
2 0.50390625 0.503125 0.028125 0.0234375
2 0.534375 0.43125 0.0296875 0.03125
2 0.5140625 0.32890625 0.034375 0.0234375
2 0.34765625 0.33046875 0.0234375 0.025
2 0.34609375 0.3515625 0.028125 0.0328125
2 0.5234375 0.24375 0.0546875 0.040625
2 0.4921875 0.26640625 0.0390625 0.0234375
2 0.446875 0.25 0.0328125 0.0359375
2 0.45859375 0.18984375 0.0359375 0.03125
2 0.31875 0.2265625 0.0203125 0.03125
2 0.296875 0.228125 0.03125 0.0265625
2 0.459375 0.1109375 0.0359375 0.0359375
2 0.3796875 0.1984375 0.0296875 0.0296875
2 0.428125 0.19609375 0.0265625 0.03125
2 0.57734375 0.15859375 0.0375 0.0265625
2 0.56875 0.125 0.0203125 0.025
2 0.540625 0.1703125 0.028125 0.03125
2 0.62109375 0.1046875 0.0359375 0.0390625
2 0.63515625 0.0625 0.0328125 0.0328125
2 0.67265625 0.25390625 0.0390625 0.034375
2 0.65703125 0.3390625 0.046875 0.040625
2 0.61796875 0.48125 0.0375 0.0453125
2 0.41875 0.171875 0.0421875 0.046875