2 0.6140625 0.38046875 0.046875 0.040625
2 0.5875 0.42734375 0.0453125 0.053125
2 0.52109375 0.51171875 0.028125 0.0234375
2 0.5484375 0.440625 0.028125 0.03125
2 0.52421875 0.33828125 0.034375 0.025
2 0.35859375 0.33671875 0.0234375 0.025
2 0.35703125 0.35703125 0.0265625 0.0328125
2 0.53125 0.253125 0.053125 0.0421875
2 0.50078125 0.275 0.0390625 0.025
2 0.4546875 0.2578125 0.03125 0.0375
2 0.4640625 0.19765625 0.034375 0.0328125
2 0.3265625 0.2328125 0.01875 0.03125
2 0.3046875 0.2328125 0.03125 0.028125
2 0.4625 0.11953125 0.034375 0.0375
2 0.3859375 0.2046875 0.028125 0.0296875
2 0.43359375 0.20390625 0.025 0.03125
2 0.58203125 0.16875 0.0375 0.028125
2 0.571875 0.134375 0.0203125 0.025
2 0.5453125 0.1796875 0.0265625 0.03125
2 0.62421875 0.115625 0.034375 0.040625
2 0.6359375 0.07421875 0.03125 0.034375
2 0.68046875 0.265625 0.0375 0.0359375
2 0.6671875 0.35078125 0.0453125 0.040625
2 0.63359375 0.4921875 0.0359375 0.046875
2 0.4234375 0.17890625 0.040625 0.046875