2 0.63359375 0.25546875 0.05 0.04375
2 0.609375 0.3078125 0.0484375 0.05625
2 0.5484375 0.40625 0.0296875 0.025
2 0.571875 0.32890625 0.0296875 0.0328125
2 0.54140625 0.23125 0.0359375 0.0265625
2 0.3765625 0.26328125 0.025 0.0265625
2 0.3765625 0.284375 0.028125 0.034375
2 0.54296875 0.1453125 0.05625 0.04375
2 0.5140625 0.1734375 0.040625 0.0265625
2 0.4671875 0.16484375 0.0328125 0.0390625
2 0.4734375 0.103125 0.0359375 0.034375
2 0.33828125 0.165625 0.0203125 0.0328125
2 0.31640625 0.17109375 0.0328125 0.0296875
2 0.4671875 0.025 0.0359375 0.0390625
2 0.39609375 0.1265625 0.0296875 0.03125
2 0.44375 0.115625 0.0265625 0.0328125
2 0.5890625 0.05 0.0390625 0.0296875
2 0.5765625 0.01796875 0.021875 0.0265625
2 0.553125 0.06796875 0.028125 0.0328125
2 0.628125 0.0046875 0.0375 0.009375
2 0.69296875 0.1265625 0.0390625 0.0375
2 0.68515625 0.2140625 0.0484375 0.04375
2 0.659375 0.36328125 0.0390625 0.0484375
2 0.43203125 0.0921875 0.04375 0.0484375