2 0.66796875 0.44609375 0.0375 0.05
2 0.61953125 0.46875 0.05 0.05
2 0.53046875 0.528125 0.021875 0.0296875
2 0.603125 0.50625 0.0296875 0.03125
2 0.7046875 0.5390625 0.021875 0.0359375
2 0.69453125 0.703125 0.0234375 0.025
2 0.6734375 0.703125 0.03125 0.0296875
2 0.78984375 0.5390625 0.0375 0.05625
2 0.765625 0.5671875 0.021875 0.040625
2 0.7796875 0.61484375 0.034375 0.034375
2 0.840625 0.61015625 0.0296875 0.0375
2 0.79609375 0.74453125 0.0296875 0.021875
2 0.79375 0.765625 0.025 0.0328125
2 0.91875 0.61875 0.034375 0.0375
2 0.828125 0.68671875 0.028125 0.03125
2 0.83203125 0.63984375 0.0296875 0.028125
2 0.87734375 0.4953125 0.025 0.0390625
2 0.9109375 0.50859375 0.0234375 0.021875
2 0.8640625 0.53046875 0.0296875 0.0296875
2 0.93359375 0.4578125 0.0375 0.0375
2 0.9765625 0.44921875 0.03125 0.034375
2 0.7875 0.38984375 0.0328125 0.040625
2 0.7015625 0.3953125 0.0375 0.0484375
2 0.5578125 0.4171875 0.04375 0.0390625
2 0.85625 0.65234375 0.04375 0.04375