2 0.67265625 0.32890625 0.0390625 0.05
2 0.62421875 0.3609375 0.0515625 0.05
2 0.5359375 0.4359375 0.021875 0.0296875
2 0.60859375 0.4015625 0.0296875 0.03125
2 0.71015625 0.415625 0.021875 0.0359375
2 0.7015625 0.5828125 0.0234375 0.025
2 0.68046875 0.5859375 0.03125 0.0296875
2 0.7953125 0.4015625 0.0390625 0.05625
2 0.77109375 0.434375 0.021875 0.040625
2 0.7859375 0.47890625 0.034375 0.034375
2 0.846875 0.46328125 0.0296875 0.0375
2 0.80390625 0.60546875 0.0296875 0.021875
2 0.80234375 0.628125 0.025 0.0328125
2 0.925 0.4578125 0.034375 0.0375
2 0.83515625 0.54296875 0.028125 0.03125
2 0.8390625 0.49453125 0.0296875 0.028125
2 0.88203125 0.3421875 0.025 0.0390625
2 0.91640625 0.34921875 0.0234375 0.021875
2 0.86953125 0.38046875 0.0296875 0.0296875
2 0.9375 0.2953125 0.0375 0.0375
2 0.98046875 0.27890625 0.03125 0.034375
2 0.79140625 0.25234375 0.0328125 0.040625
2 0.70546875 0.2734375 0.0390625 0.0484375
2 0.56171875 0.3203125 0.04375 0.0390625
2 0.86328125 0.50234375 0.04375 0.04375