2 0.43046875 0.6609375 0.05 0.0375
2 0.4546875 0.6125 0.0484375 0.05
2 0.515625 0.521875 0.0296875 0.021875
2 0.4921875 0.5953125 0.0296875 0.0296875
2 0.52265625 0.69609375 0.0359375 0.021875
2 0.6875 0.6828125 0.025 0.0234375
2 0.6875 0.66171875 0.028125 0.03125
2 0.52109375 0.78125 0.05625 0.0375
2 0.55 0.75703125 0.040625 0.021875
2 0.596875 0.7703125 0.0328125 0.034375
2 0.590625 0.83125 0.0359375 0.0296875
2 0.72578125 0.784375 0.0203125 0.0296875
2 0.74765625 0.78203125 0.0328125 0.025
2 0.596875 0.909375 0.0359375 0.034375
2 0.66796875 0.8171875 0.0296875 0.028125
2 0.6203125 0.82265625 0.0265625 0.0296875
2 0.475 0.8703125 0.0390625 0.025
2 0.4875 0.90390625 0.021875 0.0234375
2 0.5109375 0.85625 0.028125 0.0296875
2 0.4359375 0.9265625 0.0375 0.0375
2 0.4265625 0.9703125 0.0328125 0.03125
2 0.37109375 0.78203125 0.0390625 0.0328125
2 0.37890625 0.69609375 0.0484375 0.0375
2 0.4046875 0.5515625 0.0390625 0.04375
2 0.63203125 0.84609375 0.04375 0.04375