2 0.6359375 0.4734375 0.040625 0.0515625
2 0.5859375 0.49453125 0.053125 0.0515625
2 0.490625 0.55 0.0234375 0.03125
2 0.56640625 0.53125 0.03125 0.03125
2 0.665625 0.56796875 0.025 0.0375
2 0.6421875 0.73203125 0.025 0.0265625
2 0.6203125 0.73046875 0.0328125 0.03125
2 0.75078125 0.571875 0.0421875 0.0578125
2 0.72421875 0.59921875 0.025 0.0421875
2 0.73515625 0.646875 0.0375 0.0359375
2 0.796875 0.64453125 0.0328125 0.0375
2 0.74140625 0.7765625 0.03125 0.021875
2 0.73671875 0.7984375 0.028125 0.034375
2 0.875 0.65625 0.0375 0.0390625
2 0.77734375 0.72109375 0.0296875 0.03125
2 0.7859375 0.67421875 0.03125 0.028125
2 0.84296875 0.53125 0.028125 0.040625
2 0.87578125 0.54609375 0.025 0.0234375
2 0.82734375 0.56640625 0.03125 0.0296875
2 0.90234375 0.49609375 0.040625 0.0390625
2 0.946875 0.4890625 0.034375 0.0359375
2 0.76171875 0.421875 0.0359375 0.0421875
2 0.675 0.42421875 0.040625 0.05
2 0.52734375 0.440625 0.046875 0.0421875
2 0.809375 0.6875 0.046875 0.046875