2 0.675 0.34453125 0.0390625 0.05
2 0.6265625 0.375 0.0515625 0.0484375
2 0.53828125 0.4484375 0.021875 0.0296875
2 0.61171875 0.415625 0.0296875 0.0296875
2 0.7125 0.43203125 0.0234375 0.0359375
2 0.70546875 0.5984375 0.0234375 0.025
2 0.684375 0.6015625 0.03125 0.028125
2 0.79765625 0.41953125 0.0390625 0.05625
2 0.77421875 0.4515625 0.0234375 0.040625
2 0.7890625 0.496875 0.034375 0.0328125
2 0.85 0.4828125 0.03125 0.0359375
2 0.8078125 0.62421875 0.0296875 0.0203125
2 0.80625 0.64609375 0.025 0.0328125
2 0.928125 0.4796875 0.0359375 0.0359375
2 0.83828125 0.56171875 0.028125 0.0296875
2 0.8421875 0.5140625 0.0296875 0.0265625
2 0.884375 0.3625 0.0265625 0.0390625
2 0.91875 0.3703125 0.0234375 0.021875
2 0.87265625 0.4 0.0296875 0.028125
2 0.93984375 0.3171875 0.0390625 0.0375
2 0.9828125 0.3015625 0.03125 0.0328125
2 0.79375 0.27109375 0.034375 0.0390625
2 0.7078125 0.28984375 0.0390625 0.0484375
2 0.5640625 0.3328125 0.0453125 0.0390625
2 0.86640625 0.52265625 0.0453125 0.04375