2 0.58515625 0.39140625 0.05 0.0421875
2 0.55390625 0.4375 0.05 0.0546875
2 0.4796875 0.52109375 0.0296875 0.025
2 0.51328125 0.45 0.03125 0.0328125
2 0.4984375 0.346875 0.0359375 0.025
2 0.33203125 0.34296875 0.025 0.025
2 0.328125 0.36328125 0.0296875 0.034375
2 0.5125 0.2625 0.05625 0.0421875
2 0.4796875 0.284375 0.040625 0.025
2 0.43515625 0.265625 0.034375 0.0375
2 0.45 0.20546875 0.0375 0.0328125
2 0.3078125 0.23828125 0.021875 0.03125
2 0.2859375 0.23828125 0.0328125 0.028125
2 0.4546875 0.12734375 0.0375 0.0375
2 0.37109375 0.21171875 0.0296875 0.03125
2 0.41875 0.21171875 0.028125 0.03125
2 0.57109375 0.17890625 0.0390625 0.028125
2 0.56328125 0.14453125 0.021875 0.025
2 0.53359375 0.1890625 0.0296875 0.0328125
2 0.61796875 0.1265625 0.0375 0.040625
2 0.63359375 0.08515625 0.034375 0.034375
2 0.66171875 0.27734375 0.040625 0.0359375
2 0.64140625 0.3625 0.0484375 0.0421875
2 0.5953125 0.503125 0.0390625 0.046875
2 0.4109375 0.18671875 0.04375 0.046875