2 0.37578125 0.66796875 0.046875 0.0375
2 0.40390625 0.61953125 0.046875 0.05
2 0.47265625 0.53046875 0.028125 0.021875
2 0.44375 0.603125 0.028125 0.0296875
2 0.46484375 0.7046875 0.034375 0.021875
2 0.63125 0.69453125 0.0234375 0.0234375
2 0.6328125 0.6734375 0.0265625 0.03125
2 0.45625 0.78984375 0.053125 0.0375
2 0.4875 0.765625 0.0390625 0.021875
2 0.53359375 0.7796875 0.03125 0.034375
2 0.521875 0.840625 0.034375 0.0296875
2 0.6609375 0.79609375 0.01875 0.0296875
2 0.6828125 0.79375 0.03125 0.025
2 0.52265625 0.91875 0.034375 0.034375
2 0.60078125 0.828125 0.028125 0.028125
2 0.55234375 0.83203125 0.025 0.0296875
2 0.403125 0.87734375 0.0375 0.025
2 0.41328125 0.9109375 0.0203125 0.0234375
2 0.440625 0.8640625 0.0265625 0.0296875
2 0.36015625 0.93359375 0.034375 0.0375
2 0.346875 0.9765625 0.03125 0.03125
2 0.30703125 0.7875 0.0375 0.0328125
2 0.321875 0.7015625 0.0453125 0.0375
2 0.359375 0.5578125 0.0359375 0.04375
2 0.5625 0.85625 0.040625 0.04375