2 0.65234375 0.46171875 0.0390625 0.0515625
2 0.60234375 0.48359375 0.0515625 0.0515625
2 0.51015625 0.540625 0.0234375 0.03125
2 0.58515625 0.5203125 0.03125 0.03125
2 0.68515625 0.55546875 0.0234375 0.0375
2 0.66796875 0.71953125 0.025 0.0265625
2 0.646875 0.71875 0.0328125 0.0296875
2 0.7703125 0.5578125 0.0390625 0.0578125
2 0.7453125 0.58515625 0.0234375 0.0421875
2 0.7578125 0.6328125 0.0359375 0.034375
2 0.81875 0.6296875 0.03125 0.0375
2 0.76875 0.76328125 0.0296875 0.021875
2 0.765625 0.784375 0.0265625 0.034375
2 0.896875 0.63984375 0.0359375 0.0375
2 0.803125 0.70625 0.0296875 0.03125
2 0.809375 0.659375 0.03125 0.028125
2 0.86015625 0.515625 0.0265625 0.040625
2 0.89375 0.5296875 0.0234375 0.0234375
2 0.84609375 0.55078125 0.03125 0.0296875
2 0.91796875 0.4796875 0.0390625 0.0390625
2 0.96171875 0.471875 0.0328125 0.034375
2 0.775 0.40859375 0.034375 0.040625
2 0.68828125 0.41171875 0.0390625 0.05
2 0.54296875 0.43046875 0.0453125 0.040625
2 0.8328125 0.671875 0.0453125 0.0453125