2 0.59296875 0.38046875 0.0484375 0.040625
2 0.5625 0.42734375 0.0484375 0.053125
2 0.490625 0.51171875 0.0296875 0.0234375
2 0.52265625 0.440625 0.0296875 0.03125
2 0.50546875 0.33828125 0.0359375 0.025
2 0.3390625 0.33671875 0.025 0.025
2 0.3359375 0.35703125 0.028125 0.0328125
2 0.5171875 0.253125 0.0546875 0.0421875
2 0.48515625 0.275 0.040625 0.025
2 0.43984375 0.2578125 0.0328125 0.0375
2 0.45390625 0.19765625 0.0359375 0.0328125
2 0.31328125 0.2328125 0.0203125 0.03125
2 0.290625 0.2328125 0.0328125 0.028125
2 0.45703125 0.11953125 0.0359375 0.0375
2 0.375 0.2046875 0.0296875 0.0296875
2 0.42265625 0.20390625 0.0265625 0.03125
2 0.57421875 0.16875 0.0390625 0.028125
2 0.565625 0.134375 0.021875 0.025
2 0.53671875 0.1796875 0.028125 0.03125
2 0.61953125 0.115625 0.0359375 0.040625
2 0.634375 0.07421875 0.0328125 0.034375
2 0.66640625 0.265625 0.0390625 0.0359375
2 0.6484375 0.35078125 0.046875 0.040625
2 0.60546875 0.4921875 0.0390625 0.046875
2 0.4140625 0.17890625 0.04375 0.046875