2 0.65859375 0.39921875 0.0390625 0.046875
2 0.61015625 0.42578125 0.0515625 0.046875
2 0.51875 0.49140625 0.021875 0.028125
2 0.59296875 0.4640625 0.0296875 0.028125
2 0.69296875 0.48984375 0.021875 0.034375
2 0.6796875 0.6546875 0.0234375 0.0234375
2 0.65859375 0.65625 0.03125 0.0265625
2 0.778125 0.484375 0.0390625 0.053125
2 0.75390625 0.5140625 0.021875 0.0390625
2 0.7671875 0.56015625 0.034375 0.03125
2 0.828125 0.5515625 0.0296875 0.034375
2 0.78046875 0.6890625 0.0296875 0.01875
2 0.77734375 0.7109375 0.025 0.03125
2 0.90625 0.55390625 0.034375 0.034375
2 0.81328125 0.62890625 0.028125 0.028125
2 0.81875 0.58203125 0.0296875 0.025
2 0.86796875 0.434375 0.025 0.0375
2 0.90078125 0.44453125 0.0234375 0.0203125
2 0.85390625 0.4703125 0.0296875 0.0265625
2 0.925 0.39296875 0.0375 0.034375
2 0.96796875 0.38125 0.03125 0.03125
2 0.78046875 0.33515625 0.0328125 0.0375
2 0.69453125 0.346875 0.0390625 0.0453125
2 0.54921875 0.378125 0.04375 0.0359375
2 0.84296875 0.5921875 0.04375 0.040625