2 0.603125 0.40625 0.0484375 0.04375
2 0.57421875 0.4515625 0.046875 0.0546875
2 0.50390625 0.5328125 0.028125 0.025
2 0.534375 0.46328125 0.0296875 0.0328125
2 0.5140625 0.359375 0.034375 0.0265625
2 0.34765625 0.35078125 0.0234375 0.0265625
2 0.34609375 0.371875 0.028125 0.034375
2 0.5234375 0.275 0.0546875 0.04375
2 0.4921875 0.29609375 0.0390625 0.0265625
2 0.446875 0.2765625 0.0328125 0.0375
2 0.45859375 0.21640625 0.0359375 0.034375
2 0.31875 0.24609375 0.0203125 0.03125
2 0.296875 0.2453125 0.03125 0.028125
2 0.459375 0.13828125 0.0359375 0.0390625
2 0.3796875 0.22109375 0.0296875 0.03125
2 0.428125 0.221875 0.0265625 0.0328125
2 0.57734375 0.19296875 0.0375 0.0296875
2 0.56875 0.1578125 0.0203125 0.0265625
2 0.540625 0.2015625 0.028125 0.0328125
2 0.62109375 0.14140625 0.0359375 0.0421875
2 0.63515625 0.1 0.0328125 0.034375
2 0.67265625 0.29375 0.0390625 0.0375
2 0.65703125 0.378125 0.046875 0.0421875
2 0.61796875 0.51796875 0.0375 0.0484375
2 0.41875 0.19609375 0.0421875 0.0484375