2 0.64765625 0.4578125 0.0390625 0.0515625
2 0.59765625 0.4796875 0.0515625 0.05
2 0.5046875 0.5375 0.0234375 0.0296875
2 0.5796875 0.5171875 0.03125 0.03125
2 0.6796875 0.55078125 0.0234375 0.0359375
2 0.6609375 0.715625 0.025 0.0265625
2 0.63984375 0.71484375 0.0328125 0.0296875
2 0.76484375 0.553125 0.040625 0.0578125
2 0.7390625 0.58125 0.0234375 0.040625
2 0.75078125 0.628125 0.0359375 0.034375
2 0.8125 0.625 0.03125 0.0375
2 0.7609375 0.75859375 0.03125 0.021875
2 0.75703125 0.7796875 0.0265625 0.034375
2 0.890625 0.634375 0.0359375 0.0375
2 0.7953125 0.7015625 0.0296875 0.03125
2 0.80234375 0.6546875 0.03125 0.028125
2 0.85546875 0.5109375 0.0265625 0.040625
2 0.88828125 0.52421875 0.025 0.0234375
2 0.840625 0.54609375 0.03125 0.0296875
2 0.9140625 0.47421875 0.0390625 0.0390625
2 0.95703125 0.46640625 0.0328125 0.034375
2 0.77109375 0.40390625 0.034375 0.040625
2 0.684375 0.4078125 0.0390625 0.05
2 0.53828125 0.42734375 0.0453125 0.040625
2 0.8265625 0.6671875 0.0453125 0.0453125