2 0.43828125 0.66796875 0.05 0.0375
2 0.46171875 0.61953125 0.0484375 0.05
2 0.521875 0.53046875 0.0296875 0.021875
2 0.49921875 0.603125 0.0296875 0.0296875
2 0.53046875 0.7046875 0.0359375 0.021875
2 0.6953125 0.69453125 0.025 0.0234375
2 0.6953125 0.6734375 0.0296875 0.03125
2 0.5296875 0.78984375 0.05625 0.0375
2 0.55859375 0.765625 0.040625 0.021875
2 0.60546875 0.7796875 0.034375 0.034375
2 0.6 0.840625 0.0359375 0.0296875
2 0.73515625 0.79609375 0.0203125 0.0296875
2 0.75703125 0.79375 0.0328125 0.025
2 0.6078125 0.91875 0.0375 0.034375
2 0.67734375 0.828125 0.0296875 0.028125
2 0.6296875 0.83203125 0.0265625 0.0296875
2 0.48515625 0.87734375 0.0390625 0.025
2 0.49765625 0.9109375 0.021875 0.0234375
2 0.52109375 0.8640625 0.028125 0.0296875
2 0.446875 0.93359375 0.0375 0.0375
2 0.4375 0.9765625 0.034375 0.03125
2 0.38046875 0.7875 0.040625 0.0328125
2 0.3875 0.7015625 0.0484375 0.0375
2 0.4109375 0.5578125 0.0390625 0.04375
2 0.6421875 0.85625 0.04375 0.04375