2 0.6359375 0.38828125 0.05 0.0421875
2 0.61171875 0.434375 0.0484375 0.0546875
2 0.55078125 0.51796875 0.0296875 0.025
2 0.57421875 0.446875 0.0296875 0.0328125
2 0.54375 0.34453125 0.0359375 0.025
2 0.37890625 0.340625 0.025 0.025
2 0.37890625 0.36171875 0.028125 0.0328125
2 0.54453125 0.259375 0.05625 0.0421875
2 0.515625 0.28125 0.040625 0.025
2 0.46875 0.26328125 0.034375 0.0375
2 0.475 0.203125 0.0359375 0.0328125
2 0.33984375 0.2359375 0.0203125 0.03125
2 0.31796875 0.23671875 0.0328125 0.028125
2 0.46796875 0.125 0.0375 0.0375
2 0.39765625 0.209375 0.0296875 0.03125
2 0.44453125 0.20859375 0.0265625 0.03125
2 0.58984375 0.17578125 0.0390625 0.028125
2 0.57734375 0.14140625 0.021875 0.025
2 0.55390625 0.1859375 0.028125 0.03125
2 0.628125 0.1234375 0.0375 0.040625
2 0.6375 0.08125 0.0328125 0.034375
2 0.69375 0.2734375 0.0390625 0.0359375
2 0.68671875 0.35859375 0.0484375 0.0421875
2 0.6625 0.5 0.0390625 0.046875
2 0.4328125 0.18359375 0.04375 0.046875