2 0.38125 0.22890625 0.0359375 0.0421875
2 0.42265625 0.3921875 0.0296875 0.0375
2 0.42578125 0.4734375 0.0453125 0.040625
2 0.50859375 0.45859375 0.0578125 0.0515625
2 0.58984375 0.49921875 0.0421875 0.04375
2 0.48359375 0.578125 0.0421875 0.04375
2 0.41484375 0.5859375 0.0421875 0.0390625
2 0.3984375 0.5328125 0.0390625 0.04375
2 0.340625 0.54296875 0.0375 0.028125
2 0.29140625 0.59140625 0.0328125 0.0390625
2 0.2375 0.53046875 0.0296875 0.03125
2 0.2453125 0.5859375 0.03125 0.028125
2 0.24765625 0.62421875 0.034375 0.0328125
2 0.253125 0.6578125 0.03125 0.0296875
2 0.2015625 0.58203125 0.0296875 0.0375
2 0.1734375 0.66640625 0.0296875 0.03125
2 0.24609375 0.73671875 0.0359375 0.0390625
2 0.21484375 0.74921875 0.0265625 0.0375
2 0.38125 0.646875 0.03125 0.0375
2 0.35703125 0.60078125 0.028125 0.0296875
2 0.35625 0.69296875 0.028125 0.0328125
2 0.41484375 0.67890625 0.0296875 0.028125
2 0.4609375 0.70234375 0.025 0.028125
2 0.4390625 0.72109375 0.0421875 0.040625
2 0.51328125 0.721875 0.0328125 0.0359375
2 0.40859375 0.83359375 0.040625 0.0359375
2 0.59921875 0.56796875 0.028125 0.0359375
2 0.290625 0.73203125 0.03125 0.0328125
2 0.2109375 0.45703125 0.0296875 0.0375
2 0.18515625 0.47578125 0.028125 0.03125
2 0.1765625 0.44296875 0.034375 0.034375
2 0.7109375 0.275 0.04375 0.0375
2 0.6640625 0.0171875 0.03125 0.0296875
2 0.253125 0.05078125 0.0359375 0.0296875
2 0.196875 0.1375 0.034375 0.0359375
2 0.121875 0.11328125 0.0390625 0.0421875
2 0.82265625 0.2453125 0.0453125 0.04375