2 0.3796875 0.2859375 0.034375 0.0390625
2 0.4203125 0.4546875 0.028125 0.034375
2 0.42265625 0.5359375 0.04375 0.0359375
2 0.50546875 0.534375 0.05625 0.0453125
2 0.58671875 0.58671875 0.040625 0.040625
2 0.4796875 0.64921875 0.040625 0.040625
2 0.4109375 0.646875 0.040625 0.0359375
2 0.3953125 0.590625 0.0375 0.040625
2 0.3375 0.59296875 0.0375 0.025
2 0.2875 0.63359375 0.03125 0.034375
2 0.23359375 0.56484375 0.0296875 0.028125
2 0.2421875 0.62109375 0.03125 0.0234375
2 0.24453125 0.659375 0.034375 0.0296875
2 0.2484375 0.69375 0.03125 0.025
2 0.1984375 0.6109375 0.028125 0.034375
2 0.16953125 0.690625 0.0296875 0.028125
2 0.24140625 0.771875 0.034375 0.0359375
2 0.21015625 0.77890625 0.025 0.034375
2 0.37734375 0.70234375 0.0296875 0.034375
2 0.353125 0.65234375 0.028125 0.0265625
2 0.3515625 0.74453125 0.028125 0.0296875
2 0.41015625 0.73984375 0.0296875 0.025
2 0.45625 0.76953125 0.025 0.025
2 0.434375 0.78515625 0.040625 0.0375
2 0.509375 0.79765625 0.0328125 0.03125
2 0.40390625 0.89296875 0.040625 0.0328125
2 0.5953125 0.65625 0.028125 0.0328125
2 0.2859375 0.7734375 0.03125 0.028125
2 0.20859375 0.4875 0.028125 0.034375
2 0.18203125 0.50234375 0.028125 0.028125
2 0.1734375 0.46796875 0.034375 0.03125
2 0.70859375 0.38203125 0.04375 0.0328125
2 0.66328125 0.11796875 0.03125 0.025
2 0.253125 0.08828125 0.0359375 0.0265625
2 0.19609375 0.1671875 0.034375 0.0328125
2 0.12109375 0.13203125 0.0375 0.0390625
2 0.82109375 0.36875 0.04375 0.0390625