2 0.5953125 0.6421875 0.0359375 0.0421875
2 0.56484375 0.47890625 0.0296875 0.0375
2 0.5671875 0.39765625 0.0453125 0.040625
2 0.484375 0.4125 0.0578125 0.0515625
2 0.40625 0.371875 0.0421875 0.04375
2 0.51640625 0.29296875 0.0421875 0.04375
2 0.58515625 0.28515625 0.0421875 0.0390625
2 0.59765625 0.3390625 0.0390625 0.04375
2 0.65546875 0.328125 0.0390625 0.028125
2 0.70859375 0.2796875 0.0328125 0.0390625
2 0.7578125 0.340625 0.03125 0.03125
2 0.753125 0.28515625 0.0328125 0.028125
2 0.753125 0.24765625 0.0359375 0.0328125
2 0.75078125 0.21328125 0.0328125 0.0296875
2 0.79609375 0.2890625 0.0296875 0.0375
2 0.8296875 0.2046875 0.03125 0.03125
2 0.7625 0.134375 0.0359375 0.0390625
2 0.79375 0.12265625 0.0265625 0.0375
2 0.62265625 0.22421875 0.03125 0.0375
2 0.64296875 0.27109375 0.0296875 0.0296875
2 0.65 0.178125 0.0296875 0.0328125
2 0.59140625 0.1921875 0.03125 0.028125
2 0.546875 0.16875 0.0265625 0.028125
2 0.56953125 0.15078125 0.0421875 0.040625
2 0.49609375 0.14921875 0.034375 0.0359375
2 0.60703125 0.0375 0.0421875 0.0359375
2 0.40078125 0.30390625 0.0296875 0.0359375
2 0.71796875 0.1390625 0.0328125 0.0328125
2 0.77890625 0.4140625 0.0296875 0.0375
2 0.80625 0.3953125 0.0296875 0.03125
2 0.8125 0.42890625 0.0359375 0.034375
2 0.271875 0.59609375 0.0453125 0.0375
2 0.3015625 0.85390625 0.0328125 0.0296875
2 0.7109375 0.82109375 0.0375 0.0296875
2 0.77265625 0.73359375 0.0359375 0.0359375
2 0.84609375 0.7578125 0.0390625 0.0421875
2 0.15859375 0.62578125 0.0453125 0.04375