2 0.38125 0.253125 0.0359375 0.0390625
2 0.42265625 0.41875 0.0296875 0.0359375
2 0.42578125 0.5 0.0453125 0.0375
2 0.50859375 0.490625 0.0578125 0.046875
2 0.58984375 0.53671875 0.0421875 0.0421875
2 0.48359375 0.60859375 0.0421875 0.0421875
2 0.41484375 0.61171875 0.0421875 0.0375
2 0.3984375 0.55703125 0.0390625 0.0421875
2 0.340625 0.5640625 0.0375 0.0265625
2 0.29140625 0.609375 0.0328125 0.0359375
2 0.2375 0.5453125 0.0296875 0.0296875
2 0.2453125 0.60078125 0.03125 0.025
2 0.24765625 0.6390625 0.034375 0.0296875
2 0.253125 0.6734375 0.03125 0.0265625
2 0.2015625 0.59453125 0.0296875 0.0359375
2 0.1734375 0.6765625 0.0296875 0.0296875
2 0.24609375 0.7515625 0.0359375 0.0359375
2 0.21484375 0.76171875 0.0265625 0.0359375
2 0.38125 0.6703125 0.03125 0.0359375
2 0.35703125 0.62265625 0.028125 0.028125
2 0.35625 0.71484375 0.028125 0.03125
2 0.41484375 0.7046875 0.0296875 0.0265625
2 0.4609375 0.73125 0.025 0.0265625
2 0.4390625 0.74765625 0.0421875 0.0390625
2 0.51328125 0.75390625 0.0328125 0.0328125
2 0.40859375 0.85859375 0.040625 0.034375
2 0.59921875 0.60546875 0.028125 0.034375
2 0.290625 0.75 0.03125 0.0296875
2 0.2109375 0.4703125 0.0296875 0.0359375
2 0.18515625 0.4875 0.028125 0.0296875
2 0.1765625 0.453125 0.034375 0.03125
2 0.7109375 0.3203125 0.04375 0.034375
2 0.6640625 0.06015625 0.03125 0.0265625
2 0.253125 0.06640625 0.0359375 0.0265625
2 0.196875 0.15 0.034375 0.0328125
2 0.121875 0.12109375 0.0390625 0.040625
2 0.82265625 0.29765625 0.0453125 0.040625