2 0.36875 0.2796875 0.0359375 0.0375
2 0.40234375 0.44765625 0.0296875 0.034375
2 0.40078125 0.52890625 0.0453125 0.034375
2 0.48359375 0.52578125 0.0578125 0.04375
2 0.56328125 0.5765625 0.0421875 0.0390625
2 0.45390625 0.640625 0.0421875 0.0390625
2 0.38515625 0.63984375 0.0421875 0.034375
2 0.371875 0.584375 0.0390625 0.0390625
2 0.3140625 0.58671875 0.0375 0.0234375
2 0.26171875 0.62890625 0.0328125 0.034375
2 0.2109375 0.5609375 0.0296875 0.028125
2 0.2171875 0.6171875 0.03125 0.0234375
2 0.21796875 0.65546875 0.034375 0.028125
2 0.2203125 0.68984375 0.03125 0.025
2 0.1734375 0.60703125 0.0296875 0.034375
2 0.1421875 0.6875 0.0296875 0.028125
2 0.21015625 0.76796875 0.0359375 0.034375
2 0.17890625 0.775 0.0265625 0.034375
2 0.3484375 0.69609375 0.03125 0.034375
2 0.32734375 0.646875 0.028125 0.0265625
2 0.321875 0.7390625 0.028125 0.0296875
2 0.38046875 0.7328125 0.0296875 0.025
2 0.425 0.76171875 0.025 0.025
2 0.403125 0.77734375 0.0421875 0.0359375
2 0.47734375 0.7890625 0.0328125 0.03125
2 0.36796875 0.8859375 0.040625 0.03125
2 0.56953125 0.64609375 0.028125 0.0328125
2 0.2546875 0.76875 0.03125 0.028125
2 0.1890625 0.48359375 0.0296875 0.034375
2 0.16171875 0.49921875 0.028125 0.028125
2 0.1546875 0.46484375 0.034375 0.0296875
2 0.69375 0.36953125 0.04375 0.03125
2 0.659375 0.10625 0.03125 0.025
2 0.25 0.084375 0.0359375 0.025
2 0.1890625 0.16328125 0.034375 0.03125
2 0.115625 0.1296875 0.0390625 0.0375
2 0.80703125 0.3546875 0.0453125 0.0375