2 0.6078125 0.74453125 0.0359375 0.0390625
2 0.57421875 0.575 0.0296875 0.0359375
2 0.57578125 0.49375 0.0453125 0.0359375
2 0.49296875 0.4953125 0.0578125 0.0453125
2 0.41328125 0.44140625 0.0421875 0.040625
2 0.52265625 0.38046875 0.0421875 0.040625
2 0.59140625 0.38359375 0.0421875 0.0359375
2 0.60546875 0.4390625 0.0390625 0.040625
2 0.66328125 0.43828125 0.0375 0.025
2 0.71484375 0.39765625 0.0328125 0.0359375
2 0.765625 0.46796875 0.0296875 0.0296875
2 0.76015625 0.4109375 0.03125 0.025
2 0.759375 0.37265625 0.034375 0.0296875
2 0.75625 0.33828125 0.03125 0.0265625
2 0.803125 0.421875 0.0296875 0.0359375
2 0.83515625 0.34296875 0.0296875 0.0296875
2 0.76640625 0.2609375 0.0359375 0.0359375
2 0.79765625 0.25390625 0.0265625 0.0359375
2 0.628125 0.328125 0.03125 0.0359375
2 0.64921875 0.378125 0.028125 0.028125
2 0.6546875 0.28671875 0.028125 0.03125
2 0.59609375 0.290625 0.0296875 0.0265625
2 0.5515625 0.26015625 0.025 0.0265625
2 0.5734375 0.2453125 0.0421875 0.0375
2 0.5 0.23203125 0.0328125 0.0328125
2 0.609375 0.1375 0.040625 0.0328125
2 0.40703125 0.371875 0.028125 0.034375
2 0.721875 0.25859375 0.03125 0.0296875
2 0.78828125 0.5453125 0.0296875 0.0359375
2 0.81484375 0.53046875 0.028125 0.0296875
2 0.821875 0.56484375 0.034375 0.03125
2 0.2828125 0.64453125 0.04375 0.0328125
2 0.3171875 0.909375 0.03125 0.0265625
2 0.72734375 0.94296875 0.0359375 0.0265625
2 0.7875 0.865625 0.034375 0.0328125
2 0.8609375 0.9015625 0.0390625 0.0390625
2 0.1703125 0.65625 0.0453125 0.0390625