2 0.5703125 0.7265625 0.0375 0.0375
2 0.5453125 0.5578125 0.03125 0.034375
2 0.55078125 0.4765625 0.046875 0.034375
2 0.46796875 0.48046875 0.059375 0.04375
2 0.39140625 0.42890625 0.04375 0.0390625
2 0.50390625 0.36484375 0.04375 0.0390625
2 0.57265625 0.365625 0.04375 0.034375
2 0.5828125 0.421875 0.040625 0.0390625
2 0.64140625 0.41875 0.0390625 0.0234375
2 0.6953125 0.3765625 0.034375 0.034375
2 0.7421875 0.4453125 0.03125 0.028125
2 0.73984375 0.3890625 0.0328125 0.0234375
2 0.740625 0.35078125 0.0359375 0.028125
2 0.73984375 0.31640625 0.0328125 0.025
2 0.7828125 0.3984375 0.03125 0.034375
2 0.81875 0.31796875 0.03125 0.028125
2 0.75390625 0.23828125 0.0375 0.034375
2 0.7859375 0.23046875 0.028125 0.034375
2 0.61171875 0.31015625 0.0328125 0.034375
2 0.63125 0.359375 0.0296875 0.0265625
2 0.640625 0.2671875 0.0296875 0.0296875
2 0.58203125 0.27265625 0.03125 0.025
2 0.5390625 0.24375 0.0265625 0.025
2 0.56171875 0.228125 0.04375 0.0359375
2 0.48828125 0.2171875 0.0359375 0.03125
2 0.603125 0.1203125 0.04375 0.03125
2 0.38828125 0.359375 0.03125 0.0328125
2 0.709375 0.23671875 0.0328125 0.028125
2 0.7609375 0.521875 0.03125 0.034375
2 0.78828125 0.50625 0.0296875 0.028125
2 0.79375 0.540625 0.0359375 0.0296875
2 0.24921875 0.6359375 0.046875 0.03125
2 0.2703125 0.9 0.0328125 0.025
2 0.67890625 0.921875 0.0375 0.025
2 0.74375 0.8421875 0.0375 0.03125
2 0.815625 0.8765625 0.040625 0.0375
2 0.1359375 0.65078125 0.046875 0.0375