2 0.30546875 0.34921875 0.040625 0.0375
2 0.4765625 0.37109375 0.0359375 0.03125
2 0.5578125 0.3640625 0.0375 0.046875
2 0.56015625 0.44765625 0.0484375 0.0609375
2 0.6171875 0.52265625 0.0421875 0.04375
2 0.6734375 0.409375 0.0421875 0.04375
2 0.66796875 0.340625 0.0375 0.04375
2 0.6109375 0.33046875 0.0421875 0.040625
2 0.61015625 0.27265625 0.0265625 0.0390625
2 0.6484375 0.21796875 0.0375 0.034375
2 0.5765625 0.171875 0.0296875 0.0328125
2 0.6328125 0.1734375 0.0265625 0.0328125
2 0.671875 0.171875 0.03125 0.0375
2 0.70625 0.17265625 0.028125 0.0328125
2 0.6203125 0.13125 0.0359375 0.03125
2 0.6984375 0.09375 0.0296875 0.0328125
2 0.78359375 0.15625 0.0375 0.0375
2 0.7890625 0.12421875 0.0359375 0.028125
2 0.72109375 0.3 0.0359375 0.0328125
2 0.6703125 0.28203125 0.028125 0.03125
2 0.7625 0.2703125 0.03125 0.03125
2 0.7609375 0.3296875 0.0265625 0.03125
2 0.79296875 0.371875 0.0265625 0.0265625
2 0.80703125 0.3484375 0.0390625 0.04375
2 0.8234375 0.421875 0.034375 0.0359375
2 0.91328125 0.30546875 0.034375 0.04375
2 0.6875 0.52421875 0.034375 0.03125
2 0.7875 0.20078125 0.03125 0.034375
2 0.49765625 0.1546875 0.0359375 0.03125
2 0.51171875 0.1265625 0.0296875 0.03125
2 0.4765625 0.12265625 0.0328125 0.0375
2 0.41875 0.66796875 0.034375 0.046875
2 0.15234375 0.65234375 0.028125 0.0328125
2 0.1015625 0.24375 0.028125 0.0375
2 0.17734375 0.178125 0.034375 0.0375
2 0.13828125 0.10703125 0.040625 0.040625
2 0.41171875 0.78203125 0.040625 0.046875