2 0.3734375 0.2359375 0.034375 0.040625
2 0.41015625 0.39921875 0.028125 0.0375
2 0.41015625 0.48046875 0.04375 0.0390625
2 0.49296875 0.46796875 0.05625 0.05
2 0.5734375 0.509375 0.040625 0.04375
2 0.46484375 0.5859375 0.040625 0.04375
2 0.39609375 0.59296875 0.040625 0.0390625
2 0.38203125 0.5390625 0.0375 0.04375
2 0.32421875 0.5484375 0.0375 0.028125
2 0.27265625 0.596875 0.03125 0.0375
2 0.22109375 0.534375 0.0296875 0.03125
2 0.22734375 0.58984375 0.03125 0.0265625
2 0.22890625 0.628125 0.034375 0.03125
2 0.2328125 0.66171875 0.03125 0.028125
2 0.18359375 0.58515625 0.028125 0.0375
2 0.15390625 0.66953125 0.0296875 0.03125
2 0.2234375 0.74140625 0.034375 0.0375
2 0.1921875 0.75234375 0.025 0.0375
2 0.3609375 0.653125 0.0296875 0.0375
2 0.33828125 0.60625 0.028125 0.0296875
2 0.33515625 0.69921875 0.028125 0.0328125
2 0.39375 0.68671875 0.0296875 0.028125
2 0.43828125 0.71015625 0.025 0.028125
2 0.41640625 0.728125 0.040625 0.040625
2 0.490625 0.73125 0.0328125 0.034375
2 0.3828125 0.840625 0.040625 0.0359375
2 0.58046875 0.578125 0.028125 0.0359375
2 0.26796875 0.73671875 0.03125 0.03125
2 0.196875 0.4609375 0.028125 0.0375
2 0.1703125 0.47890625 0.028125 0.03125
2 0.16328125 0.4453125 0.034375 0.0328125
2 0.7 0.2875 0.04375 0.0359375
2 0.6609375 0.02890625 0.03125 0.028125
2 0.25078125 0.0546875 0.0359375 0.0296875
2 0.1921875 0.14140625 0.034375 0.034375
2 0.11796875 0.115625 0.0375 0.0421875
2 0.8125 0.259375 0.04375 0.0421875