2 0.39609375 0.22890625 0.0375 0.0421875
2 0.44609375 0.3921875 0.03125 0.0375
2 0.453125 0.4734375 0.046875 0.040625
2 0.5359375 0.45859375 0.059375 0.0515625
2 0.6203125 0.49921875 0.04375 0.04375
2 0.5171875 0.578125 0.04375 0.04375
2 0.4484375 0.5859375 0.04375 0.0390625
2 0.42890625 0.5328125 0.040625 0.04375
2 0.371875 0.54296875 0.0390625 0.028125
2 0.32421875 0.59140625 0.034375 0.0390625
2 0.26640625 0.53046875 0.03125 0.03125
2 0.278125 0.5859375 0.0328125 0.028125
2 0.28203125 0.62421875 0.0359375 0.0328125
2 0.2890625 0.6578125 0.0328125 0.0296875
2 0.23359375 0.58203125 0.03125 0.0375
2 0.21015625 0.66640625 0.03125 0.03125
2 0.2859375 0.73671875 0.0375 0.0390625
2 0.25546875 0.74921875 0.028125 0.0375
2 0.4171875 0.646875 0.0328125 0.0375
2 0.39140625 0.60078125 0.0296875 0.0296875
2 0.39453125 0.69296875 0.0296875 0.0328125
2 0.453125 0.67890625 0.03125 0.028125
2 0.50078125 0.70234375 0.0265625 0.028125
2 0.4796875 0.72109375 0.04375 0.040625
2 0.5546875 0.721875 0.0359375 0.0359375
2 0.45546875 0.83359375 0.04375 0.0359375
2 0.6328125 0.56796875 0.03125 0.0359375
2 0.33046875 0.73203125 0.0328125 0.0328125
2 0.23671875 0.45703125 0.03125 0.0375
2 0.2109375 0.47578125 0.0296875 0.03125
2 0.20078125 0.44296875 0.0359375 0.034375
2 0.7296875 0.275 0.046875 0.0375
2 0.66953125 0.0171875 0.0328125 0.0296875
2 0.2578125 0.05078125 0.0375 0.0296875
2 0.20546875 0.1375 0.0375 0.0359375
2 0.12890625 0.11328125 0.040625 0.0421875
2 0.84140625 0.2453125 0.046875 0.04375