2 0.59140625 0.715625 0.0359375 0.0375
2 0.56171875 0.54765625 0.0296875 0.034375
2 0.56484375 0.46640625 0.0453125 0.034375
2 0.48203125 0.47109375 0.0578125 0.04375
2 0.40390625 0.421875 0.0421875 0.0390625
2 0.5140625 0.35546875 0.0421875 0.0390625
2 0.5828125 0.35546875 0.0421875 0.034375
2 0.5953125 0.4109375 0.0390625 0.0390625
2 0.653125 0.40703125 0.0390625 0.0234375
2 0.70625 0.3640625 0.0328125 0.034375
2 0.75546875 0.43125 0.03125 0.028125
2 0.75078125 0.37578125 0.0328125 0.0234375
2 0.75078125 0.3375 0.0359375 0.028125
2 0.7484375 0.303125 0.0328125 0.025
2 0.79453125 0.384375 0.0296875 0.034375
2 0.82734375 0.303125 0.03125 0.028125
2 0.7609375 0.225 0.0359375 0.034375
2 0.79296875 0.21640625 0.0265625 0.034375
2 0.62109375 0.29921875 0.03125 0.034375
2 0.64140625 0.34765625 0.0296875 0.0265625
2 0.6484375 0.25546875 0.0296875 0.0296875
2 0.58984375 0.2625 0.03125 0.025
2 0.54609375 0.234375 0.0265625 0.025
2 0.56875 0.21796875 0.0421875 0.0359375
2 0.49453125 0.2078125 0.034375 0.03125
2 0.60625 0.109375 0.0421875 0.03125
2 0.39921875 0.35234375 0.0296875 0.0328125
2 0.71640625 0.22421875 0.0328125 0.028125
2 0.77578125 0.5078125 0.0296875 0.034375
2 0.803125 0.4921875 0.0296875 0.028125
2 0.809375 0.5265625 0.0359375 0.0296875
2 0.26796875 0.63125 0.0453125 0.03125
2 0.29609375 0.89375 0.0328125 0.025
2 0.70546875 0.90859375 0.0375 0.025
2 0.76796875 0.828125 0.0359375 0.03125
2 0.840625 0.8609375 0.0390625 0.0375
2 0.1546875 0.64765625 0.0453125 0.0375