2 0.3765625 0.2640625 0.034375 0.0390625
2 0.41484375 0.43125 0.028125 0.0359375
2 0.41640625 0.5125 0.04375 0.0359375
2 0.49921875 0.50546875 0.05625 0.0453125
2 0.5796875 0.553125 0.040625 0.040625
2 0.47265625 0.621875 0.040625 0.040625
2 0.40390625 0.6234375 0.040625 0.0359375
2 0.38828125 0.56875 0.0375 0.040625
2 0.33046875 0.5734375 0.0375 0.025
2 0.28046875 0.61796875 0.03125 0.0359375
2 0.22734375 0.5515625 0.0296875 0.0296875
2 0.23515625 0.6078125 0.03125 0.025
2 0.23671875 0.64609375 0.034375 0.0296875
2 0.240625 0.6796875 0.03125 0.0265625
2 0.19140625 0.6 0.028125 0.0359375
2 0.16171875 0.68125 0.0296875 0.0296875
2 0.2328125 0.75859375 0.034375 0.0359375
2 0.2015625 0.7671875 0.025 0.0359375
2 0.36875 0.68125 0.0296875 0.0359375
2 0.34609375 0.6328125 0.028125 0.028125
2 0.34296875 0.725 0.028125 0.03125
2 0.4015625 0.71640625 0.0296875 0.0265625
2 0.44765625 0.74375 0.025 0.0265625
2 0.42578125 0.76015625 0.040625 0.0375
2 0.5 0.76875 0.0328125 0.0328125
2 0.39375 0.8703125 0.040625 0.0328125
2 0.58828125 0.62265625 0.028125 0.034375
2 0.27734375 0.7578125 0.03125 0.0296875
2 0.203125 0.47578125 0.028125 0.0359375
2 0.1765625 0.4921875 0.028125 0.0296875
2 0.16796875 0.45859375 0.034375 0.03125
2 0.7046875 0.34140625 0.04375 0.0328125
2 0.6625 0.07890625 0.03125 0.0265625
2 0.25234375 0.07421875 0.0359375 0.0265625
2 0.19375 0.15546875 0.034375 0.0328125
2 0.11953125 0.125 0.0375 0.0390625
2 0.8171875 0.321875 0.04375 0.0390625