2 0.5875 0.70078125 0.0359375 0.0390625
2 0.55859375 0.534375 0.0296875 0.0359375
2 0.56171875 0.453125 0.0453125 0.0359375
2 0.47890625 0.459375 0.0578125 0.0453125
2 0.40078125 0.41171875 0.0421875 0.040625
2 0.5125 0.34296875 0.0421875 0.040625
2 0.58125 0.34140625 0.0421875 0.0359375
2 0.59296875 0.396875 0.0390625 0.040625
2 0.65078125 0.39140625 0.0390625 0.025
2 0.70390625 0.34765625 0.0328125 0.0359375
2 0.75234375 0.41328125 0.03125 0.0296875
2 0.7484375 0.3578125 0.0328125 0.025
2 0.74921875 0.31953125 0.0359375 0.0296875
2 0.746875 0.28515625 0.0328125 0.0265625
2 0.7921875 0.365625 0.0296875 0.0359375
2 0.82578125 0.28359375 0.03125 0.0296875
2 0.759375 0.20625 0.0359375 0.0359375
2 0.79140625 0.19765625 0.0265625 0.0359375
2 0.61875 0.284375 0.03125 0.0359375
2 0.6390625 0.3328125 0.0296875 0.028125
2 0.646875 0.23984375 0.0296875 0.03125
2 0.58828125 0.2484375 0.03125 0.0265625
2 0.54453125 0.22109375 0.0265625 0.0265625
2 0.5671875 0.2046875 0.0421875 0.0375
2 0.49375 0.19609375 0.034375 0.0328125
2 0.60546875 0.0953125 0.0421875 0.0328125
2 0.396875 0.3421875 0.0296875 0.034375
2 0.71484375 0.20703125 0.0328125 0.0296875
2 0.77265625 0.4890625 0.0296875 0.0359375
2 0.8 0.47265625 0.0296875 0.0296875
2 0.80625 0.50703125 0.0359375 0.03125
2 0.2640625 0.62421875 0.0453125 0.0328125
2 0.29140625 0.8859375 0.0328125 0.0265625
2 0.7 0.89140625 0.0375 0.0265625
2 0.76328125 0.809375 0.0359375 0.0328125
2 0.8359375 0.840625 0.0390625 0.0390625
2 0.15078125 0.64375 0.0453125 0.0390625