2 0.384375 0.26875 0.0359375 0.0390625
2 0.428125 0.4359375 0.0296875 0.034375
2 0.43203125 0.5171875 0.0453125 0.0359375
2 0.5140625 0.5109375 0.0578125 0.0453125
2 0.596875 0.56015625 0.0421875 0.040625
2 0.49140625 0.62734375 0.0421875 0.040625
2 0.421875 0.628125 0.0421875 0.0359375
2 0.40546875 0.5734375 0.0390625 0.040625
2 0.34765625 0.57734375 0.0390625 0.025
2 0.2984375 0.62109375 0.0328125 0.034375
2 0.24375 0.55390625 0.03125 0.028125
2 0.253125 0.61015625 0.0328125 0.0234375
2 0.25546875 0.6484375 0.0359375 0.0296875
2 0.2609375 0.6828125 0.0328125 0.025
2 0.20859375 0.6015625 0.0296875 0.034375
2 0.18203125 0.6828125 0.03125 0.028125
2 0.2546875 0.7609375 0.0359375 0.0359375
2 0.22421875 0.76953125 0.0265625 0.034375
2 0.3890625 0.68515625 0.03125 0.034375
2 0.36484375 0.63671875 0.0296875 0.0265625
2 0.36484375 0.72890625 0.0296875 0.0296875
2 0.4234375 0.72109375 0.03125 0.025
2 0.46953125 0.74921875 0.0265625 0.025
2 0.4484375 0.76484375 0.0421875 0.0375
2 0.52265625 0.77421875 0.034375 0.03125
2 0.41875 0.87421875 0.0421875 0.0328125
2 0.60703125 0.6296875 0.0296875 0.0328125
2 0.29921875 0.7609375 0.0328125 0.028125
2 0.2171875 0.478125 0.0296875 0.034375
2 0.190625 0.49453125 0.0296875 0.028125
2 0.18203125 0.46015625 0.0359375 0.03125
2 0.71484375 0.34921875 0.0453125 0.0328125
2 0.665625 0.08671875 0.0328125 0.025
2 0.2546875 0.07734375 0.0375 0.0265625
2 0.1984375 0.1578125 0.0359375 0.0328125
2 0.1234375 0.12578125 0.0390625 0.0390625
2 0.82734375 0.33125 0.0453125 0.0390625