2 0.59140625 0.675 0.0359375 0.040625
2 0.56171875 0.51015625 0.0296875 0.0359375
2 0.56484375 0.42890625 0.0453125 0.0375
2 0.48203125 0.4390625 0.0578125 0.0484375
2 0.40390625 0.39453125 0.0421875 0.0421875
2 0.5140625 0.32109375 0.0421875 0.0421875
2 0.5828125 0.3171875 0.0421875 0.0375
2 0.5953125 0.37109375 0.0390625 0.0421875
2 0.653125 0.3640625 0.0390625 0.0265625
2 0.70625 0.31796875 0.0328125 0.0375
2 0.75546875 0.38203125 0.03125 0.0296875
2 0.75078125 0.32578125 0.0328125 0.0265625
2 0.75078125 0.28828125 0.0359375 0.03125
2 0.7484375 0.25390625 0.0328125 0.028125
2 0.79453125 0.33203125 0.0296875 0.0359375
2 0.82734375 0.24921875 0.03125 0.0296875
2 0.7609375 0.175 0.0359375 0.0375
2 0.79296875 0.16484375 0.0265625 0.0359375
2 0.62109375 0.2578125 0.03125 0.0359375
2 0.64140625 0.30546875 0.0296875 0.028125
2 0.6484375 0.21328125 0.0296875 0.03125
2 0.58984375 0.22421875 0.03125 0.0265625
2 0.54609375 0.1984375 0.0265625 0.0265625
2 0.56875 0.18125 0.0421875 0.0390625
2 0.49453125 0.17578125 0.034375 0.034375
2 0.60625 0.0703125 0.0421875 0.034375
2 0.39921875 0.32578125 0.0296875 0.034375
2 0.71640625 0.17734375 0.0328125 0.03125
2 0.77578125 0.45625 0.0296875 0.0359375
2 0.803125 0.4390625 0.0296875 0.0296875
2 0.809375 0.47265625 0.0359375 0.0328125
2 0.26796875 0.61171875 0.0453125 0.034375
2 0.29609375 0.871875 0.0328125 0.028125
2 0.70546875 0.86015625 0.0375 0.028125
2 0.76796875 0.7765625 0.0359375 0.034375
2 0.840625 0.8046875 0.0390625 0.040625
2 0.1546875 0.6359375 0.0453125 0.040625