2 0.6546875 0.65703125 0.0359375 0.040625
2 0.61015625 0.49296875 0.0296875 0.0375
2 0.60625 0.41171875 0.0453125 0.0390625
2 0.5234375 0.42421875 0.0578125 0.05
2 0.440625 0.38203125 0.0421875 0.04375
2 0.54609375 0.30625 0.0421875 0.04375
2 0.61484375 0.29921875 0.0421875 0.0390625
2 0.63203125 0.353125 0.0390625 0.04375
2 0.68984375 0.34453125 0.0390625 0.028125
2 0.73828125 0.296875 0.0328125 0.0375
2 0.79375 0.359375 0.03125 0.03125
2 0.784375 0.30390625 0.0328125 0.0265625
2 0.78125 0.265625 0.0359375 0.03125
2 0.77578125 0.23125 0.0328125 0.028125
2 0.82890625 0.30859375 0.0296875 0.0375
2 0.8546875 0.225 0.03125 0.03125
2 0.78125 0.15234375 0.0359375 0.0375
2 0.8125 0.14140625 0.0265625 0.0375
2 0.64765625 0.23984375 0.03125 0.0375
2 0.67265625 0.28671875 0.0296875 0.0296875
2 0.671875 0.19375 0.0296875 0.0328125
2 0.61328125 0.20625 0.03125 0.028125
2 0.5671875 0.18203125 0.0265625 0.028125
2 0.58828125 0.1640625 0.0421875 0.040625
2 0.51328125 0.1609375 0.034375 0.034375
2 0.61640625 0.05234375 0.0421875 0.0359375
2 0.43046875 0.31328125 0.0296875 0.0359375
2 0.73671875 0.15625 0.0328125 0.03125
2 0.82109375 0.4328125 0.0296875 0.0375
2 0.846875 0.41484375 0.0296875 0.03125
2 0.85625 0.4484375 0.0359375 0.0328125
2 0.3234375 0.603125 0.0453125 0.0359375
2 0.375 0.86171875 0.0328125 0.028125
2 0.7859375 0.83828125 0.0375 0.028125
2 0.84140625 0.75234375 0.0359375 0.034375
2 0.91640625 0.778125 0.0390625 0.0421875
2 0.21171875 0.63046875 0.0453125 0.0421875