2 0.26171875 0.375 0.0390625 0.034375
2 0.428125 0.4125 0.0359375 0.028125
2 0.509375 0.41328125 0.0359375 0.04375
2 0.50234375 0.49609375 0.0453125 0.05625
2 0.55 0.5765625 0.040625 0.040625
2 0.61953125 0.46875 0.040625 0.040625
2 0.62109375 0.4 0.0359375 0.040625
2 0.56640625 0.38515625 0.040625 0.0375
2 0.571875 0.32734375 0.025 0.0375
2 0.61640625 0.2765625 0.0359375 0.03125
2 0.55 0.22421875 0.0296875 0.0296875
2 0.60625 0.23125 0.025 0.03125
2 0.64453125 0.2328125 0.0296875 0.034375
2 0.67890625 0.23671875 0.0265625 0.03125
2 0.5984375 0.1875 0.0359375 0.028125
2 0.68046875 0.1578125 0.0296875 0.0296875
2 0.75703125 0.228125 0.0359375 0.034375
2 0.76640625 0.196875 0.0359375 0.025
2 0.67890625 0.36484375 0.0359375 0.0296875
2 0.63046875 0.3421875 0.028125 0.028125
2 0.72265625 0.3390625 0.03125 0.028125
2 0.7140625 0.39765625 0.0265625 0.0296875
2 0.74140625 0.44296875 0.0265625 0.025
2 0.7578125 0.42109375 0.0375 0.040625
2 0.765625 0.4953125 0.0328125 0.0328125
2 0.86796875 0.38828125 0.0328125 0.040625
2 0.61953125 0.584375 0.034375 0.028125
2 0.75625 0.27265625 0.0296875 0.03125
2 0.475 0.2 0.0359375 0.028125
2 0.49140625 0.1734375 0.0296875 0.028125
2 0.45703125 0.165625 0.03125 0.034375
2 0.33671875 0.70234375 0.0328125 0.04375
2 0.075 0.66171875 0.0265625 0.03125
2 0.07265625 0.2515625 0.0265625 0.0359375
2 0.1546875 0.19296875 0.0328125 0.034375
2 0.12421875 0.11875 0.0390625 0.0375
2 0.3171875 0.81484375 0.0390625 0.04375