2 0.39140625 0.30390625 0.0359375 0.040625
2 0.43828125 0.47421875 0.0296875 0.0359375
2 0.44375 0.55546875 0.0453125 0.0375
2 0.5265625 0.55703125 0.059375 0.0484375
2 0.61015625 0.6140625 0.0421875 0.0421875
2 0.50625 0.67109375 0.0421875 0.0421875
2 0.4375 0.665625 0.0421875 0.0375
2 0.41875 0.60859375 0.0390625 0.0421875
2 0.36171875 0.6078125 0.0390625 0.0265625
2 0.31328125 0.646875 0.0328125 0.0359375
2 0.25703125 0.575 0.03125 0.0296875
2 0.2671875 0.63203125 0.0328125 0.025
2 0.27109375 0.6703125 0.0359375 0.03125
2 0.2765625 0.7046875 0.0328125 0.0265625
2 0.22265625 0.61953125 0.0296875 0.0359375
2 0.19765625 0.69765625 0.03125 0.0296875
2 0.27265625 0.78203125 0.0359375 0.0375
2 0.2421875 0.78828125 0.0265625 0.0359375
2 0.40546875 0.71953125 0.03125 0.0359375
2 0.3796875 0.66875 0.0296875 0.028125
2 0.38203125 0.76015625 0.0296875 0.03125
2 0.43984375 0.75859375 0.03125 0.0265625
2 0.4875 0.790625 0.0265625 0.0265625
2 0.46640625 0.8046875 0.0421875 0.0390625
2 0.54140625 0.8203125 0.034375 0.0328125
2 0.43984375 0.9109375 0.0421875 0.034375
2 0.621875 0.68359375 0.0296875 0.034375
2 0.3171875 0.7859375 0.0328125 0.0296875
2 0.228125 0.496875 0.0296875 0.0359375
2 0.20234375 0.5109375 0.0296875 0.0296875
2 0.19296875 0.47578125 0.0359375 0.0328125
2 0.7234375 0.41484375 0.0453125 0.034375
2 0.66796875 0.1484375 0.0328125 0.0265625
2 0.25625 0.10078125 0.0375 0.028125
2 0.20234375 0.17578125 0.0359375 0.034375
2 0.1265625 0.1375 0.0390625 0.040625
2 0.83515625 0.40703125 0.0453125 0.040625