2 0.28359375 0.34765625 0.0375 0.0375
2 0.45234375 0.36796875 0.034375 0.03125
2 0.53359375 0.3609375 0.034375 0.046875
2 0.53125 0.44453125 0.0453125 0.0609375
2 0.58359375 0.51953125 0.0390625 0.04375
2 0.64609375 0.40546875 0.0390625 0.04375
2 0.64453125 0.33671875 0.034375 0.04375
2 0.5890625 0.32734375 0.0390625 0.040625
2 0.590625 0.26953125 0.0234375 0.0390625
2 0.63203125 0.2140625 0.034375 0.034375
2 0.56328125 0.16875 0.028125 0.0328125
2 0.61953125 0.1703125 0.0234375 0.0328125
2 0.6578125 0.16796875 0.028125 0.0375
2 0.6921875 0.16875 0.025 0.034375
2 0.609375 0.12734375 0.034375 0.03125
2 0.68984375 0.08984375 0.028125 0.0328125
2 0.7703125 0.15234375 0.034375 0.0375
2 0.77734375 0.1203125 0.034375 0.028125
2 0.7 0.29609375 0.034375 0.0328125
2 0.65078125 0.278125 0.0265625 0.03125
2 0.74296875 0.265625 0.0296875 0.03125
2 0.7375 0.325 0.025 0.0328125
2 0.7671875 0.36796875 0.025 0.028125
2 0.78203125 0.34453125 0.0359375 0.04375
2 0.79453125 0.4171875 0.03125 0.0359375
2 0.890625 0.30078125 0.03125 0.04375
2 0.653125 0.5203125 0.0328125 0.03125
2 0.771875 0.196875 0.028125 0.034375
2 0.4859375 0.15234375 0.034375 0.03125
2 0.5015625 0.12421875 0.028125 0.03125
2 0.4671875 0.11953125 0.0296875 0.0375
2 0.378125 0.66640625 0.03125 0.046875
2 0.1140625 0.6515625 0.025 0.034375
2 0.0875 0.24296875 0.025 0.0390625
2 0.165625 0.1765625 0.03125 0.0375
2 0.13125 0.10625 0.0375 0.040625
2 0.3640625 0.78046875 0.0375 0.046875