2 0.25546875 0.3765625 0.0390625 0.034375
2 0.42109375 0.41484375 0.0359375 0.028125
2 0.50234375 0.41640625 0.0375 0.04375
2 0.49375 0.49921875 0.046875 0.05625
2 0.53984375 0.5796875 0.0421875 0.040625
2 0.6109375 0.47265625 0.0421875 0.040625
2 0.6140625 0.40390625 0.0375 0.040625
2 0.559375 0.38828125 0.040625 0.0375
2 0.56640625 0.33046875 0.025 0.0375
2 0.6109375 0.28046875 0.0359375 0.03125
2 0.54609375 0.22734375 0.0296875 0.0296875
2 0.60234375 0.23515625 0.025 0.03125
2 0.640625 0.23671875 0.0296875 0.034375
2 0.67421875 0.240625 0.0265625 0.03125
2 0.5953125 0.19140625 0.0359375 0.028125
2 0.67734375 0.16171875 0.0296875 0.0296875
2 0.753125 0.2328125 0.0359375 0.034375
2 0.7625 0.2015625 0.0359375 0.025
2 0.67265625 0.36875 0.0359375 0.0296875
2 0.62421875 0.34609375 0.028125 0.028125
2 0.7171875 0.34296875 0.03125 0.028125
2 0.70703125 0.4015625 0.0265625 0.0296875
2 0.73359375 0.44765625 0.0265625 0.025
2 0.75078125 0.42578125 0.0390625 0.040625
2 0.75703125 0.5 0.0328125 0.0328125
2 0.8609375 0.39375 0.034375 0.040625
2 0.60859375 0.58828125 0.034375 0.028125
2 0.7515625 0.27734375 0.0296875 0.03125
2 0.47109375 0.203125 0.0359375 0.028125
2 0.48828125 0.1765625 0.0296875 0.028125
2 0.4546875 0.16796875 0.03125 0.034375
2 0.325 0.7046875 0.034375 0.04375
2 0.0640625 0.6625 0.0265625 0.03125
2 0.06796875 0.25234375 0.0265625 0.0359375
2 0.1515625 0.19375 0.0328125 0.034375
2 0.121875 0.11953125 0.0390625 0.0375
2 0.30234375 0.8171875 0.040625 0.04375