2 0.27734375 0.35703125 0.0375 0.0375
2 0.4453125 0.38359375 0.034375 0.0296875
2 0.5265625 0.3796875 0.034375 0.0453125
2 0.52265625 0.4625 0.04375 0.059375
2 0.5734375 0.53984375 0.0390625 0.04375
2 0.63828125 0.428125 0.0390625 0.04375
2 0.6375 0.359375 0.034375 0.0421875
2 0.58203125 0.34765625 0.0390625 0.040625
2 0.58515625 0.28984375 0.0234375 0.0390625
2 0.62734375 0.23671875 0.034375 0.0328125
2 0.559375 0.18828125 0.028125 0.03125
2 0.615625 0.1921875 0.0234375 0.0328125
2 0.65390625 0.190625 0.028125 0.0359375
2 0.68828125 0.19296875 0.025 0.0328125
2 0.60625 0.1484375 0.034375 0.0296875
2 0.68671875 0.1140625 0.028125 0.03125
2 0.76640625 0.17890625 0.034375 0.0359375
2 0.77421875 0.146875 0.034375 0.0265625
2 0.69375 0.3203125 0.034375 0.03125
2 0.64453125 0.30078125 0.0265625 0.0296875
2 0.73671875 0.2921875 0.0296875 0.0296875
2 0.73046875 0.35078125 0.025 0.03125
2 0.759375 0.39453125 0.025 0.0265625
2 0.775 0.37109375 0.0359375 0.0421875
2 0.7859375 0.4453125 0.03125 0.034375
2 0.88359375 0.33203125 0.03125 0.0421875
2 0.64296875 0.54296875 0.0328125 0.0296875
2 0.7671875 0.2234375 0.028125 0.0328125
2 0.4828125 0.16875 0.034375 0.0296875
2 0.4984375 0.14140625 0.028125 0.0296875
2 0.4640625 0.1359375 0.0296875 0.0359375
2 0.365625 0.67890625 0.03125 0.0453125
2 0.10234375 0.65546875 0.025 0.0328125
2 0.0828125 0.24609375 0.025 0.0375
2 0.1625 0.1828125 0.03125 0.0359375
2 0.12890625 0.11015625 0.0375 0.040625
2 0.35 0.7921875 0.0375 0.046875