2 0.39296875 0.25546875 0.0375 0.0390625
2 0.44140625 0.42109375 0.0296875 0.0359375
2 0.446875 0.50234375 0.0453125 0.0375
2 0.5296875 0.49375 0.059375 0.046875
2 0.61328125 0.53984375 0.04375 0.0421875
2 0.509375 0.6109375 0.04375 0.0421875
2 0.440625 0.6140625 0.0421875 0.0375
2 0.42265625 0.559375 0.040625 0.040625
2 0.36484375 0.56640625 0.0390625 0.025
2 0.31640625 0.6109375 0.0328125 0.0359375
2 0.26015625 0.54609375 0.03125 0.0296875
2 0.2703125 0.60234375 0.0328125 0.025
2 0.275 0.640625 0.0359375 0.0296875
2 0.28046875 0.67421875 0.0328125 0.0265625
2 0.2265625 0.5953125 0.0296875 0.0359375
2 0.2015625 0.67734375 0.03125 0.0296875
2 0.27734375 0.753125 0.0359375 0.0359375
2 0.246875 0.7625 0.0265625 0.0359375
2 0.409375 0.67265625 0.03125 0.0359375
2 0.38359375 0.62421875 0.0296875 0.028125
2 0.3859375 0.7171875 0.0296875 0.03125
2 0.44453125 0.70703125 0.03125 0.0265625
2 0.49140625 0.73359375 0.0265625 0.0265625
2 0.47109375 0.75078125 0.0421875 0.0390625
2 0.5453125 0.75703125 0.034375 0.0328125
2 0.44453125 0.8609375 0.0421875 0.034375
2 0.62578125 0.60859375 0.0296875 0.034375
2 0.321875 0.7515625 0.0328125 0.0296875
2 0.23125 0.47109375 0.0296875 0.0359375
2 0.20546875 0.48828125 0.0296875 0.0296875
2 0.1953125 0.4546875 0.0359375 0.03125
2 0.72578125 0.325 0.0453125 0.034375
2 0.66796875 0.0640625 0.0328125 0.0265625
2 0.25703125 0.06796875 0.0375 0.0265625
2 0.203125 0.1515625 0.0359375 0.0328125
2 0.12734375 0.121875 0.040625 0.0390625
2 0.8375 0.30234375 0.046875 0.040625