2 0.30390625 0.35390625 0.040625 0.0375
2 0.47421875 0.37890625 0.0359375 0.03125
2 0.55546875 0.3734375 0.0375 0.046875
2 0.55703125 0.45625 0.0484375 0.059375
2 0.6140625 0.5328125 0.0421875 0.04375
2 0.67109375 0.4203125 0.0421875 0.04375
2 0.665625 0.3515625 0.0375 0.04375
2 0.60859375 0.34140625 0.0421875 0.040625
2 0.6078125 0.2828125 0.0265625 0.0390625
2 0.646875 0.22890625 0.0359375 0.034375
2 0.575 0.18203125 0.0296875 0.03125
2 0.63203125 0.184375 0.025 0.0328125
2 0.6703125 0.18359375 0.03125 0.0359375
2 0.7046875 0.184375 0.0265625 0.0328125
2 0.61953125 0.14140625 0.0359375 0.03125
2 0.69765625 0.10546875 0.0296875 0.03125
2 0.78203125 0.1703125 0.0375 0.0375
2 0.78828125 0.13828125 0.0359375 0.028125
2 0.71953125 0.3125 0.0359375 0.0328125
2 0.66875 0.29296875 0.028125 0.0296875
2 0.76015625 0.28359375 0.03125 0.0296875
2 0.75859375 0.3421875 0.0265625 0.03125
2 0.790625 0.38515625 0.0265625 0.0265625
2 0.8046875 0.3625 0.0390625 0.04375
2 0.8203125 0.4359375 0.0328125 0.0359375
2 0.9109375 0.32109375 0.034375 0.04375
2 0.68359375 0.5359375 0.034375 0.03125
2 0.7859375 0.21484375 0.0296875 0.0328125
2 0.496875 0.16328125 0.0359375 0.03125
2 0.5109375 0.1359375 0.0296875 0.0296875
2 0.47578125 0.13046875 0.0328125 0.0359375
2 0.41484375 0.675 0.034375 0.046875
2 0.1484375 0.65390625 0.0265625 0.0328125
2 0.10078125 0.2453125 0.028125 0.0375
2 0.17578125 0.18046875 0.034375 0.0375
2 0.1375 0.10859375 0.040625 0.040625
2 0.40703125 0.78828125 0.040625 0.046875