2 0.365625 0.29921875 0.0359375 0.0390625
2 0.396875 0.46953125 0.0296875 0.0359375
2 0.39453125 0.55078125 0.0453125 0.0375
2 0.478125 0.5515625 0.0578125 0.046875
2 0.55625 0.60703125 0.0421875 0.0421875
2 0.44609375 0.665625 0.0421875 0.0421875
2 0.378125 0.6609375 0.0421875 0.0375
2 0.36484375 0.6046875 0.0390625 0.040625
2 0.30703125 0.60390625 0.0390625 0.025
2 0.2546875 0.64375 0.0328125 0.0359375
2 0.2046875 0.57265625 0.03125 0.0296875
2 0.209375 0.62890625 0.0328125 0.025
2 0.21015625 0.6671875 0.0359375 0.0296875
2 0.2125 0.70234375 0.0328125 0.0265625
2 0.16640625 0.6171875 0.0296875 0.0359375
2 0.13359375 0.69609375 0.03125 0.0296875
2 0.2015625 0.7796875 0.0359375 0.0359375
2 0.16953125 0.7859375 0.0265625 0.0359375
2 0.340625 0.71484375 0.03125 0.0359375
2 0.31953125 0.66484375 0.0296875 0.028125
2 0.31328125 0.75625 0.0296875 0.03125
2 0.371875 0.75390625 0.03125 0.0265625
2 0.41640625 0.78515625 0.0265625 0.0265625
2 0.39375 0.79921875 0.0421875 0.0390625
2 0.46796875 0.81484375 0.034375 0.0328125
2 0.3578125 0.90625 0.0421875 0.034375
2 0.56171875 0.67734375 0.0296875 0.034375
2 0.24609375 0.7828125 0.0328125 0.0296875
2 0.1828125 0.49453125 0.0296875 0.0359375
2 0.15625 0.50859375 0.0296875 0.0296875
2 0.14921875 0.4734375 0.0359375 0.03125
2 0.68984375 0.40625 0.0453125 0.034375
2 0.6578125 0.140625 0.0328125 0.0265625
2 0.2484375 0.09765625 0.0375 0.0265625
2 0.1875 0.1734375 0.0359375 0.0328125
2 0.1140625 0.1359375 0.0390625 0.0390625
2 0.80234375 0.39765625 0.0453125 0.040625