2 0.39453125 0.3015625 0.0375 0.0390625
2 0.44375 0.471875 0.03125 0.0359375
2 0.45 0.553125 0.046875 0.0375
2 0.5328125 0.5546875 0.059375 0.046875
2 0.61640625 0.61015625 0.04375 0.0421875
2 0.51328125 0.66796875 0.04375 0.0421875
2 0.44453125 0.66328125 0.04375 0.0375
2 0.42578125 0.60703125 0.040625 0.0421875
2 0.36796875 0.60625 0.0390625 0.0265625
2 0.3203125 0.6453125 0.034375 0.0359375
2 0.26328125 0.5734375 0.03125 0.0296875
2 0.27421875 0.63046875 0.0328125 0.025
2 0.27890625 0.66875 0.0359375 0.0296875
2 0.28515625 0.703125 0.0328125 0.0265625
2 0.2296875 0.61796875 0.03125 0.0359375
2 0.20546875 0.696875 0.03125 0.0296875
2 0.28203125 0.78125 0.0375 0.0359375
2 0.25078125 0.78671875 0.028125 0.0359375
2 0.41328125 0.7171875 0.0328125 0.0359375
2 0.3875 0.66640625 0.0296875 0.028125
2 0.390625 0.75859375 0.0296875 0.03125
2 0.4484375 0.75625 0.03125 0.0265625
2 0.49609375 0.7875 0.0265625 0.0265625
2 0.475 0.80234375 0.04375 0.0390625
2 0.55 0.81796875 0.034375 0.0328125
2 0.45 0.90859375 0.0421875 0.034375
2 0.6296875 0.68046875 0.0296875 0.034375
2 0.3265625 0.784375 0.0328125 0.0296875
2 0.23359375 0.4953125 0.03125 0.0359375
2 0.20859375 0.509375 0.0296875 0.0296875
2 0.1984375 0.475 0.0359375 0.03125
2 0.728125 0.4109375 0.0453125 0.034375
2 0.66875 0.14453125 0.0328125 0.0265625
2 0.25703125 0.09921875 0.0375 0.0265625
2 0.2046875 0.175 0.0359375 0.0328125
2 0.128125 0.13671875 0.040625 0.040625
2 0.8390625 0.40234375 0.046875 0.040625