2 0.65859375 0.71875 0.0359375 0.0375
2 0.61328125 0.5515625 0.0296875 0.034375
2 0.60859375 0.4703125 0.0453125 0.034375
2 0.52578125 0.47421875 0.0578125 0.04375
2 0.44296875 0.42421875 0.0421875 0.0390625
2 0.5484375 0.35859375 0.0421875 0.0390625
2 0.6171875 0.359375 0.0421875 0.034375
2 0.634375 0.4140625 0.0390625 0.0390625
2 0.6921875 0.4109375 0.0390625 0.0234375
2 0.740625 0.36875 0.0328125 0.034375
2 0.79609375 0.4359375 0.03125 0.028125
2 0.78671875 0.3796875 0.0328125 0.0234375
2 0.78359375 0.34140625 0.0359375 0.028125
2 0.778125 0.30703125 0.0328125 0.025
2 0.83046875 0.3890625 0.0296875 0.034375
2 0.85703125 0.30859375 0.03125 0.028125
2 0.7828125 0.22890625 0.0359375 0.034375
2 0.81328125 0.22109375 0.0265625 0.034375
2 0.64921875 0.30234375 0.03125 0.034375
2 0.67421875 0.3515625 0.0296875 0.0265625
2 0.6734375 0.259375 0.0296875 0.0296875
2 0.61484375 0.26640625 0.03125 0.025
2 0.56796875 0.2375 0.0265625 0.025
2 0.5890625 0.221875 0.0421875 0.0359375
2 0.51484375 0.2109375 0.034375 0.03125
2 0.6171875 0.1125 0.0421875 0.03125
2 0.43203125 0.3546875 0.0296875 0.0328125
2 0.73828125 0.22890625 0.0328125 0.028125
2 0.82421875 0.5125 0.0296875 0.034375
2 0.85 0.496875 0.0296875 0.028125
2 0.859375 0.53125 0.0359375 0.0296875
2 0.32734375 0.6328125 0.0453125 0.03125
2 0.38046875 0.8953125 0.0328125 0.025
2 0.79140625 0.9125 0.0375 0.025
2 0.84609375 0.8328125 0.0359375 0.03125
2 0.921875 0.865625 0.0390625 0.0375
2 0.215625 0.64921875 0.0453125 0.0375