2 0.67578125 0.66796875 0.0375 0.040625
2 0.6265625 0.503125 0.03125 0.0375
2 0.61953125 0.421875 0.046875 0.0375
2 0.5375 0.43359375 0.059375 0.0484375
2 0.453125 0.38984375 0.04375 0.0421875
2 0.55625 0.315625 0.04375 0.0421875
2 0.625 0.31015625 0.04375 0.0375
2 0.64375 0.3640625 0.040625 0.0421875
2 0.7015625 0.35625 0.0390625 0.0265625
2 0.74921875 0.309375 0.034375 0.0375
2 0.80625 0.37265625 0.03125 0.03125
2 0.7953125 0.3171875 0.0328125 0.0265625
2 0.79140625 0.27890625 0.0359375 0.03125
2 0.78515625 0.2453125 0.0328125 0.028125
2 0.83984375 0.32265625 0.03125 0.0375
2 0.8640625 0.23984375 0.03125 0.03125
2 0.78828125 0.16640625 0.0375 0.0375
2 0.81875 0.15546875 0.028125 0.0359375
2 0.65625 0.25078125 0.0328125 0.0375
2 0.6828125 0.29765625 0.0296875 0.0296875
2 0.6796875 0.20546875 0.0296875 0.0328125
2 0.62109375 0.2171875 0.03125 0.028125
2 0.57421875 0.1921875 0.0265625 0.0265625
2 0.59453125 0.17421875 0.04375 0.0390625
2 0.51953125 0.16953125 0.034375 0.034375
2 0.61953125 0.0625 0.0421875 0.034375
2 0.440625 0.3203125 0.0296875 0.0359375
2 0.74375 0.16953125 0.0328125 0.03125
2 0.8359375 0.446875 0.03125 0.0375
2 0.86171875 0.42890625 0.0296875 0.03125
2 0.871875 0.46328125 0.0359375 0.0328125
2 0.3421875 0.60859375 0.0453125 0.034375
2 0.40078125 0.86796875 0.0328125 0.028125
2 0.8125 0.8515625 0.0375 0.028125
2 0.865625 0.7671875 0.0359375 0.034375
2 0.9421875 0.79375 0.040625 0.040625
2 0.23046875 0.63359375 0.046875 0.040625