2 0.8453125 0.6 0.01875 0.0265625
2 0.79296875 0.6 0.01875 0.0203125
2 0.746875 0.55625 0.0171875 0.0203125
2 0.6953125 0.559375 0.0125 0.0171875
2 0.7046875 0.58984375 0.0140625 0.0203125
2 0.65078125 0.57734375 0.0171875 0.0234375
2 0.5984375 0.55546875 0.015625 0.0203125
2 0.5234375 0.52578125 0.0140625 0.015625
2 0.47890625 0.559375 0.0171875 0.021875
2 0.8984375 0.55625 0.0140625 0.0203125
2 0.853125 0.52109375 0.0125 0.0140625
2 0.79921875 0.51953125 0.015625 0.01875
2 0.7421875 0.63046875 0.0140625 0.0140625
2 0.69140625 0.6328125 0.0203125 0.0203125
2 0.5546875 0.5703125 0.015625 0.0234375
2 0.55 0.61484375 0.0140625 0.0140625
2 0.5921875 0.5875 0.0140625 0.0171875
2 0.70546875 0.52578125 0.0140625 0.0171875
2 0.29140625 0.5328125 0.01875 0.01875
2 0.321875 0.55859375 0.0109375 0.0171875
2 0.35234375 0.55625 0.01875 0.01875
2 0.32265625 0.6140625 0.0140625 0.0140625
2 0.2765625 0.5921875 0.0140625 0.01875
2 0.25390625 0.528125 0.015625 0.01875
2 0.2265625 0.5765625 0.0140625 0.0203125
2 0.2046875 0.52734375 0.0171875 0.0234375
2 0.178125 0.56484375 0.0140625 0.0140625
2 0.89921875 0.64921875 0.0140625 0.0171875
2 0.659375 0.521875 0.0140625 0.0171875
2 0.61328125 0.5125 0.0140625 0.0171875
2 0.384375 0.5296875 0.0171875 0.0203125
2 0.24140625 0.50234375 0.0140625 0.0140625