2 0.815625 0.45390625 0.0171875 0.0265625
2 0.7640625 0.46328125 0.0171875 0.0203125
2 0.71953125 0.42734375 0.015625 0.0203125
2 0.6671875 0.43984375 0.0109375 0.015625
2 0.67578125 0.46875 0.0125 0.01875
2 0.62109375 0.465625 0.015625 0.0234375
2 0.5703125 0.453125 0.0140625 0.0203125
2 0.49609375 0.43671875 0.0125 0.0140625
2 0.45 0.47890625 0.015625 0.021875
2 0.87265625 0.39921875 0.0125 0.01875
2 0.828125 0.37265625 0.0109375 0.0125
2 0.77421875 0.38046875 0.0140625 0.01875
2 0.71015625 0.503125 0.0125 0.0125
2 0.659375 0.5140625 0.01875 0.0203125
2 0.52578125 0.47578125 0.0140625 0.0234375
2 0.51796875 0.52265625 0.0125 0.0125
2 0.56171875 0.4875 0.0125 0.015625
2 0.6796875 0.40390625 0.0125 0.015625
2 0.26171875 0.48671875 0.0171875 0.01875
2 0.29140625 0.50703125 0.009375 0.015625
2 0.32265625 0.4984375 0.0171875 0.01875
2 0.2890625 0.56328125 0.0125 0.0125
2 0.24375 0.54921875 0.0125 0.0171875
2 0.22421875 0.4890625 0.0140625 0.01875
2 0.19375 0.54296875 0.0125 0.01875
2 0.17578125 0.49609375 0.015625 0.0234375
2 0.14609375 0.53984375 0.0125 0.0125
2 0.8671875 0.49375 0.0125 0.015625
2 0.63359375 0.4078125 0.0125 0.015625
2 0.5875 0.4078125 0.0125 0.015625
2 0.35546875 0.46640625 0.015625 0.0203125
2 0.21328125 0.46484375 0.0125 0.0125