2 0.83359375 0.52890625 0.01875 0.025
2 0.78125 0.53359375 0.01875 0.01875
2 0.7359375 0.49375 0.0171875 0.01875
2 0.684375 0.5015625 0.0109375 0.015625
2 0.69296875 0.53125 0.0140625 0.01875
2 0.6390625 0.5234375 0.0171875 0.021875
2 0.5875 0.50546875 0.015625 0.01875
2 0.5125 0.4828125 0.0125 0.0140625
2 0.4671875 0.5203125 0.0171875 0.0203125
2 0.88828125 0.48046875 0.0140625 0.01875
2 0.84296875 0.44921875 0.0109375 0.0125
2 0.7890625 0.4515625 0.015625 0.0171875
2 0.72890625 0.56796875 0.0125 0.0125
2 0.67890625 0.575 0.0203125 0.01875
2 0.54296875 0.52421875 0.015625 0.021875
2 0.5375 0.5703125 0.0125 0.0125
2 0.5796875 0.5390625 0.0125 0.015625
2 0.69453125 0.46640625 0.0125 0.015625
2 0.2796875 0.51015625 0.01875 0.0171875
2 0.309375 0.53359375 0.009375 0.015625
2 0.340625 0.528125 0.01875 0.0171875
2 0.309375 0.58984375 0.0125 0.0125
2 0.2640625 0.571875 0.0140625 0.0171875
2 0.2421875 0.509375 0.015625 0.0171875
2 0.21328125 0.56015625 0.0140625 0.01875
2 0.19296875 0.5125 0.0171875 0.021875
2 0.165625 0.55234375 0.0125 0.0125
2 0.8859375 0.5734375 0.0125 0.015625
2 0.64921875 0.46640625 0.0125 0.015625
2 0.60234375 0.46171875 0.0125 0.015625
2 0.37265625 0.49921875 0.0171875 0.01875
2 0.2296875 0.48359375 0.0125 0.0125