2 0.178125 0.47578125 0.0171875 0.0265625
2 0.23046875 0.46328125 0.0171875 0.0203125
2 0.2734375 0.49609375 0.015625 0.0203125
2 0.32578125 0.48046875 0.0109375 0.0171875
2 0.31875 0.4515625 0.0125 0.0203125
2 0.37265625 0.4515625 0.015625 0.0234375
2 0.4234375 0.4609375 0.0140625 0.0203125
2 0.496875 0.471875 0.0125 0.015625
2 0.54453125 0.42734375 0.015625 0.021875
2 0.1203125 0.53359375 0.0125 0.0203125
2 0.16328125 0.5578125 0.0109375 0.0140625
2 0.2171875 0.546875 0.0140625 0.01875
2 0.28515625 0.41953125 0.0125 0.0140625
2 0.33671875 0.4046875 0.01875 0.0203125
2 0.46875 0.434375 0.0140625 0.0234375
2 0.478125 0.3875 0.0125 0.0140625
2 0.43359375 0.42578125 0.0125 0.0171875
2 0.3125 0.5171875 0.0125 0.0171875
2 0.73203125 0.40703125 0.0171875 0.01875
2 0.70390625 0.3890625 0.009375 0.0171875
2 0.67265625 0.39921875 0.0171875 0.01875
2 0.7078125 0.33203125 0.0125 0.0140625
2 0.75234375 0.34296875 0.0125 0.01875
2 0.76953125 0.40234375 0.0140625 0.01875
2 0.80234375 0.34609375 0.0125 0.0203125
2 0.81875 0.39140625 0.015625 0.0234375
2 0.85 0.346875 0.0125 0.0140625
2 0.128125 0.4390625 0.0125 0.0171875
2 0.35859375 0.51015625 0.0125 0.0171875
2 0.4046875 0.50703125 0.0125 0.0171875
2 0.63828125 0.43359375 0.015625 0.0203125
2 0.7796875 0.42578125 0.0125 0.0140625