2 0.81875 0.49609375 0.0171875 0.025
2 0.76640625 0.50234375 0.0171875 0.01875
2 0.721875 0.46484375 0.015625 0.01875
2 0.6703125 0.47421875 0.0109375 0.015625
2 0.678125 0.50390625 0.0125 0.01875
2 0.62421875 0.49765625 0.015625 0.021875
2 0.5734375 0.4828125 0.0140625 0.01875
2 0.4984375 0.4625 0.0125 0.0140625
2 0.45234375 0.50234375 0.015625 0.0203125
2 0.875 0.4453125 0.0125 0.01875
2 0.83046875 0.415625 0.0109375 0.0125
2 0.7765625 0.4203125 0.0140625 0.0171875
2 0.71328125 0.53984375 0.0125 0.0125
2 0.6625 0.5484375 0.01875 0.01875
2 0.528125 0.503125 0.0140625 0.021875
2 0.52109375 0.54921875 0.0125 0.0125
2 0.56484375 0.51640625 0.0125 0.015625
2 0.68203125 0.4390625 0.0125 0.015625
2 0.26484375 0.5 0.0171875 0.0171875
2 0.29453125 0.521875 0.009375 0.015625
2 0.32578125 0.515625 0.0171875 0.0171875
2 0.2921875 0.578125 0.0125 0.0125
2 0.24765625 0.56171875 0.0125 0.0171875
2 0.22734375 0.5 0.0140625 0.0171875
2 0.196875 0.553125 0.0125 0.01875
2 0.178125 0.50546875 0.015625 0.021875
2 0.14921875 0.546875 0.0125 0.0125
2 0.8703125 0.5390625 0.0125 0.015625
2 0.6359375 0.440625 0.0125 0.015625
2 0.58984375 0.43828125 0.0125 0.015625
2 0.35859375 0.484375 0.015625 0.01875
2 0.21640625 0.475 0.0125 0.0125