2 0.76953125 0.52421875 0.01875 0.025
2 0.71640625 0.52890625 0.01875 0.01875
2 0.67578125 0.48984375 0.0171875 0.01875
2 0.62265625 0.49765625 0.0125 0.015625
2 0.628125 0.52734375 0.0140625 0.01875
2 0.575 0.51953125 0.0171875 0.021875
2 0.525 0.50234375 0.015625 0.01875
2 0.45234375 0.4796875 0.0140625 0.0140625
2 0.40234375 0.51796875 0.0171875 0.0203125
2 0.83046875 0.475 0.0140625 0.01875
2 0.7890625 0.44453125 0.0125 0.0125
2 0.73515625 0.44765625 0.015625 0.0171875
2 0.659375 0.5640625 0.0140625 0.0125
2 0.6078125 0.57109375 0.0203125 0.01875
2 0.478125 0.52109375 0.015625 0.021875
2 0.46640625 0.5671875 0.0140625 0.0125
2 0.51328125 0.5359375 0.0140625 0.015625
2 0.63828125 0.4625 0.0140625 0.015625
2 0.215625 0.509375 0.01875 0.0171875
2 0.2421875 0.53203125 0.0109375 0.015625
2 0.27421875 0.5265625 0.01875 0.0171875
2 0.234375 0.58828125 0.0140625 0.0125
2 0.19140625 0.5703125 0.0140625 0.0171875
2 0.178125 0.5078125 0.015625 0.0171875
2 0.1421875 0.559375 0.0140625 0.01875
2 0.128125 0.5109375 0.0171875 0.021875
2 0.0953125 0.5515625 0.0140625 0.0125
2 0.81640625 0.56875 0.0140625 0.015625
2 0.5921875 0.4625 0.0140625 0.015625
2 0.54609375 0.45859375 0.0140625 0.015625
2 0.31015625 0.496875 0.0171875 0.01875
2 0.16875 0.4828125 0.0140625 0.0125