2 0.815625 0.44375 0.0171875 0.0265625
2 0.7640625 0.45390625 0.0171875 0.0203125
2 0.71953125 0.41875 0.015625 0.0203125
2 0.6671875 0.43203125 0.0109375 0.015625
2 0.67578125 0.4609375 0.0125 0.0203125
2 0.62109375 0.45859375 0.015625 0.0234375
2 0.5703125 0.44609375 0.0140625 0.0203125
2 0.49609375 0.43125 0.0125 0.015625
2 0.45 0.4734375 0.015625 0.021875
2 0.87265625 0.3890625 0.0125 0.0203125
2 0.828125 0.3625 0.0109375 0.0125
2 0.77421875 0.37109375 0.0140625 0.01875
2 0.71015625 0.49453125 0.0125 0.0140625
2 0.659375 0.50703125 0.01875 0.0203125
2 0.52578125 0.46953125 0.0140625 0.0234375
2 0.51796875 0.51640625 0.0125 0.0140625
2 0.56171875 0.48046875 0.0125 0.0171875
2 0.6796875 0.39609375 0.0125 0.0171875
2 0.26171875 0.48359375 0.0171875 0.01875
2 0.29140625 0.503125 0.009375 0.015625
2 0.32265625 0.4953125 0.0171875 0.01875
2 0.2890625 0.56015625 0.0125 0.0140625
2 0.24375 0.546875 0.0125 0.01875
2 0.22421875 0.4859375 0.0140625 0.01875
2 0.19375 0.540625 0.0125 0.0203125
2 0.17578125 0.49453125 0.015625 0.0234375
2 0.14609375 0.5375 0.0125 0.0140625
2 0.8671875 0.48359375 0.0125 0.0171875
2 0.63359375 0.40078125 0.0125 0.0171875
2 0.5875 0.40078125 0.0125 0.0171875
2 0.35546875 0.4625 0.015625 0.0203125
2 0.21328125 0.46171875 0.0125 0.0140625