2 0.1578125 0.5125 0.01875 0.0265625
2 0.2109375 0.51015625 0.01875 0.0203125
2 0.2515625 0.5515625 0.0171875 0.0203125
2 0.3046875 0.5453125 0.0125 0.015625
2 0.29921875 0.515625 0.0140625 0.0203125
2 0.35234375 0.525 0.0171875 0.0234375
2 0.40234375 0.54453125 0.015625 0.0203125
2 0.475 0.5703125 0.0140625 0.015625
2 0.52421875 0.534375 0.0171875 0.021875
2 0.09765625 0.559375 0.0140625 0.0203125
2 0.1390625 0.5921875 0.0125 0.0125
2 0.19375 0.59140625 0.015625 0.01875
2 0.2671875 0.47734375 0.0140625 0.0140625
2 0.31796875 0.471875 0.0203125 0.0203125
2 0.4484375 0.52734375 0.015625 0.0234375
2 0.459375 0.48203125 0.0140625 0.0140625
2 0.4140625 0.51171875 0.0140625 0.0171875
2 0.28984375 0.5796875 0.0140625 0.0171875
2 0.71171875 0.55078125 0.01875 0.01875
2 0.684375 0.5265625 0.0109375 0.015625
2 0.65234375 0.53046875 0.01875 0.01875
2 0.69140625 0.4703125 0.0140625 0.0140625
2 0.734375 0.48984375 0.0140625 0.01875
2 0.74921875 0.553125 0.015625 0.01875
2 0.78359375 0.503125 0.0140625 0.0203125
2 0.7984375 0.5515625 0.0171875 0.0234375
2 0.83125 0.5125 0.0140625 0.0140625
2 0.11015625 0.465625 0.0140625 0.0171875
2 0.3359375 0.58125 0.0140625 0.0171875
2 0.38203125 0.5875 0.0140625 0.0171875
2 0.6171875 0.55859375 0.0171875 0.0203125
2 0.75859375 0.57890625 0.0140625 0.0140625