2 0.18984375 0.515625 0.0171875 0.0265625
2 0.2421875 0.5140625 0.0171875 0.0203125
2 0.2859375 0.55625 0.015625 0.0203125
2 0.33828125 0.5515625 0.0109375 0.0171875
2 0.33046875 0.52109375 0.0125 0.0203125
2 0.384375 0.53203125 0.015625 0.0234375
2 0.43515625 0.55234375 0.0140625 0.0203125
2 0.509375 0.57890625 0.0125 0.015625
2 0.55625 0.54375 0.015625 0.021875
2 0.1328125 0.56171875 0.0125 0.0203125
2 0.1765625 0.5953125 0.0109375 0.0140625
2 0.23046875 0.5953125 0.0140625 0.01875
2 0.29609375 0.48203125 0.0125 0.0140625
2 0.346875 0.478125 0.01875 0.0203125
2 0.48046875 0.5359375 0.0140625 0.0234375
2 0.48828125 0.490625 0.0125 0.0140625
2 0.44453125 0.51953125 0.0125 0.0171875
2 0.32578125 0.58515625 0.0125 0.0171875
2 0.74375 0.56328125 0.0171875 0.01875
2 0.71484375 0.5390625 0.009375 0.0171875
2 0.68359375 0.54296875 0.0171875 0.01875
2 0.71796875 0.4828125 0.0125 0.0140625
2 0.7625 0.503125 0.0125 0.01875
2 0.78125 0.56640625 0.0140625 0.01875
2 0.8125 0.5171875 0.0125 0.0203125
2 0.83046875 0.56640625 0.015625 0.0234375
2 0.86015625 0.52734375 0.0125 0.0140625
2 0.1390625 0.46875 0.0125 0.0171875
2 0.371875 0.58828125 0.0125 0.0171875
2 0.41796875 0.5953125 0.0125 0.0171875
2 0.65 0.5703125 0.015625 0.0203125
2 0.7921875 0.59296875 0.0125 0.0140625