2 0.20703125 0.47578125 0.01875 0.0265625
2 0.259375 0.46328125 0.0171875 0.0203125
2 0.3046875 0.49609375 0.015625 0.0203125
2 0.35625 0.48046875 0.0109375 0.0171875
2 0.34765625 0.4515625 0.0125 0.0203125
2 0.4015625 0.4515625 0.015625 0.0234375
2 0.453125 0.4609375 0.0140625 0.0203125
2 0.528125 0.471875 0.0125 0.015625
2 0.5734375 0.42734375 0.015625 0.021875
2 0.15234375 0.53359375 0.0125 0.0203125
2 0.196875 0.5578125 0.0109375 0.0140625
2 0.25078125 0.546875 0.0140625 0.01875
2 0.31171875 0.41953125 0.0125 0.0140625
2 0.3625 0.4046875 0.01875 0.0203125
2 0.49765625 0.434375 0.0140625 0.0234375
2 0.50390625 0.3875 0.0125 0.0140625
2 0.4609375 0.42578125 0.0125 0.0171875
2 0.3453125 0.5171875 0.0125 0.0171875
2 0.7609375 0.40703125 0.0171875 0.01875
2 0.73125 0.3890625 0.009375 0.0171875
2 0.70078125 0.39921875 0.0171875 0.01875
2 0.7328125 0.33203125 0.0125 0.0140625
2 0.778125 0.34296875 0.0125 0.01875
2 0.7984375 0.40234375 0.0140625 0.01875
2 0.828125 0.34609375 0.0125 0.0203125
2 0.84765625 0.39140625 0.015625 0.0234375
2 0.87578125 0.346875 0.0125 0.0140625
2 0.1546875 0.4390625 0.0125 0.0171875
2 0.39140625 0.51015625 0.0125 0.0171875
2 0.4375 0.50703125 0.0125 0.0171875
2 0.66796875 0.43359375 0.015625 0.0203125
2 0.81015625 0.42578125 0.0125 0.0140625