2 0.2046875 0.490625 0.0171875 0.0265625
2 0.25625 0.48203125 0.0171875 0.0203125
2 0.3015625 0.51796875 0.015625 0.01875
2 0.353125 0.50625 0.0109375 0.015625
2 0.34453125 0.4765625 0.0125 0.01875
2 0.39921875 0.48046875 0.015625 0.021875
2 0.45 0.49375 0.0140625 0.01875
2 0.525 0.5109375 0.0125 0.0140625
2 0.5703125 0.46953125 0.015625 0.0203125
2 0.1484375 0.54375 0.0125 0.01875
2 0.19375 0.57109375 0.0109375 0.0125
2 0.246875 0.5640625 0.0140625 0.0171875
2 0.309375 0.4421875 0.0125 0.0125
2 0.36015625 0.43125 0.01875 0.0203125
2 0.49453125 0.47109375 0.0140625 0.021875
2 0.5015625 0.425 0.0125 0.0125
2 0.45859375 0.459375 0.0125 0.015625
2 0.3421875 0.5421875 0.0125 0.015625
2 0.75859375 0.4640625 0.0171875 0.01875
2 0.72890625 0.44296875 0.009375 0.015625
2 0.69765625 0.45078125 0.0171875 0.01875
2 0.73046875 0.38671875 0.0125 0.0125
2 0.775 0.4015625 0.0125 0.0171875
2 0.79609375 0.46171875 0.0140625 0.0171875
2 0.82578125 0.40859375 0.0125 0.01875
2 0.84453125 0.4546875 0.015625 0.021875
2 0.8734375 0.4125 0.0125 0.0125
2 0.15234375 0.45 0.0125 0.015625
2 0.38828125 0.53828125 0.0125 0.015625
2 0.434375 0.5390625 0.0125 0.015625
2 0.66484375 0.4828125 0.015625 0.01875
2 0.80703125 0.48671875 0.0125 0.0125