2 0.221875 0.4984375 0.01875 0.025
2 0.2734375 0.49140625 0.01875 0.01875
2 0.3203125 0.5296875 0.0171875 0.01875
2 0.371875 0.51953125 0.0125 0.015625
2 0.36171875 0.490625 0.0140625 0.01875
2 0.41640625 0.49609375 0.0171875 0.021875
2 0.46796875 0.51171875 0.015625 0.01875
2 0.54375 0.53125 0.0140625 0.0140625
2 0.58828125 0.4921875 0.0171875 0.0203125
2 0.16796875 0.54921875 0.0140625 0.01875
2 0.2140625 0.57890625 0.0125 0.0125
2 0.2671875 0.5734375 0.015625 0.0171875
2 0.325 0.4546875 0.0140625 0.0125
2 0.37578125 0.4453125 0.0203125 0.01875
2 0.5125 0.490625 0.015625 0.021875
2 0.5171875 0.44453125 0.0140625 0.0125
2 0.475 0.478125 0.0140625 0.015625
2 0.36171875 0.55546875 0.0140625 0.015625
2 0.77578125 0.49375 0.01875 0.0171875
2 0.7453125 0.47265625 0.0109375 0.015625
2 0.71484375 0.47890625 0.01875 0.0171875
2 0.74453125 0.41640625 0.0140625 0.0125
2 0.790625 0.43203125 0.0140625 0.0171875
2 0.81328125 0.49375 0.015625 0.0171875
2 0.84140625 0.44140625 0.0140625 0.01875
2 0.8625 0.4890625 0.0171875 0.021875
2 0.8890625 0.44765625 0.0140625 0.0125
2 0.16796875 0.45546875 0.0140625 0.015625
2 0.4078125 0.553125 0.0140625 0.015625
2 0.45390625 0.55625 0.0140625 0.015625
2 0.6828125 0.509375 0.0171875 0.01875
2 0.82578125 0.51875 0.0140625 0.0125