2 0.215625 0.4890625 0.01875 0.0265625
2 0.26796875 0.48046875 0.01875 0.0203125
2 0.3140625 0.51640625 0.0171875 0.0203125
2 0.365625 0.50390625 0.0125 0.015625
2 0.35625 0.475 0.0140625 0.01875
2 0.41015625 0.478125 0.0171875 0.0234375
2 0.46171875 0.49140625 0.015625 0.01875
2 0.5375 0.5078125 0.0125 0.0140625
2 0.58203125 0.46640625 0.0171875 0.021875
2 0.16171875 0.54296875 0.0140625 0.01875
2 0.20703125 0.5703125 0.0109375 0.0125
2 0.2609375 0.56328125 0.015625 0.0171875
2 0.3203125 0.440625 0.0125 0.0125
2 0.3703125 0.4296875 0.0203125 0.0203125
2 0.50625 0.46875 0.015625 0.021875
2 0.51171875 0.421875 0.0125 0.0125
2 0.46953125 0.45703125 0.0140625 0.015625
2 0.3546875 0.53984375 0.0140625 0.015625
2 0.76953125 0.459375 0.01875 0.01875
2 0.73984375 0.4390625 0.0109375 0.015625
2 0.70859375 0.446875 0.01875 0.01875
2 0.73984375 0.3828125 0.0125 0.0125
2 0.78515625 0.396875 0.0140625 0.0171875
2 0.80703125 0.4578125 0.015625 0.0171875
2 0.8359375 0.403125 0.0140625 0.01875
2 0.85625 0.45 0.0171875 0.0234375
2 0.88359375 0.40703125 0.0125 0.0125
2 0.16328125 0.44921875 0.0140625 0.015625
2 0.40078125 0.5359375 0.0140625 0.015625
2 0.446875 0.53671875 0.0140625 0.015625
2 0.6765625 0.47890625 0.0171875 0.0203125
2 0.81953125 0.48203125 0.0125 0.0125