2 0.1609375 0.48671875 0.01875 0.0265625
2 0.21328125 0.47734375 0.01875 0.0203125
2 0.2546875 0.51328125 0.0171875 0.0203125
2 0.3078125 0.5 0.0125 0.015625
2 0.3015625 0.47109375 0.0140625 0.0203125
2 0.35546875 0.4734375 0.0171875 0.0234375
2 0.40546875 0.4859375 0.015625 0.0203125
2 0.478125 0.5015625 0.0140625 0.015625
2 0.52734375 0.459375 0.0171875 0.021875
2 0.10078125 0.54140625 0.0140625 0.0203125
2 0.14296875 0.56875 0.0109375 0.0125
2 0.196875 0.56015625 0.015625 0.01875
2 0.26953125 0.4375 0.0125 0.0140625
2 0.32109375 0.42578125 0.0203125 0.0203125
2 0.4515625 0.46328125 0.015625 0.0234375
2 0.4625 0.41640625 0.0125 0.0140625
2 0.41640625 0.45234375 0.0140625 0.0171875
2 0.29296875 0.5359375 0.0140625 0.0171875
2 0.71484375 0.45078125 0.01875 0.01875
2 0.68671875 0.43046875 0.0109375 0.015625
2 0.65546875 0.4390625 0.01875 0.01875
2 0.69375 0.37421875 0.0125 0.0140625
2 0.73671875 0.3875 0.0140625 0.01875
2 0.75234375 0.4484375 0.015625 0.01875
2 0.78671875 0.39375 0.0140625 0.0203125
2 0.8015625 0.440625 0.0171875 0.0234375
2 0.83359375 0.396875 0.0125 0.0140625
2 0.1125 0.44765625 0.0140625 0.0171875
2 0.33984375 0.53125 0.0140625 0.0171875
2 0.38515625 0.53203125 0.0140625 0.0171875
2 0.6203125 0.471875 0.0171875 0.0203125
2 0.76171875 0.47265625 0.0125 0.0140625