2 0.81015625 0.5953125 0.0171875 0.0265625
2 0.7578125 0.5953125 0.0171875 0.0203125
2 0.7140625 0.55234375 0.015625 0.0203125
2 0.66171875 0.55546875 0.0109375 0.0171875
2 0.66953125 0.5859375 0.0125 0.0203125
2 0.615625 0.5734375 0.015625 0.0234375
2 0.56484375 0.55234375 0.0140625 0.0203125
2 0.490625 0.52265625 0.0125 0.015625
2 0.44375 0.55625 0.015625 0.021875
2 0.8671875 0.5515625 0.0125 0.0203125
2 0.8234375 0.51640625 0.0109375 0.0140625
2 0.76953125 0.51484375 0.0140625 0.01875
2 0.70390625 0.62578125 0.0125 0.0140625
2 0.653125 0.62890625 0.01875 0.0203125
2 0.51953125 0.5671875 0.0140625 0.0234375
2 0.51171875 0.6125 0.0125 0.0140625
2 0.55546875 0.584375 0.0125 0.0171875
2 0.67421875 0.521875 0.0125 0.0171875
2 0.25625 0.53125 0.0171875 0.01875
2 0.28515625 0.55703125 0.009375 0.0171875
2 0.31640625 0.55390625 0.0171875 0.01875
2 0.28203125 0.6125 0.0125 0.0140625
2 0.2375 0.59140625 0.0125 0.01875
2 0.21875 0.52734375 0.0140625 0.01875
2 0.1875 0.57578125 0.0125 0.0203125
2 0.16953125 0.52578125 0.015625 0.0234375
2 0.13984375 0.5640625 0.0125 0.0140625
2 0.8609375 0.64453125 0.0125 0.0171875
2 0.628125 0.51796875 0.0125 0.0171875
2 0.58203125 0.509375 0.0125 0.0171875
2 0.35 0.52734375 0.015625 0.0203125
2 0.2078125 0.50078125 0.0125 0.0140625