2 0.78359375 0.4203125 0.01875 0.0265625
2 0.73125 0.43203125 0.01875 0.0203125
2 0.68984375 0.39765625 0.0171875 0.0203125
2 0.63671875 0.4125 0.0125 0.0171875
2 0.64296875 0.44140625 0.0140625 0.0203125
2 0.5890625 0.440625 0.0171875 0.0234375
2 0.5390625 0.4296875 0.015625 0.0203125
2 0.46640625 0.4171875 0.0125 0.015625
2 0.4171875 0.4609375 0.0171875 0.021875
2 0.84375 0.3640625 0.0140625 0.0203125
2 0.8015625 0.33828125 0.0109375 0.0140625
2 0.746875 0.3484375 0.015625 0.01875
2 0.67578125 0.47421875 0.0125 0.0140625
2 0.62421875 0.4875 0.0203125 0.0203125
2 0.49296875 0.4546875 0.015625 0.0234375
2 0.4828125 0.5015625 0.0125 0.0140625
2 0.528125 0.4640625 0.0140625 0.0171875
2 0.65078125 0.37578125 0.0140625 0.0171875
2 0.2296875 0.47578125 0.01875 0.01875
2 0.2578125 0.4953125 0.0109375 0.0171875
2 0.2890625 0.4859375 0.01875 0.01875
2 0.2515625 0.5515625 0.0125 0.0140625
2 0.2078125 0.53984375 0.0140625 0.01875
2 0.1921875 0.4796875 0.015625 0.01875
2 0.15859375 0.53515625 0.0140625 0.0203125
2 0.14296875 0.4890625 0.0171875 0.0234375
2 0.1109375 0.53359375 0.0125 0.0140625
2 0.8328125 0.45859375 0.0140625 0.0171875
2 0.6046875 0.38203125 0.0140625 0.0171875
2 0.55859375 0.38359375 0.0140625 0.0171875
2 0.32421875 0.45234375 0.0171875 0.0203125
2 0.1828125 0.45625 0.0125 0.0140625