2 0.23046875 0.50546875 0.01875 0.025
2 0.2828125 0.5015625 0.01875 0.01875
2 0.3296875 0.54140625 0.0171875 0.01875
2 0.38125 0.53359375 0.0125 0.015625
2 0.3703125 0.50390625 0.0140625 0.01875
2 0.425 0.51171875 0.0171875 0.021875
2 0.47734375 0.52890625 0.015625 0.01875
2 0.553125 0.55234375 0.0140625 0.0140625
2 0.596875 0.51484375 0.0171875 0.0203125
2 0.17734375 0.5546875 0.0140625 0.01875
2 0.22421875 0.5859375 0.0125 0.0125
2 0.27734375 0.5828125 0.015625 0.0171875
2 0.33359375 0.46640625 0.0140625 0.0125
2 0.38359375 0.46015625 0.0203125 0.01875
2 0.52109375 0.51015625 0.015625 0.021875
2 0.525 0.46484375 0.0140625 0.0125
2 0.48359375 0.49609375 0.0140625 0.015625
2 0.37109375 0.56875 0.0140625 0.015625
2 0.784375 0.52421875 0.01875 0.0171875
2 0.75390625 0.5015625 0.0109375 0.015625
2 0.72265625 0.50703125 0.01875 0.0171875
2 0.75234375 0.4453125 0.0140625 0.0125
2 0.7984375 0.46328125 0.0140625 0.0171875
2 0.821875 0.52578125 0.015625 0.0171875
2 0.84921875 0.47421875 0.0140625 0.01875
2 0.87109375 0.52265625 0.0171875 0.021875
2 0.896875 0.48203125 0.0140625 0.0125
2 0.1765625 0.4609375 0.0140625 0.015625
2 0.4171875 0.56875 0.0140625 0.015625
2 0.46328125 0.5734375 0.0140625 0.015625
2 0.6921875 0.5359375 0.0171875 0.01875
2 0.83515625 0.55078125 0.0140625 0.0125