2 0.15234375 0.49140625 0.01875 0.025
2 0.2046875 0.4828125 0.01875 0.01875
2 0.2453125 0.51953125 0.0171875 0.01875
2 0.2984375 0.5078125 0.0125 0.015625
2 0.29296875 0.47890625 0.0140625 0.01875
2 0.346875 0.4828125 0.0171875 0.021875
2 0.39609375 0.49609375 0.015625 0.01875
2 0.46875 0.51328125 0.0140625 0.0140625
2 0.51875 0.47265625 0.0171875 0.0203125
2 0.09140625 0.54453125 0.0140625 0.01875
2 0.1328125 0.57265625 0.0125 0.0125
2 0.18671875 0.565625 0.015625 0.0171875
2 0.26171875 0.44453125 0.0140625 0.0125
2 0.31328125 0.43359375 0.0203125 0.01875
2 0.44296875 0.47421875 0.015625 0.021875
2 0.4546875 0.428125 0.0140625 0.0125
2 0.4078125 0.4625 0.0140625 0.015625
2 0.28359375 0.54375 0.0140625 0.015625
2 0.70625 0.46796875 0.01875 0.0171875
2 0.67890625 0.44765625 0.0109375 0.015625
2 0.646875 0.4546875 0.01875 0.0171875
2 0.6859375 0.39140625 0.0140625 0.0125
2 0.7296875 0.40546875 0.0140625 0.0171875
2 0.74375 0.46640625 0.015625 0.0171875
2 0.77890625 0.41328125 0.0140625 0.01875
2 0.79296875 0.46015625 0.0171875 0.021875
2 0.82578125 0.4171875 0.0140625 0.0125
2 0.1046875 0.45078125 0.0140625 0.015625
2 0.3296875 0.540625 0.0140625 0.015625
2 0.37578125 0.54140625 0.0140625 0.015625
2 0.6109375 0.48671875 0.0171875 0.01875
2 0.75234375 0.49140625 0.0140625 0.0125