2 0.2015625 0.5046875 0.0171875 0.025
2 0.25390625 0.5 0.0171875 0.01875
2 0.2984375 0.53984375 0.015625 0.01875
2 0.35078125 0.53203125 0.0109375 0.015625
2 0.3421875 0.5015625 0.0125 0.01875
2 0.39609375 0.509375 0.015625 0.021875
2 0.446875 0.5265625 0.0140625 0.01875
2 0.521875 0.54921875 0.0125 0.0140625
2 0.56796875 0.51171875 0.015625 0.0203125
2 0.1453125 0.55390625 0.0125 0.01875
2 0.18984375 0.58515625 0.0109375 0.0125
2 0.24375 0.58203125 0.0140625 0.0171875
2 0.30703125 0.46484375 0.0125 0.0125
2 0.35703125 0.4578125 0.01875 0.01875
2 0.4921875 0.5078125 0.0140625 0.021875
2 0.4984375 0.46171875 0.0125 0.0125
2 0.45546875 0.49375 0.0125 0.015625
2 0.3390625 0.56640625 0.0125 0.015625
2 0.75546875 0.5203125 0.0171875 0.0171875
2 0.72578125 0.49765625 0.009375 0.015625
2 0.69453125 0.50234375 0.0171875 0.0171875
2 0.728125 0.44140625 0.0125 0.0125
2 0.77265625 0.45859375 0.0125 0.0171875
2 0.79296875 0.52109375 0.0140625 0.0171875
2 0.82265625 0.46953125 0.0125 0.01875
2 0.8421875 0.51796875 0.015625 0.021875
2 0.8703125 0.47734375 0.0125 0.0125
2 0.15 0.46015625 0.0125 0.015625
2 0.38515625 0.56640625 0.0125 0.015625
2 0.43125 0.57109375 0.0125 0.015625
2 0.66171875 0.53203125 0.015625 0.01875
2 0.8046875 0.546875 0.0125 0.0125