2 0.771875 0.4296875 0.01875 0.0265625
2 0.71953125 0.440625 0.01875 0.0203125
2 0.67890625 0.40625 0.0171875 0.0203125
2 0.62578125 0.4203125 0.0125 0.0171875
2 0.63125 0.44921875 0.0140625 0.0203125
2 0.57734375 0.44765625 0.0171875 0.0234375
2 0.528125 0.43671875 0.015625 0.0203125
2 0.45546875 0.42265625 0.0140625 0.015625
2 0.40546875 0.465625 0.0171875 0.021875
2 0.8328125 0.37421875 0.0140625 0.0203125
2 0.79140625 0.3484375 0.0125 0.0140625
2 0.7375 0.3578125 0.015625 0.01875
2 0.6625 0.48203125 0.0140625 0.0140625
2 0.6109375 0.4953125 0.0203125 0.0203125
2 0.48125 0.4609375 0.015625 0.0234375
2 0.46953125 0.5078125 0.0140625 0.0140625
2 0.51640625 0.47109375 0.0140625 0.0171875
2 0.640625 0.38359375 0.0140625 0.0171875
2 0.21796875 0.47890625 0.01875 0.01875
2 0.2453125 0.4984375 0.0109375 0.0171875
2 0.27734375 0.48984375 0.01875 0.01875
2 0.23828125 0.5546875 0.0140625 0.0140625
2 0.19453125 0.5421875 0.0140625 0.01875
2 0.18046875 0.4828125 0.015625 0.01875
2 0.1453125 0.5375 0.0140625 0.0203125
2 0.13125 0.49140625 0.0171875 0.0234375
2 0.0984375 0.53515625 0.0140625 0.0140625
2 0.81953125 0.46875 0.0140625 0.0171875
2 0.59453125 0.38984375 0.0140625 0.0171875
2 0.5484375 0.390625 0.0140625 0.0171875
2 0.31328125 0.45625 0.0171875 0.0203125
2 0.171875 0.45859375 0.0140625 0.0140625