2 0.8390625 0.6 0.01875 0.0265625
2 0.7875 0.6 0.01875 0.0203125
2 0.74140625 0.55625 0.0171875 0.0203125
2 0.68984375 0.559375 0.0125 0.0171875
2 0.69921875 0.58984375 0.0140625 0.0203125
2 0.64453125 0.57734375 0.0171875 0.0234375
2 0.59296875 0.55546875 0.015625 0.0203125
2 0.51796875 0.52578125 0.0140625 0.015625
2 0.4734375 0.559375 0.0171875 0.021875
2 0.89375 0.55625 0.0140625 0.0203125
2 0.84765625 0.52109375 0.0109375 0.0140625
2 0.79453125 0.51953125 0.015625 0.01875
2 0.7359375 0.63046875 0.0125 0.0140625
2 0.68515625 0.6328125 0.0203125 0.0203125
2 0.54921875 0.5703125 0.015625 0.0234375
2 0.54375 0.61484375 0.0125 0.0140625
2 0.5859375 0.5875 0.0140625 0.0171875
2 0.7 0.52578125 0.0140625 0.0171875
2 0.28515625 0.5328125 0.01875 0.01875
2 0.315625 0.55859375 0.0109375 0.0171875
2 0.346875 0.55625 0.01875 0.01875
2 0.315625 0.6140625 0.0125 0.0140625
2 0.2703125 0.5921875 0.0140625 0.01875
2 0.24765625 0.528125 0.015625 0.01875
2 0.21953125 0.5765625 0.0140625 0.0203125
2 0.19921875 0.52734375 0.0171875 0.0234375
2 0.171875 0.56484375 0.0125 0.0140625
2 0.89296875 0.64921875 0.0140625 0.0171875
2 0.65390625 0.521875 0.0140625 0.0171875
2 0.6078125 0.5125 0.0140625 0.0171875
2 0.378125 0.5296875 0.0171875 0.0203125
2 0.2359375 0.50234375 0.0125 0.0140625