2 0.78359375 0.51953125 0.01875 0.025
2 0.73125 0.525 0.01875 0.01875
2 0.68984375 0.48515625 0.0171875 0.01875
2 0.63671875 0.49375 0.0125 0.015625
2 0.64296875 0.5234375 0.0140625 0.01875
2 0.5890625 0.515625 0.0171875 0.021875
2 0.5390625 0.49921875 0.015625 0.01875
2 0.46640625 0.47734375 0.0125 0.0140625
2 0.4171875 0.51484375 0.0171875 0.0203125
2 0.84375 0.4703125 0.0140625 0.01875
2 0.8015625 0.43984375 0.0109375 0.0125
2 0.746875 0.44296875 0.015625 0.0171875
2 0.67578125 0.56015625 0.0125 0.0125
2 0.62421875 0.5671875 0.0203125 0.01875
2 0.49296875 0.51796875 0.015625 0.021875
2 0.4828125 0.5640625 0.0125 0.0125
2 0.528125 0.5328125 0.0140625 0.015625
2 0.65078125 0.45859375 0.0140625 0.015625
2 0.2296875 0.5078125 0.01875 0.0171875
2 0.2578125 0.5296875 0.0109375 0.015625
2 0.2890625 0.52421875 0.01875 0.0171875
2 0.2515625 0.5859375 0.0125 0.0125
2 0.2078125 0.56875 0.0140625 0.0171875
2 0.1921875 0.50703125 0.015625 0.0171875
2 0.15859375 0.55859375 0.0140625 0.01875
2 0.14296875 0.51015625 0.0171875 0.021875
2 0.1109375 0.55078125 0.0125 0.0125
2 0.8328125 0.5640625 0.0140625 0.015625
2 0.6046875 0.459375 0.0140625 0.015625
2 0.55859375 0.4546875 0.0140625 0.015625
2 0.32421875 0.49453125 0.0171875 0.01875
2 0.1828125 0.48125 0.0125 0.0125