2 0.83046875 0.53828125 0.01875 0.0265625
2 0.778125 0.5421875 0.0171875 0.0203125
2 0.7328125 0.50234375 0.015625 0.01875
2 0.68125 0.50859375 0.0109375 0.015625
2 0.68984375 0.5390625 0.0125 0.01875
2 0.6359375 0.53046875 0.0171875 0.021875
2 0.584375 0.5125 0.0140625 0.01875
2 0.509375 0.48828125 0.0125 0.0140625
2 0.4640625 0.525 0.0171875 0.0203125
2 0.88515625 0.490625 0.0125 0.01875
2 0.840625 0.45859375 0.0109375 0.0125
2 0.78671875 0.4609375 0.0140625 0.0171875
2 0.72578125 0.5765625 0.0125 0.0125
2 0.67578125 0.5828125 0.01875 0.0203125
2 0.53984375 0.53046875 0.015625 0.021875
2 0.534375 0.5765625 0.0125 0.0125
2 0.5765625 0.5453125 0.0125 0.015625
2 0.6921875 0.47421875 0.0125 0.015625
2 0.2765625 0.51328125 0.0171875 0.01875
2 0.30625 0.53671875 0.009375 0.015625
2 0.3375 0.53203125 0.0171875 0.01875
2 0.30546875 0.59296875 0.0125 0.0125
2 0.26015625 0.57421875 0.0125 0.0171875
2 0.2390625 0.51171875 0.0140625 0.0171875
2 0.21015625 0.5625 0.0125 0.01875
2 0.18984375 0.5140625 0.0171875 0.021875
2 0.1625 0.55390625 0.0125 0.0125
2 0.8828125 0.58359375 0.0125 0.015625
2 0.64609375 0.4734375 0.0125 0.015625
2 0.6 0.46875 0.0125 0.015625
2 0.36953125 0.503125 0.015625 0.01875
2 0.22734375 0.4859375 0.0125 0.0125