2 0.20703125 0.48515625 0.01875 0.0265625
2 0.259375 0.475 0.0171875 0.0203125
2 0.3046875 0.509375 0.015625 0.0203125
2 0.35625 0.49609375 0.0109375 0.0171875
2 0.34765625 0.4671875 0.0125 0.0203125
2 0.4015625 0.46953125 0.015625 0.0234375
2 0.453125 0.48125 0.0140625 0.0203125
2 0.528125 0.49609375 0.0125 0.015625
2 0.5734375 0.453125 0.015625 0.021875
2 0.15234375 0.53984375 0.0125 0.0203125
2 0.196875 0.56640625 0.0109375 0.0140625
2 0.25078125 0.5578125 0.0140625 0.01875
2 0.31171875 0.43359375 0.0125 0.0140625
2 0.3625 0.42109375 0.01875 0.0203125
2 0.49765625 0.45703125 0.0140625 0.0234375
2 0.50390625 0.4109375 0.0125 0.0140625
2 0.4609375 0.446875 0.0125 0.0171875
2 0.3453125 0.53203125 0.0125 0.0171875
2 0.7609375 0.4421875 0.0171875 0.01875
2 0.73125 0.42265625 0.009375 0.015625
2 0.70078125 0.43125 0.0171875 0.01875
2 0.7328125 0.365625 0.0125 0.0140625
2 0.778125 0.37890625 0.0125 0.01875
2 0.7984375 0.4390625 0.0140625 0.01875
2 0.828125 0.384375 0.0125 0.0203125
2 0.84765625 0.43046875 0.015625 0.0234375
2 0.87578125 0.3875 0.0125 0.0140625
2 0.1546875 0.44609375 0.0125 0.0171875
2 0.39140625 0.52734375 0.0125 0.0171875
2 0.4375 0.5265625 0.0125 0.0171875
2 0.66796875 0.4640625 0.015625 0.0203125
2 0.81015625 0.46328125 0.0125 0.0140625