2 0.43671875 0.69921875 0.021875 0.01875
2 0.4421875 0.72109375 0.021875 0.0171875
2 0.46640625 0.70546875 0.021875 0.0203125
2 0.303125 0.71484375 0.015625 0.0125
2 0.2609375 0.69296875 0.0265625 0.025
2 0.25703125 0.7125 0.01875 0.0171875
2 0.1671875 0.73046875 0.0203125 0.0171875
2 0.16328125 0.71484375 0.01875 0.01875
2 0.159375 0.6625 0.021875 0.0234375
2 0.17890625 0.6640625 0.01875 0.0171875
2 0.20390625 0.728125 0.015625 0.0125
2 0.28203125 0.66640625 0.0203125 0.0171875
2 0.29921875 0.6453125 0.034375 0.0234375
2 0.68671875 0.45 0.028125 0.0203125
2 0.65546875 0.45625 0.01875 0.0140625
2 0.66796875 0.4796875 0.01875 0.0171875
2 0.67265625 0.49296875 0.025 0.0171875
2 0.703125 0.4828125 0.021875 0.015625
2 0.7625 0.46171875 0.0140625 0.0125
2 0.703125 0.4984375 0.0171875 0.0109375
2 0.7171875 0.5078125 0.0171875 0.0140625
2 0.71875 0.52890625 0.0203125 0.0171875
2 0.69453125 0.53046875 0.01875 0.0171875
2 0.67890625 0.51640625 0.021875 0.0171875
2 0.67109375 0.53125 0.015625 0.01875
2 0.79453125 0.50390625 0.0125 0.0125
2 0.803125 0.43046875 0.0125 0.0109375
2 0.7796875 0.43984375 0.025 0.0171875
2 0.79765625 0.46484375 0.015625 0.01875
2 0.77734375 0.48828125 0.028125 0.01875
2 0.8140625 0.49296875 0.01875 0.015625
2 0.390625 0.703125 0.0234375 0.0234375
2 0.40703125 0.71484375 0.021875 0.025
2 0.4421875 0.74375 0.021875 0.0203125