2 0.5171875 0.72578125 0.0234375 0.0171875
2 0.51015625 0.74765625 0.0234375 0.015625
2 0.48671875 0.73359375 0.0234375 0.01875
2 0.65 0.73671875 0.0171875 0.0125
2 0.69375 0.7140625 0.028125 0.0234375
2 0.696875 0.7328125 0.0203125 0.015625
2 0.78515625 0.74765625 0.021875 0.015625
2 0.790625 0.73203125 0.0203125 0.0171875
2 0.79765625 0.68046875 0.0234375 0.021875
2 0.778125 0.68203125 0.0203125 0.015625
2 0.74921875 0.746875 0.0171875 0.0125
2 0.67421875 0.68828125 0.021875 0.015625
2 0.65859375 0.6671875 0.0359375 0.021875
2 0.28203125 0.4859375 0.0296875 0.01875
2 0.31328125 0.490625 0.0203125 0.0125
2 0.29921875 0.51484375 0.0203125 0.015625
2 0.29375 0.528125 0.0265625 0.015625
2 0.2640625 0.51875 0.0234375 0.0140625
2 0.20546875 0.5 0.015625 0.0125
2 0.2625 0.534375 0.0171875 0.009375
2 0.2484375 0.54453125 0.01875 0.0125
2 0.2453125 0.565625 0.021875 0.015625
2 0.26953125 0.56640625 0.0203125 0.015625
2 0.2859375 0.5515625 0.0234375 0.015625
2 0.29296875 0.56640625 0.0171875 0.01875
2 0.17109375 0.54296875 0.0140625 0.0125
2 0.1671875 0.4703125 0.0125 0.0109375
2 0.18984375 0.478125 0.0265625 0.015625
2 0.1703125 0.5046875 0.0171875 0.01875
2 0.1890625 0.5265625 0.0296875 0.0171875
2 0.1515625 0.53359375 0.0203125 0.0140625
2 0.56328125 0.728125 0.025 0.021875
2 0.54609375 0.740625 0.0234375 0.0234375
2 0.50859375 0.7703125 0.0234375 0.01875