2 0.60546875 0.7421875 0.0234375 0.01875
2 0.60078125 0.7640625 0.0234375 0.0171875
2 0.57578125 0.74921875 0.0234375 0.0203125
2 0.7390625 0.75703125 0.015625 0.0125
2 0.78046875 0.7359375 0.028125 0.025
2 0.78515625 0.7546875 0.0203125 0.015625
2 0.87578125 0.771875 0.021875 0.0171875
2 0.87890625 0.75703125 0.0203125 0.0171875
2 0.8796875 0.7046875 0.0234375 0.0234375
2 0.86015625 0.70625 0.0203125 0.015625
2 0.8390625 0.7703125 0.015625 0.0125
2 0.7578125 0.70859375 0.021875 0.0171875
2 0.7390625 0.68828125 0.0359375 0.0234375
2 0.34140625 0.49453125 0.0296875 0.0203125
2 0.37265625 0.50078125 0.01875 0.0125
2 0.36171875 0.52421875 0.0203125 0.015625
2 0.3578125 0.5375 0.0265625 0.0171875
2 0.3265625 0.52734375 0.0234375 0.015625
2 0.26640625 0.50625 0.0140625 0.0125
2 0.328125 0.54296875 0.0171875 0.009375
2 0.3140625 0.553125 0.0171875 0.0125
2 0.3140625 0.57421875 0.021875 0.0171875
2 0.33828125 0.575 0.0203125 0.015625
2 0.353125 0.5609375 0.0234375 0.0171875
2 0.36171875 0.57578125 0.0171875 0.01875
2 0.23671875 0.54921875 0.0125 0.0125
2 0.22421875 0.47578125 0.0125 0.0109375
2 0.24765625 0.484375 0.0265625 0.0171875
2 0.23125 0.5109375 0.0171875 0.01875
2 0.253125 0.53359375 0.0296875 0.01875
2 0.2171875 0.5390625 0.0203125 0.0140625
2 0.6515625 0.74609375 0.025 0.0234375
2 0.6359375 0.7578125 0.0234375 0.025
2 0.60234375 0.78671875 0.0234375 0.0203125