2 0.45 0.2859375 0.0234375 0.0171875
2 0.45390625 0.2640625 0.021875 0.015625
2 0.47890625 0.278125 0.0234375 0.01875
2 0.315625 0.275 0.015625 0.0125
2 0.275 0.29765625 0.028125 0.0234375
2 0.26953125 0.27890625 0.01875 0.015625
2 0.1796875 0.26328125 0.0203125 0.015625
2 0.1765625 0.27890625 0.0203125 0.0171875
2 0.175 0.33125 0.0234375 0.021875
2 0.19453125 0.3296875 0.01875 0.015625
2 0.21640625 0.26484375 0.015625 0.0125
2 0.296875 0.3234375 0.0203125 0.015625
2 0.31484375 0.34375 0.0359375 0.021875
2 0.7109375 0.52578125 0.0296875 0.01875
2 0.6796875 0.52109375 0.01875 0.0125
2 0.690625 0.496875 0.01875 0.015625
2 0.69453125 0.48359375 0.025 0.015625
2 0.72578125 0.4921875 0.021875 0.0140625
2 0.7859375 0.51171875 0.0140625 0.0125
2 0.725 0.4765625 0.0171875 0.009375
2 0.73828125 0.4671875 0.0171875 0.0125
2 0.7390625 0.44609375 0.0203125 0.015625
2 0.71484375 0.4453125 0.01875 0.015625
2 0.7 0.46015625 0.021875 0.015625
2 0.69140625 0.4453125 0.0171875 0.01875
2 0.815625 0.46875 0.0125 0.0125
2 0.828125 0.54140625 0.0125 0.0109375
2 0.80390625 0.53359375 0.025 0.015625
2 0.82109375 0.50703125 0.0171875 0.01875
2 0.79921875 0.48515625 0.0296875 0.0171875
2 0.8359375 0.478125 0.01875 0.0140625
2 0.40390625 0.28359375 0.025 0.021875
2 0.41953125 0.27109375 0.0234375 0.0234375
2 0.453125 0.24140625 0.0234375 0.01875