2 0.421875 0.2296875 0.0234375 0.0203125
2 0.42890625 0.20703125 0.0234375 0.01875
2 0.45234375 0.21796875 0.0234375 0.021875
2 0.2890625 0.2359375 0.015625 0.0140625
2 0.2453125 0.2640625 0.028125 0.0265625
2 0.24296875 0.24609375 0.0203125 0.0171875
2 0.153125 0.2421875 0.021875 0.01875
2 0.1484375 0.25859375 0.0203125 0.01875
2 0.1421875 0.3109375 0.0234375 0.025
2 0.16171875 0.30625 0.0203125 0.0171875
2 0.18984375 0.23828125 0.015625 0.0140625
2 0.265625 0.2875 0.021875 0.01875
2 0.28125 0.30546875 0.0359375 0.0265625
2 0.659375 0.4375 0.0296875 0.021875
2 0.62890625 0.43671875 0.01875 0.0140625
2 0.6421875 0.4109375 0.0203125 0.0171875
2 0.64765625 0.396875 0.0265625 0.01875
2 0.678125 0.40234375 0.021875 0.0171875
2 0.7359375 0.4140625 0.0140625 0.0140625
2 0.67890625 0.38671875 0.0171875 0.0109375
2 0.69296875 0.375 0.0171875 0.0140625
2 0.69609375 0.353125 0.021875 0.01875
2 0.671875 0.35625 0.0203125 0.0171875
2 0.65546875 0.37265625 0.0234375 0.01875
2 0.6484375 0.359375 0.0171875 0.0203125
2 0.7703125 0.36640625 0.0125 0.0140625
2 0.775 0.43828125 0.0125 0.0125
2 0.75234375 0.4328125 0.0265625 0.01875
2 0.771875 0.4046875 0.0171875 0.0203125
2 0.75234375 0.38515625 0.0296875 0.0203125
2 0.78984375 0.3734375 0.01875 0.015625
2 0.37578125 0.23359375 0.025 0.025
2 0.39296875 0.21875 0.0234375 0.0265625
2 0.4296875 0.184375 0.0234375 0.021875