2 0.44453125 0.2578125 0.021875 0.01875
2 0.45 0.23515625 0.021875 0.0171875
2 0.47421875 0.2484375 0.021875 0.0203125
2 0.3109375 0.25546875 0.015625 0.0140625
2 0.26953125 0.28046875 0.0265625 0.025
2 0.26484375 0.2625 0.01875 0.0171875
2 0.175 0.253125 0.0203125 0.0171875
2 0.17109375 0.26875 0.01875 0.01875
2 0.16875 0.32109375 0.021875 0.0234375
2 0.18828125 0.31796875 0.01875 0.0171875
2 0.21171875 0.2515625 0.015625 0.0140625
2 0.29140625 0.30546875 0.0203125 0.0171875
2 0.309375 0.325 0.034375 0.0234375
2 0.7015625 0.48203125 0.028125 0.0203125
2 0.6703125 0.47890625 0.01875 0.0140625
2 0.68203125 0.45390625 0.01875 0.0171875
2 0.68671875 0.440625 0.025 0.0171875
2 0.7171875 0.44765625 0.021875 0.015625
2 0.77734375 0.46328125 0.0140625 0.0125
2 0.71640625 0.43203125 0.0171875 0.0109375
2 0.73046875 0.42109375 0.0171875 0.0140625
2 0.73125 0.4 0.0203125 0.0171875
2 0.70703125 0.40078125 0.01875 0.0171875
2 0.6921875 0.41640625 0.021875 0.0171875
2 0.68359375 0.40234375 0.015625 0.0203125
2 0.8078125 0.41796875 0.0125 0.0125
2 0.81875 0.48984375 0.0125 0.0109375
2 0.7953125 0.48359375 0.025 0.0171875
2 0.8125 0.45546875 0.015625 0.0203125
2 0.79140625 0.43515625 0.028125 0.01875
2 0.82734375 0.42578125 0.01875 0.015625
2 0.3984375 0.25859375 0.0234375 0.0234375
2 0.41484375 0.2453125 0.021875 0.025
2 0.44921875 0.2125 0.021875 0.0203125