2 0.4453125 0.7296875 0.021875 0.0171875
2 0.45078125 0.7515625 0.021875 0.015625
2 0.475 0.73828125 0.021875 0.01875
2 0.31171875 0.7359375 0.015625 0.0125
2 0.26953125 0.71171875 0.0265625 0.0234375
2 0.265625 0.73046875 0.01875 0.015625
2 0.17578125 0.7421875 0.0203125 0.015625
2 0.171875 0.7265625 0.01875 0.0171875
2 0.1671875 0.67421875 0.021875 0.021875
2 0.18671875 0.6765625 0.01875 0.015625
2 0.2125 0.7421875 0.015625 0.0125
2 0.28984375 0.6859375 0.0203125 0.015625
2 0.30703125 0.66640625 0.034375 0.0234375
2 0.6921875 0.49765625 0.028125 0.01875
2 0.6609375 0.50234375 0.01875 0.0125
2 0.67421875 0.5265625 0.01875 0.015625
2 0.67890625 0.53984375 0.025 0.015625
2 0.709375 0.53203125 0.021875 0.0140625
2 0.76796875 0.51484375 0.0140625 0.0125
2 0.709375 0.54765625 0.0171875 0.009375
2 0.7234375 0.5578125 0.0171875 0.0125
2 0.725 0.57890625 0.0203125 0.015625
2 0.70078125 0.57890625 0.01875 0.015625
2 0.68515625 0.56328125 0.021875 0.015625
2 0.67734375 0.578125 0.015625 0.01875
2 0.80078125 0.559375 0.0125 0.0125
2 0.80859375 0.48671875 0.0125 0.0109375
2 0.78515625 0.49375 0.025 0.015625
2 0.803125 0.52109375 0.015625 0.01875
2 0.78359375 0.5421875 0.028125 0.0171875
2 0.8203125 0.55 0.01875 0.0140625
2 0.39921875 0.73046875 0.0234375 0.021875
2 0.415625 0.74296875 0.021875 0.0234375
2 0.45078125 0.77421875 0.021875 0.01875