2 0.45 0.2296875 0.0234375 0.0203125
2 0.45390625 0.20703125 0.021875 0.01875
2 0.47890625 0.21796875 0.0234375 0.021875
2 0.315625 0.2359375 0.015625 0.0140625
2 0.275 0.2640625 0.028125 0.0265625
2 0.26953125 0.24609375 0.01875 0.0171875
2 0.1796875 0.2421875 0.0203125 0.01875
2 0.1765625 0.25859375 0.0203125 0.01875
2 0.175 0.3109375 0.0234375 0.025
2 0.19453125 0.30625 0.01875 0.0171875
2 0.21640625 0.23828125 0.015625 0.0140625
2 0.296875 0.2875 0.0203125 0.01875
2 0.31484375 0.30546875 0.0359375 0.0265625
2 0.7109375 0.4375 0.0296875 0.021875
2 0.6796875 0.43671875 0.01875 0.0140625
2 0.690625 0.4109375 0.01875 0.0171875
2 0.69453125 0.396875 0.025 0.01875
2 0.72578125 0.40234375 0.021875 0.0171875
2 0.7859375 0.4140625 0.0140625 0.0140625
2 0.725 0.38671875 0.0171875 0.0109375
2 0.73828125 0.375 0.0171875 0.0140625
2 0.7390625 0.353125 0.0203125 0.01875
2 0.71484375 0.35625 0.01875 0.0171875
2 0.7 0.37265625 0.021875 0.01875
2 0.69140625 0.359375 0.0171875 0.0203125
2 0.815625 0.36640625 0.0125 0.0140625
2 0.828125 0.43828125 0.0125 0.0125
2 0.80390625 0.4328125 0.025 0.01875
2 0.82109375 0.4046875 0.0171875 0.0203125
2 0.79921875 0.38515625 0.0296875 0.0203125
2 0.8359375 0.3734375 0.01875 0.015625
2 0.40390625 0.23359375 0.025 0.025
2 0.41953125 0.21875 0.0234375 0.0265625
2 0.453125 0.184375 0.0234375 0.021875