2 0.45 0.28828125 0.0234375 0.0171875
2 0.45390625 0.26640625 0.021875 0.015625
2 0.47890625 0.28046875 0.0234375 0.01875
2 0.315625 0.2765625 0.015625 0.0125
2 0.275 0.29921875 0.028125 0.0234375
2 0.26953125 0.28046875 0.01875 0.015625
2 0.1796875 0.26484375 0.0203125 0.015625
2 0.1765625 0.28046875 0.0203125 0.0171875
2 0.175 0.3328125 0.0234375 0.021875
2 0.19453125 0.33046875 0.01875 0.015625
2 0.21640625 0.26640625 0.015625 0.0125
2 0.296875 0.325 0.0203125 0.015625
2 0.31484375 0.34609375 0.0359375 0.021875
2 0.7109375 0.5296875 0.0296875 0.01875
2 0.6796875 0.525 0.01875 0.0125
2 0.690625 0.50078125 0.01875 0.015625
2 0.69453125 0.4875 0.025 0.015625
2 0.72578125 0.496875 0.021875 0.0140625
2 0.7859375 0.51640625 0.0140625 0.0125
2 0.725 0.48125 0.0171875 0.009375
2 0.73828125 0.47109375 0.0171875 0.0125
2 0.7390625 0.45 0.0203125 0.015625
2 0.71484375 0.45 0.01875 0.015625
2 0.7 0.4640625 0.021875 0.015625
2 0.69140625 0.44921875 0.0171875 0.01875
2 0.815625 0.4734375 0.0125 0.0125
2 0.828125 0.54609375 0.0125 0.0109375
2 0.80390625 0.5375 0.025 0.015625
2 0.82109375 0.51171875 0.0171875 0.01875
2 0.79921875 0.4890625 0.0296875 0.0171875
2 0.8359375 0.4828125 0.01875 0.0140625
2 0.40390625 0.2859375 0.025 0.021875
2 0.41953125 0.2734375 0.0234375 0.0234375
2 0.453125 0.24375 0.0234375 0.01875