2 0.4265625 0.30859375 0.021875 0.01875
2 0.4328125 0.28671875 0.021875 0.0171875
2 0.45703125 0.30234375 0.021875 0.0203125
2 0.29375 0.290625 0.015625 0.0140625
2 0.25078125 0.3109375 0.028125 0.025
2 0.24765625 0.2921875 0.01875 0.0171875
2 0.1578125 0.27265625 0.0203125 0.0171875
2 0.15390625 0.2875 0.01875 0.01875
2 0.14765625 0.33984375 0.021875 0.0234375
2 0.1671875 0.3390625 0.01875 0.0171875
2 0.19453125 0.27578125 0.015625 0.0140625
2 0.27109375 0.33828125 0.0203125 0.0171875
2 0.2875 0.36015625 0.034375 0.0234375
2 0.66875 0.56171875 0.028125 0.0203125
2 0.6375 0.55546875 0.01875 0.0140625
2 0.65078125 0.53203125 0.01875 0.0171875
2 0.65625 0.51875 0.025 0.0171875
2 0.6859375 0.5296875 0.021875 0.015625
2 0.7453125 0.55234375 0.0140625 0.0140625
2 0.68671875 0.5140625 0.0171875 0.0109375
2 0.7015625 0.5046875 0.0171875 0.0140625
2 0.703125 0.48359375 0.0203125 0.0171875
2 0.67890625 0.48203125 0.01875 0.0171875
2 0.66328125 0.49609375 0.021875 0.0171875
2 0.65546875 0.48046875 0.015625 0.0203125
2 0.778125 0.51015625 0.0125 0.0140625
2 0.784375 0.58359375 0.0125 0.0125
2 0.76171875 0.57421875 0.025 0.0171875
2 0.78046875 0.5484375 0.015625 0.0203125
2 0.7609375 0.52578125 0.028125 0.01875
2 0.79765625 0.52109375 0.01875 0.015625
2 0.38125 0.30390625 0.0234375 0.0234375
2 0.39765625 0.2921875 0.0234375 0.025
2 0.43359375 0.2640625 0.021875 0.0203125