2 0.5 0.7734375 0.0234375 0.0203125
2 0.50703125 0.7953125 0.0234375 0.01875
2 0.5296875 0.784375 0.0234375 0.021875
2 0.3671875 0.76640625 0.0171875 0.0140625
2 0.32265625 0.7375 0.028125 0.0265625
2 0.3203125 0.75546875 0.0203125 0.0171875
2 0.23203125 0.75859375 0.021875 0.01875
2 0.2265625 0.74296875 0.0203125 0.01875
2 0.21796875 0.68984375 0.0234375 0.025
2 0.2375 0.69453125 0.0203125 0.0171875
2 0.26875 0.7625 0.0171875 0.0140625
2 0.34140625 0.7140625 0.021875 0.01875
2 0.35703125 0.69609375 0.0359375 0.0265625
2 0.72890625 0.56640625 0.0296875 0.021875
2 0.6984375 0.5671875 0.0203125 0.0140625
2 0.7125 0.59296875 0.0203125 0.0171875
2 0.71875 0.60703125 0.0265625 0.01875
2 0.7484375 0.60234375 0.0234375 0.0171875
2 0.80625 0.590625 0.015625 0.0140625
2 0.74921875 0.61796875 0.01875 0.0109375
2 0.76484375 0.6296875 0.01875 0.0140625
2 0.76796875 0.65078125 0.021875 0.01875
2 0.74375 0.64765625 0.0203125 0.0171875
2 0.7265625 0.63125 0.0234375 0.01875
2 0.7203125 0.64453125 0.0171875 0.0203125
2 0.8421875 0.63828125 0.0140625 0.0140625
2 0.84375 0.56640625 0.0140625 0.0125
2 0.82109375 0.571875 0.0265625 0.01875
2 0.84140625 0.6 0.0171875 0.0203125
2 0.8234375 0.61953125 0.0296875 0.0203125
2 0.86015625 0.63125 0.0203125 0.015625
2 0.45390625 0.76875 0.025 0.025
2 0.47109375 0.78359375 0.0234375 0.0265625
2 0.509375 0.81796875 0.0234375 0.021875