2 0.50859375 0.78203125 0.0234375 0.0203125
2 0.5015625 0.803125 0.0234375 0.01875
2 0.478125 0.78671875 0.0234375 0.021875
2 0.64140625 0.80625 0.0171875 0.0140625
2 0.6859375 0.7875 0.028125 0.0265625
2 0.68828125 0.80703125 0.0203125 0.0171875
2 0.7765625 0.83046875 0.021875 0.0171875
2 0.78203125 0.815625 0.0203125 0.01875
2 0.78984375 0.76328125 0.0234375 0.025
2 0.7703125 0.7640625 0.0203125 0.0171875
2 0.73984375 0.82578125 0.0171875 0.0140625
2 0.66640625 0.759375 0.021875 0.0171875
2 0.65078125 0.7375 0.0359375 0.025
2 0.2765625 0.5171875 0.0296875 0.021875
2 0.3078125 0.525 0.0203125 0.0140625
2 0.29296875 0.54765625 0.0203125 0.0171875
2 0.2875 0.5609375 0.0265625 0.01875
2 0.2578125 0.5484375 0.0234375 0.0171875
2 0.2 0.5234375 0.015625 0.0140625
2 0.25625 0.5640625 0.0171875 0.0109375
2 0.24140625 0.57265625 0.01875 0.0140625
2 0.23828125 0.59375 0.021875 0.0171875
2 0.2625 0.59609375 0.0203125 0.0171875
2 0.2796875 0.58359375 0.0234375 0.01875
2 0.2859375 0.59921875 0.0171875 0.0203125
2 0.16484375 0.56328125 0.0140625 0.0140625
2 0.16171875 0.48984375 0.0140625 0.0125
2 0.184375 0.5 0.0265625 0.01875
2 0.1640625 0.525 0.0171875 0.0203125
2 0.1828125 0.54921875 0.0296875 0.0203125
2 0.1453125 0.5515625 0.0203125 0.015625
2 0.5546875 0.7890625 0.025 0.025
2 0.5375 0.79921875 0.0234375 0.0265625
2 0.5 0.82578125 0.0234375 0.021875