2 0.45859375 0.24140625 0.0265625 0.021875
2 0.425 0.2671875 0.0203125 0.021875
2 0.5640625 0.26640625 0.0234375 0.0171875
2 0.625 0.2703125 0.0328125 0.028125
2 0.6171875 0.31484375 0.0234375 0.021875
2 0.3921875 0.34140625 0.01875 0.0203125
2 0.3828125 0.303125 0.0265625 0.025
2 0.29453125 0.33125 0.0234375 0.0203125
2 0.2453125 0.3421875 0.021875 0.0234375
2 0.3015625 0.3703125 0.0234375 0.021875
2 0.44296875 0.3625 0.025 0.0234375
2 0.41640625 0.3859375 0.021875 0.0171875
2 0.37421875 0.32890625 0.0203125 0.0203125
2 0.48671875 0.321875 0.0234375 0.021875
2 0.496875 0.29921875 0.025 0.021875
2 0.50703125 0.2796875 0.01875 0.015625
2 0.53125 0.3 0.0203125 0.0171875
2 0.58359375 0.359375 0.0203125 0.0203125
2 0.6140625 0.33046875 0.01875 0.0140625
2 0.590625 0.4109375 0.0171875 0.01875
2 0.5328125 0.39140625 0.0234375 0.0203125
2 0.4265625 0.4234375 0.0203125 0.0140625
2 0.61640625 0.42734375 0.0234375 0.025
2 0.359375 0.26875 0.0265625 0.025