2 0.490625 0.32578125 0.025 0.0203125
2 0.46015625 0.34609375 0.01875 0.021875
2 0.6 0.36953125 0.021875 0.0171875
2 0.66171875 0.384375 0.03125 0.028125
2 0.659375 0.428125 0.021875 0.021875
2 0.434375 0.415625 0.0171875 0.0203125
2 0.42109375 0.375 0.025 0.0234375
2 0.33515625 0.3875 0.021875 0.0203125
2 0.28671875 0.390625 0.0203125 0.0234375
2 0.34609375 0.428125 0.021875 0.021875
2 0.48828125 0.44609375 0.0234375 0.0234375
2 0.4640625 0.46484375 0.0203125 0.0171875
2 0.415625 0.39921875 0.01875 0.0203125
2 0.528125 0.4125 0.021875 0.021875
2 0.5359375 0.39140625 0.0234375 0.021875
2 0.54375 0.3734375 0.0171875 0.015625
2 0.5703125 0.39765625 0.01875 0.0171875
2 0.63046875 0.4671875 0.01875 0.0203125
2 0.6578125 0.44375 0.0171875 0.0140625
2 0.64296875 0.52109375 0.015625 0.01875
2 0.5828125 0.490625 0.021875 0.0203125
2 0.478125 0.5046875 0.01875 0.0140625
2 0.6703125 0.5421875 0.021875 0.025
2 0.39296875 0.3359375 0.025 0.0234375