2 0.48203125 0.7703125 0.025 0.021875
2 0.45078125 0.74375 0.01875 0.021875
2 0.590625 0.74765625 0.021875 0.01875
2 0.65234375 0.7453125 0.03125 0.028125
2 0.6484375 0.70078125 0.021875 0.0234375
2 0.4234375 0.66875 0.0171875 0.0203125
2 0.4109375 0.70703125 0.025 0.025
2 0.32421875 0.6765625 0.021875 0.021875
2 0.27578125 0.6640625 0.0203125 0.025
2 0.334375 0.63828125 0.021875 0.0234375
2 0.4765625 0.6484375 0.0234375 0.025
2 0.4515625 0.625 0.0203125 0.01875
2 0.4046875 0.68125 0.01875 0.0203125
2 0.5171875 0.68984375 0.021875 0.0234375
2 0.52578125 0.71328125 0.0234375 0.0234375
2 0.534375 0.7328125 0.0171875 0.015625
2 0.56015625 0.71328125 0.01875 0.0171875
2 0.61796875 0.65546875 0.01875 0.0203125
2 0.64609375 0.68515625 0.0171875 0.0140625
2 0.62890625 0.60390625 0.015625 0.01875
2 0.56953125 0.62265625 0.021875 0.021875
2 0.46484375 0.5875 0.01875 0.0140625
2 0.65625 0.58828125 0.021875 0.0265625
2 0.384375 0.73984375 0.025 0.025