2 0.45703125 0.7421875 0.025 0.0203125
2 0.4265625 0.7171875 0.01875 0.021875
2 0.5671875 0.7125 0.021875 0.0171875
2 0.62890625 0.70703125 0.0328125 0.0265625
2 0.6265625 0.6625 0.021875 0.021875
2 0.4015625 0.64375 0.0171875 0.0203125
2 0.38828125 0.6828125 0.025 0.0234375
2 0.30234375 0.6578125 0.021875 0.0203125
2 0.25390625 0.6484375 0.0203125 0.0234375
2 0.31328125 0.61796875 0.021875 0.021875
2 0.45625 0.6203125 0.0234375 0.0234375
2 0.43203125 0.5984375 0.0203125 0.0171875
2 0.3828125 0.65703125 0.01875 0.0203125
2 0.4953125 0.659375 0.021875 0.021875
2 0.503125 0.68203125 0.0234375 0.021875
2 0.5109375 0.7015625 0.0171875 0.015625
2 0.5375 0.68046875 0.01875 0.0171875
2 0.59765625 0.61953125 0.01875 0.0203125
2 0.625 0.646875 0.0171875 0.0140625
2 0.61015625 0.5671875 0.015625 0.01875
2 0.55 0.5890625 0.021875 0.0203125
2 0.44609375 0.56015625 0.01875 0.0140625
2 0.63828125 0.55 0.0234375 0.025
2 0.36015625 0.71796875 0.025 0.0234375