2 0.50390625 0.3 0.0265625 0.01875
2 0.47421875 0.321875 0.0203125 0.0203125
2 0.615625 0.3390625 0.0234375 0.015625
2 0.678125 0.35 0.0328125 0.025
2 0.67734375 0.39375 0.0234375 0.0203125
2 0.45234375 0.39375 0.01875 0.01875
2 0.43671875 0.353125 0.0265625 0.021875
2 0.3515625 0.37109375 0.0234375 0.01875
2 0.30390625 0.37578125 0.021875 0.021875
2 0.36484375 0.4109375 0.0234375 0.0203125
2 0.5078125 0.42109375 0.025 0.021875
2 0.484375 0.440625 0.021875 0.015625
2 0.4328125 0.378125 0.0203125 0.01875
2 0.5453125 0.38515625 0.0234375 0.0203125
2 0.55234375 0.3640625 0.025 0.0203125
2 0.559375 0.3453125 0.01875 0.0140625
2 0.58671875 0.36875 0.0203125 0.015625
2 0.65 0.434375 0.0203125 0.01875
2 0.67578125 0.409375 0.01875 0.0125
2 0.66484375 0.48828125 0.0171875 0.0171875
2 0.603125 0.4609375 0.0234375 0.01875
2 0.50078125 0.48046875 0.0203125 0.0125
2 0.69375 0.5078125 0.0234375 0.0234375
2 0.4078125 0.315625 0.0265625 0.021875