2 0.46875 0.271875 0.0265625 0.0203125
2 0.4359375 0.29609375 0.0203125 0.0203125
2 0.57578125 0.3046875 0.021875 0.015625
2 0.63671875 0.3125 0.0328125 0.0265625
2 0.63046875 0.35625 0.0234375 0.0203125
2 0.40546875 0.36875 0.01875 0.01875
2 0.3953125 0.3296875 0.0265625 0.0234375
2 0.30703125 0.35234375 0.0234375 0.01875
2 0.25859375 0.36015625 0.021875 0.021875
2 0.315625 0.39140625 0.0234375 0.0203125
2 0.4578125 0.39375 0.025 0.0234375
2 0.43125 0.41484375 0.0203125 0.015625
2 0.3875 0.3546875 0.0203125 0.01875
2 0.5 0.35546875 0.0234375 0.0203125
2 0.509375 0.3328125 0.025 0.021875
2 0.51875 0.3140625 0.0171875 0.0140625
2 0.54375 0.3359375 0.01875 0.015625
2 0.5984375 0.3984375 0.0203125 0.01875
2 0.62734375 0.371875 0.0171875 0.0125
2 0.60703125 0.4515625 0.0171875 0.0171875
2 0.5484375 0.428125 0.0234375 0.01875
2 0.44296875 0.453125 0.01875 0.0125
2 0.63359375 0.46953125 0.0234375 0.0234375
2 0.3703125 0.29375 0.0265625 0.0234375