2 0.50234375 0.725 0.025 0.01875
2 0.47109375 0.7015625 0.01875 0.0203125
2 0.61015625 0.6921875 0.021875 0.015625
2 0.671875 0.68359375 0.03125 0.0265625
2 0.66640625 0.63984375 0.021875 0.0203125
2 0.44140625 0.62890625 0.0171875 0.01875
2 0.4296875 0.66796875 0.025 0.021875
2 0.34296875 0.64609375 0.021875 0.01875
2 0.29375 0.63828125 0.0203125 0.021875
2 0.3515625 0.60625 0.021875 0.0203125
2 0.49375 0.60390625 0.0234375 0.021875
2 0.46796875 0.5828125 0.0203125 0.015625
2 0.4234375 0.64296875 0.01875 0.01875
2 0.53515625 0.64140625 0.021875 0.0203125
2 0.54453125 0.6640625 0.0234375 0.0203125
2 0.55390625 0.6828125 0.0171875 0.0140625
2 0.57890625 0.6609375 0.01875 0.015625
2 0.63515625 0.59765625 0.01875 0.01875
2 0.6640625 0.62421875 0.0171875 0.0125
2 0.64453125 0.54453125 0.015625 0.0171875
2 0.5859375 0.56875 0.021875 0.01875
2 0.48046875 0.54375 0.01875 0.0125
2 0.67109375 0.5265625 0.021875 0.0234375
2 0.4046875 0.70390625 0.025 0.021875