2 0.45859375 0.3203125 0.0265625 0.0203125
2 0.425 0.340625 0.0203125 0.021875
2 0.5640625 0.3625 0.0234375 0.0171875
2 0.625 0.37734375 0.0328125 0.0265625
2 0.6171875 0.4203125 0.0234375 0.021875
2 0.3921875 0.4109375 0.01875 0.0203125
2 0.3828125 0.3703125 0.0265625 0.0234375
2 0.29453125 0.384375 0.0234375 0.0203125
2 0.2453125 0.3875 0.021875 0.0234375
2 0.3015625 0.42421875 0.0234375 0.021875
2 0.44296875 0.440625 0.025 0.0234375
2 0.41640625 0.459375 0.021875 0.0171875
2 0.37421875 0.39453125 0.0203125 0.0203125
2 0.48671875 0.40625 0.0234375 0.021875
2 0.496875 0.38515625 0.025 0.021875
2 0.50703125 0.3671875 0.01875 0.015625
2 0.53125 0.39140625 0.0203125 0.0171875
2 0.58359375 0.46015625 0.0203125 0.0203125
2 0.6140625 0.4359375 0.01875 0.0140625
2 0.590625 0.5140625 0.0171875 0.01875
2 0.5328125 0.484375 0.0234375 0.0203125
2 0.4265625 0.49921875 0.0203125 0.0140625
2 0.61640625 0.534375 0.0234375 0.025
2 0.359375 0.33203125 0.0265625 0.0234375