2 0.4734375 0.76171875 0.025 0.021875
2 0.44296875 0.7359375 0.01875 0.021875
2 0.5828125 0.73671875 0.021875 0.0171875
2 0.64453125 0.73359375 0.03125 0.028125
2 0.64140625 0.6890625 0.021875 0.021875
2 0.41640625 0.6609375 0.0171875 0.0203125
2 0.403125 0.69921875 0.025 0.025
2 0.3171875 0.67109375 0.021875 0.0203125
2 0.26875 0.659375 0.0203125 0.0234375
2 0.32734375 0.63203125 0.021875 0.021875
2 0.46953125 0.63984375 0.0234375 0.025
2 0.4453125 0.6171875 0.0203125 0.0171875
2 0.39765625 0.6734375 0.01875 0.0203125
2 0.51015625 0.68125 0.021875 0.021875
2 0.51796875 0.70390625 0.0234375 0.0234375
2 0.5265625 0.7234375 0.0171875 0.015625
2 0.55234375 0.703125 0.01875 0.0171875
2 0.6109375 0.64453125 0.01875 0.0203125
2 0.6390625 0.6734375 0.0171875 0.0140625
2 0.62265625 0.59296875 0.015625 0.01875
2 0.56328125 0.6125 0.021875 0.0203125
2 0.45859375 0.5796875 0.01875 0.0140625
2 0.65 0.5765625 0.021875 0.025
2 0.3765625 0.73359375 0.025 0.025