2 0.47734375 0.2859375 0.025 0.01875
2 0.4453125 0.309375 0.01875 0.0203125
2 0.58515625 0.321875 0.021875 0.015625
2 0.646875 0.33125 0.03125 0.025
2 0.6421875 0.375 0.021875 0.0203125
2 0.41640625 0.38125 0.0171875 0.01875
2 0.4046875 0.34140625 0.025 0.021875
2 0.31796875 0.36171875 0.021875 0.01875
2 0.26953125 0.36796875 0.0203125 0.021875
2 0.32734375 0.4015625 0.021875 0.0203125
2 0.46953125 0.40703125 0.0234375 0.021875
2 0.44375 0.428125 0.0203125 0.015625
2 0.3984375 0.36640625 0.01875 0.01875
2 0.5109375 0.3703125 0.021875 0.0203125
2 0.51953125 0.3484375 0.0234375 0.0203125
2 0.52890625 0.3296875 0.0171875 0.0140625
2 0.55390625 0.35234375 0.01875 0.015625
2 0.6109375 0.41640625 0.01875 0.01875
2 0.6390625 0.390625 0.0171875 0.0125
2 0.6203125 0.46953125 0.015625 0.0171875
2 0.56171875 0.44453125 0.021875 0.01875
2 0.45703125 0.4671875 0.01875 0.0125
2 0.64765625 0.48828125 0.021875 0.0234375
2 0.37890625 0.3046875 0.025 0.021875