2 0.46328125 0.29453125 0.0265625 0.01875
2 0.43046875 0.3171875 0.0203125 0.0203125
2 0.56953125 0.33203125 0.0234375 0.015625
2 0.63125 0.34296875 0.0328125 0.025
2 0.62421875 0.38671875 0.0234375 0.0203125
2 0.39921875 0.38828125 0.01875 0.01875
2 0.3890625 0.3484375 0.0265625 0.021875
2 0.30078125 0.3671875 0.0234375 0.01875
2 0.25234375 0.37265625 0.021875 0.021875
2 0.30859375 0.40703125 0.0234375 0.0203125
2 0.45 0.415625 0.025 0.021875
2 0.42421875 0.4359375 0.021875 0.015625
2 0.38125 0.3734375 0.0203125 0.01875
2 0.49296875 0.3796875 0.0234375 0.0203125
2 0.503125 0.3578125 0.025 0.0203125
2 0.51328125 0.3390625 0.01875 0.0140625
2 0.5375 0.36171875 0.0203125 0.015625
2 0.59140625 0.42734375 0.0203125 0.01875
2 0.62109375 0.40234375 0.01875 0.0125
2 0.5984375 0.48046875 0.0171875 0.0171875
2 0.540625 0.45390625 0.0234375 0.01875
2 0.434375 0.475 0.0203125 0.0125
2 0.625 0.5 0.0234375 0.0234375
2 0.36484375 0.31171875 0.0265625 0.021875