2 0.50703125 0.73359375 0.025 0.0203125
2 0.475 0.709375 0.01875 0.021875
2 0.6140625 0.70234375 0.021875 0.0171875
2 0.67578125 0.6953125 0.0328125 0.0265625
2 0.6703125 0.6515625 0.021875 0.021875
2 0.4453125 0.6359375 0.0171875 0.0203125
2 0.43359375 0.675 0.025 0.0234375
2 0.34609375 0.6515625 0.021875 0.0203125
2 0.29765625 0.64296875 0.0203125 0.0234375
2 0.35546875 0.6125 0.021875 0.021875
2 0.496875 0.61171875 0.0234375 0.0234375
2 0.47109375 0.590625 0.0203125 0.0171875
2 0.4265625 0.65 0.01875 0.0203125
2 0.5390625 0.65078125 0.021875 0.021875
2 0.5484375 0.67265625 0.0234375 0.021875
2 0.5578125 0.6921875 0.0171875 0.015625
2 0.5828125 0.6703125 0.01875 0.0171875
2 0.63828125 0.60859375 0.01875 0.0203125
2 0.6671875 0.6359375 0.0171875 0.0140625
2 0.64765625 0.55546875 0.015625 0.0171875
2 0.5890625 0.57890625 0.021875 0.0203125
2 0.48359375 0.55234375 0.01875 0.0140625
2 0.67421875 0.53828125 0.0234375 0.025
2 0.40859375 0.7109375 0.025 0.0234375