2 0.46015625 0.2640625 0.0265625 0.0203125
2 0.42734375 0.28828125 0.0203125 0.021875
2 0.565625 0.29375 0.0234375 0.0171875
2 0.6265625 0.30078125 0.0328125 0.0265625
2 0.61953125 0.3453125 0.0234375 0.021875
2 0.39453125 0.36171875 0.01875 0.0203125
2 0.38515625 0.321875 0.0265625 0.0234375
2 0.296875 0.34609375 0.0234375 0.0203125
2 0.24765625 0.35546875 0.021875 0.0234375
2 0.30390625 0.3859375 0.0234375 0.021875
2 0.4453125 0.38515625 0.025 0.0234375
2 0.41875 0.40703125 0.021875 0.0171875
2 0.3765625 0.34765625 0.0203125 0.0203125
2 0.4890625 0.34609375 0.0234375 0.021875
2 0.49921875 0.32421875 0.025 0.021875
2 0.509375 0.3046875 0.01875 0.015625
2 0.53359375 0.32578125 0.0203125 0.0171875
2 0.5859375 0.38828125 0.0203125 0.0203125
2 0.61640625 0.3609375 0.01875 0.0140625
2 0.59296875 0.440625 0.0171875 0.01875
2 0.5359375 0.41796875 0.0234375 0.0203125
2 0.42890625 0.4453125 0.0203125 0.0140625
2 0.61875 0.4578125 0.0234375 0.025
2 0.3609375 0.28671875 0.0265625 0.0234375