2 0.50234375 0.2921875 0.0265625 0.01875
2 0.47265625 0.3140625 0.0203125 0.0203125
2 0.61328125 0.328125 0.0234375 0.015625
2 0.67578125 0.3390625 0.0328125 0.025
2 0.675 0.3828125 0.0234375 0.0203125
2 0.45 0.3859375 0.01875 0.01875
2 0.43515625 0.34609375 0.0265625 0.021875
2 0.35 0.36484375 0.0234375 0.01875
2 0.3015625 0.37109375 0.021875 0.021875
2 0.3625 0.4046875 0.0234375 0.0203125
2 0.50546875 0.41328125 0.025 0.021875
2 0.48203125 0.4328125 0.021875 0.015625
2 0.43046875 0.37109375 0.0203125 0.01875
2 0.54296875 0.3765625 0.0234375 0.0203125
2 0.55 0.3546875 0.025 0.0203125
2 0.5578125 0.3359375 0.01875 0.0140625
2 0.58515625 0.35859375 0.0203125 0.015625
2 0.64765625 0.42421875 0.0203125 0.01875
2 0.6734375 0.3984375 0.01875 0.0125
2 0.66171875 0.47734375 0.0171875 0.0171875
2 0.60078125 0.45078125 0.0234375 0.01875
2 0.49765625 0.471875 0.0203125 0.0125
2 0.690625 0.49609375 0.0234375 0.0234375
2 0.40546875 0.309375 0.0265625 0.021875