2 0.49453125 0.73046875 0.025 0.0203125
2 0.4625 0.70703125 0.01875 0.0203125
2 0.60234375 0.69921875 0.021875 0.0171875
2 0.6640625 0.69140625 0.03125 0.0265625
2 0.659375 0.64765625 0.021875 0.021875
2 0.434375 0.63359375 0.0171875 0.01875
2 0.42265625 0.67265625 0.025 0.0234375
2 0.33515625 0.65 0.021875 0.0203125
2 0.28671875 0.64140625 0.0203125 0.0234375
2 0.34453125 0.61015625 0.021875 0.021875
2 0.48671875 0.609375 0.0234375 0.0234375
2 0.46171875 0.58828125 0.0203125 0.0171875
2 0.415625 0.64765625 0.01875 0.01875
2 0.528125 0.64765625 0.021875 0.021875
2 0.53671875 0.66953125 0.0234375 0.021875
2 0.54609375 0.6890625 0.0171875 0.0140625
2 0.57109375 0.6671875 0.01875 0.015625
2 0.628125 0.6046875 0.01875 0.01875
2 0.65703125 0.63203125 0.0171875 0.0125
2 0.63828125 0.55234375 0.015625 0.0171875
2 0.57890625 0.57578125 0.021875 0.0203125
2 0.47421875 0.54921875 0.01875 0.0125
2 0.66484375 0.534375 0.021875 0.025
2 0.39609375 0.70859375 0.025 0.0234375