2 0.46015625 0.6953125 0.021875 0.0171875
2 0.42421875 0.665625 0.0171875 0.015625
2 0.44453125 0.65234375 0.0203125 0.0203125
2 0.41171875 0.62421875 0.0265625 0.0171875
2 0.43515625 0.5859375 0.0203125 0.0203125
2 0.409375 0.58125 0.0203125 0.015625
2 0.40625 0.54765625 0.0203125 0.015625
2 0.38515625 0.56328125 0.015625 0.015625
2 0.38125 0.59296875 0.021875 0.021875
2 0.40859375 0.65234375 0.0234375 0.0203125
2 0.4890625 0.72578125 0.0203125 0.0234375
2 0.62109375 0.67109375 0.0203125 0.0234375