2 0.53125 0.221875 0.021875 0.01875
2 0.49609375 0.25703125 0.0171875 0.0171875
2 0.51640625 0.2671875 0.0203125 0.0203125
2 0.48359375 0.3015625 0.0265625 0.01875
2 0.50703125 0.33671875 0.0203125 0.0203125
2 0.48203125 0.34453125 0.0203125 0.015625
2 0.47890625 0.37890625 0.0203125 0.015625
2 0.45703125 0.3671875 0.015625 0.0171875
2 0.45390625 0.33828125 0.021875 0.0234375
2 0.48046875 0.2734375 0.0234375 0.021875
2 0.56015625 0.1859375 0.0203125 0.0234375
2 0.69296875 0.21953125 0.0203125 0.0234375