2 0.73671875 0.46796875 0.015625 0.021875
2 0.70390625 0.4328125 0.015625 0.0171875
2 0.6921875 0.45234375 0.01875 0.0203125
2 0.6609375 0.41953125 0.0171875 0.0265625
2 0.62421875 0.4421875 0.01875 0.0203125
2 0.61796875 0.41640625 0.0140625 0.0203125
2 0.584375 0.41328125 0.0140625 0.0203125
2 0.59765625 0.3921875 0.015625 0.015625
2 0.62734375 0.38828125 0.0203125 0.021875
2 0.6890625 0.41640625 0.01875 0.0234375
2 0.76953125 0.49765625 0.021875 0.0203125
2 0.72578125 0.6296875 0.021875 0.0203125