2 0.4515625 0.76640625 0.021875 0.0171875
2 0.41640625 0.73125 0.0171875 0.0171875
2 0.4359375 0.72109375 0.0203125 0.0203125
2 0.4046875 0.68828125 0.0265625 0.0171875
2 0.42734375 0.65234375 0.0203125 0.0203125
2 0.40234375 0.64453125 0.0203125 0.015625
2 0.4 0.61015625 0.0203125 0.015625
2 0.378125 0.62265625 0.015625 0.0171875
2 0.37421875 0.65234375 0.021875 0.021875
2 0.40078125 0.715625 0.0234375 0.0203125
2 0.48046875 0.8015625 0.0203125 0.0234375
2 0.61328125 0.76484375 0.0203125 0.0234375