2 0.565625 0.61953125 0.0484375 0.03125
2 0.5984375 0.56171875 0.0390625 0.021875
2 0.5203125 0.53515625 0.040625 0.025
2 0.55234375 0.5046875 0.0359375 0.0203125
2 0.5984375 0.47109375 0.0375 0.025
2 0.70234375 0.46796875 0.03125 0.01875
2 0.68828125 0.38359375 0.03125 0.0203125
2 0.58359375 0.325 0.059375 0.028125
2 0.45234375 0.3453125 0.04375 0.025
2 0.52890625 0.4359375 0.03125 0.0203125
2 0.60625 0.25859375 0.034375 0.0265625
2 0.32265625 0.28125 0.0390625 0.015625
2 0.21796875 0.209375 0.0375 0.0265625
2 0.20859375 0.190625 0.0265625 0.0203125
2 0.2203125 0.16640625 0.0265625 0.021875
2 0.30859375 0.165625 0.0328125 0.0171875
2 0.3125 0.21171875 0.0328125 0.025
2 0.446875 0.21328125 0.05 0.025
2 0.553125 0.259375 0.028125 0.01875
2 0.5828125 0.203125 0.0296875 0.01875
2 0.659375 0.215625 0.0328125 0.01875
2 0.703125 0.18671875 0.0359375 0.025
2 0.64921875 0.17578125 0.0390625 0.01875
2 0.6140625 0.1578125 0.028125 0.01875
2 0.615625 0.13515625 0.025 0.015625
2 0.65390625 0.11640625 0.0328125 0.015625
2 0.740625 0.09921875 0.0328125 0.0171875
2 0.76328125 0.1203125 0.0328125 0.01875
2 0.68515625 0.28515625 0.0328125 0.0171875