2 0.4203125 0.65390625 0.046875 0.0359375
2 0.38828125 0.59296875 0.0390625 0.025
2 0.4671875 0.575 0.040625 0.0296875
2 0.4359375 0.54140625 0.0359375 0.0234375
2 0.390625 0.50234375 0.0375 0.028125
2 0.28671875 0.4875 0.03125 0.021875
2 0.303125 0.40546875 0.03125 0.0234375
2 0.40859375 0.35859375 0.0578125 0.034375
2 0.53984375 0.39296875 0.04375 0.0296875
2 0.4609375 0.475 0.03125 0.0234375
2 0.38828125 0.28984375 0.034375 0.0296875
2 0.67109375 0.34375 0.0390625 0.01875
2 0.77734375 0.284375 0.0375 0.0296875
2 0.78671875 0.26640625 0.0265625 0.0234375
2 0.77578125 0.240625 0.0265625 0.025
2 0.6875 0.2296875 0.0328125 0.0203125
2 0.6828125 0.27578125 0.0328125 0.028125
2 0.5484375 0.26171875 0.05 0.0296875
2 0.44140625 0.296875 0.028125 0.021875
2 0.4125 0.23671875 0.0296875 0.021875
2 0.3359375 0.240625 0.0328125 0.021875
2 0.2921875 0.20703125 0.0359375 0.028125
2 0.346875 0.20234375 0.0390625 0.021875
2 0.38203125 0.18828125 0.028125 0.021875
2 0.38125 0.165625 0.025 0.01875
2 0.34375 0.14296875 0.0328125 0.01875
2 0.2578125 0.11640625 0.0328125 0.0203125
2 0.234375 0.13515625 0.0328125 0.021875
2 0.30859375 0.3078125 0.0328125 0.0203125