2 0.5515625 0.56171875 0.0484375 0.0359375
2 0.5859375 0.50078125 0.040625 0.025
2 0.50859375 0.48203125 0.0421875 0.028125
2 0.54140625 0.4484375 0.0375 0.0234375
2 0.5875 0.41015625 0.0390625 0.028125
2 0.69140625 0.396875 0.0328125 0.021875
2 0.6796875 0.31484375 0.0328125 0.0234375
2 0.5765625 0.26640625 0.059375 0.0328125
2 0.44453125 0.29921875 0.0453125 0.028125
2 0.51875 0.38203125 0.0328125 0.0234375
2 0.6 0.19765625 0.0359375 0.0296875
2 0.315625 0.2484375 0.040625 0.01875
2 0.21328125 0.1875 0.0390625 0.0296875
2 0.20390625 0.16953125 0.028125 0.021875
2 0.21640625 0.14453125 0.028125 0.0234375
2 0.3046875 0.134375 0.034375 0.0203125
2 0.3078125 0.1796875 0.034375 0.028125
2 0.4421875 0.16796875 0.0515625 0.0296875
2 0.546875 0.20390625 0.0296875 0.021875
2 0.578125 0.14453125 0.03125 0.021875
2 0.6546875 0.14921875 0.034375 0.021875
2 0.69921875 0.11640625 0.0375 0.028125
2 0.6453125 0.1109375 0.040625 0.021875
2 0.6109375 0.096875 0.0296875 0.021875
2 0.6125 0.07421875 0.0265625 0.0171875
2 0.6515625 0.05078125 0.034375 0.01875
2 0.73828125 0.02578125 0.034375 0.0203125
2 0.7609375 0.04453125 0.034375 0.021875
2 0.678125 0.21640625 0.034375 0.0203125