2 0.41640625 0.590625 0.046875 0.034375
2 0.38515625 0.534375 0.0390625 0.0234375
2 0.4640625 0.5046875 0.040625 0.0265625
2 0.4328125 0.47578125 0.0359375 0.021875
2 0.38828125 0.44375 0.0375 0.0265625
2 0.284375 0.44453125 0.03125 0.0203125
2 0.30078125 0.36015625 0.03125 0.021875
2 0.40703125 0.296875 0.0578125 0.03125
2 0.5375 0.31171875 0.04375 0.0265625
2 0.45859375 0.40546875 0.03125 0.021875
2 0.38671875 0.23125 0.034375 0.028125
2 0.66953125 0.2421875 0.0390625 0.0171875
2 0.77578125 0.16640625 0.0375 0.028125
2 0.7859375 0.146875 0.0265625 0.021875
2 0.775 0.1234375 0.0265625 0.0234375
2 0.68671875 0.12578125 0.0328125 0.01875
2 0.68125 0.171875 0.0328125 0.0265625
2 0.546875 0.17890625 0.05 0.028125
2 0.43984375 0.2296875 0.028125 0.0203125
2 0.41171875 0.17421875 0.0296875 0.0203125
2 0.334375 0.190625 0.0328125 0.0203125
2 0.29140625 0.1625 0.0359375 0.0265625
2 0.34609375 0.15 0.0390625 0.0203125
2 0.38125 0.13046875 0.028125 0.0203125
2 0.38046875 0.1078125 0.025 0.0171875
2 0.34296875 0.090625 0.0328125 0.0171875
2 0.25703125 0.07734375 0.0328125 0.01875
2 0.23359375 0.09921875 0.0328125 0.0203125
2 0.30703125 0.2609375 0.0328125 0.01875