2 0.4375 0.6078125 0.0484375 0.03125
2 0.4046875 0.55 0.0390625 0.021875
2 0.4828125 0.5234375 0.0421875 0.025
2 0.45 0.49375 0.0359375 0.0203125
2 0.4046875 0.459375 0.0390625 0.025
2 0.30078125 0.45625 0.03125 0.01875
2 0.3140625 0.37265625 0.03125 0.0203125
2 0.41796875 0.31328125 0.059375 0.028125
2 0.54921875 0.33359375 0.0453125 0.025
2 0.4734375 0.42421875 0.03125 0.0203125
2 0.3953125 0.246875 0.0359375 0.0265625
2 0.67890625 0.26953125 0.0390625 0.015625
2 0.7828125 0.19765625 0.0390625 0.0265625
2 0.7921875 0.17890625 0.0265625 0.0203125
2 0.78046875 0.1546875 0.0265625 0.021875
2 0.6921875 0.15390625 0.0328125 0.0171875
2 0.68828125 0.2 0.034375 0.025
2 0.55390625 0.2015625 0.0515625 0.025
2 0.4484375 0.24765625 0.028125 0.01875
2 0.41875 0.19140625 0.0296875 0.01875
2 0.34140625 0.20390625 0.0328125 0.01875
2 0.29765625 0.175 0.0375 0.025
2 0.35234375 0.1640625 0.0390625 0.01875
2 0.38671875 0.14609375 0.028125 0.01875
2 0.38515625 0.1234375 0.025 0.015625
2 0.346875 0.1046875 0.0328125 0.015625
2 0.26015625 0.0875 0.0328125 0.0171875
2 0.2375 0.109375 0.0328125 0.01875
2 0.31640625 0.2734375 0.0328125 0.0171875