2 0.38046875 0.63671875 0.0484375 0.034375
2 0.353125 0.57734375 0.040625 0.0234375
2 0.43359375 0.55625 0.0421875 0.028125
2 0.40390625 0.5234375 0.0375 0.021875
2 0.3609375 0.48671875 0.0390625 0.0265625
2 0.2578125 0.47578125 0.0328125 0.0203125
2 0.27890625 0.39296875 0.0328125 0.021875
2 0.38828125 0.34140625 0.059375 0.03125
2 0.51796875 0.37109375 0.0453125 0.028125
2 0.43359375 0.45625 0.0328125 0.021875
2 0.371875 0.27421875 0.0359375 0.028125
2 0.653125 0.31640625 0.040625 0.0171875
2 0.7640625 0.25234375 0.0390625 0.028125
2 0.775 0.234375 0.028125 0.021875
2 0.765625 0.209375 0.028125 0.0234375
2 0.67734375 0.2015625 0.034375 0.01875
2 0.66953125 0.24765625 0.034375 0.0265625
2 0.53515625 0.23984375 0.0515625 0.028125
2 0.425 0.27890625 0.0296875 0.0203125
2 0.4 0.2203125 0.03125 0.0203125
2 0.32265625 0.22734375 0.034375 0.0203125
2 0.28125 0.1953125 0.0375 0.0265625
2 0.3359375 0.18828125 0.040625 0.0203125
2 0.37265625 0.17265625 0.0296875 0.0203125
2 0.37265625 0.15 0.0265625 0.0171875
2 0.33671875 0.12890625 0.034375 0.0171875
2 0.2515625 0.10546875 0.034375 0.01875
2 0.22734375 0.125 0.034375 0.0203125
2 0.290625 0.2953125 0.034375 0.01875