2 0.615625 0.62265625 0.0484375 0.0328125
2 0.64375 0.565625 0.040625 0.021875
2 0.56328125 0.53828125 0.0421875 0.025
2 0.59296875 0.50859375 0.0375 0.0203125
2 0.6359375 0.475 0.0390625 0.025
2 0.73984375 0.471875 0.0328125 0.01875
2 0.71875 0.38828125 0.0328125 0.0203125
2 0.609375 0.328125 0.059375 0.0296875
2 0.48046875 0.34765625 0.0453125 0.025
2 0.5640625 0.4390625 0.0328125 0.0203125
2 0.6265625 0.2625 0.0359375 0.0265625
2 0.3453125 0.2828125 0.040625 0.015625
2 0.23515625 0.2109375 0.0390625 0.0265625
2 0.22421875 0.1921875 0.028125 0.0203125
2 0.23359375 0.16796875 0.028125 0.021875
2 0.321875 0.1671875 0.034375 0.0171875
2 0.3296875 0.21328125 0.034375 0.025
2 0.4640625 0.215625 0.0515625 0.0265625
2 0.5734375 0.26328125 0.0296875 0.01875
2 0.5984375 0.20625 0.03125 0.01875
2 0.6765625 0.21953125 0.034375 0.01875
2 0.71796875 0.190625 0.0375 0.025
2 0.6625 0.1796875 0.040625 0.01875
2 0.6265625 0.16171875 0.0296875 0.01875
2 0.6265625 0.1390625 0.0265625 0.015625
2 0.6625 0.1203125 0.034375 0.015625
2 0.74765625 0.10390625 0.034375 0.0171875
2 0.771875 0.125 0.034375 0.01875
2 0.7078125 0.2890625 0.034375 0.0171875