2 0.4625 0.58828125 0.05 0.034375
2 0.42734375 0.53203125 0.040625 0.0234375
2 0.50390625 0.5015625 0.0421875 0.028125
2 0.4703125 0.4734375 0.0375 0.021875
2 0.4234375 0.44140625 0.0390625 0.0265625
2 0.31953125 0.44296875 0.0328125 0.0203125
2 0.32890625 0.35859375 0.0328125 0.021875
2 0.43125 0.29453125 0.059375 0.03125
2 0.56328125 0.30859375 0.0453125 0.028125
2 0.49140625 0.403125 0.0328125 0.021875
2 0.40546875 0.22890625 0.0359375 0.028125
2 0.690625 0.23828125 0.040625 0.0171875
2 0.79140625 0.16171875 0.0390625 0.028125
2 0.8 0.1421875 0.028125 0.021875
2 0.7875 0.11875 0.028125 0.0234375
2 0.69921875 0.121875 0.034375 0.01875
2 0.696875 0.16796875 0.034375 0.0265625
2 0.5625 0.17578125 0.0515625 0.028125
2 0.459375 0.22734375 0.0296875 0.0203125
2 0.4265625 0.171875 0.03125 0.0203125
2 0.35 0.18828125 0.034375 0.0203125
2 0.3046875 0.1609375 0.0375 0.0265625
2 0.35859375 0.14765625 0.040625 0.0203125
2 0.39296875 0.12890625 0.0296875 0.0203125
2 0.38984375 0.10625 0.0265625 0.0171875
2 0.3515625 0.08828125 0.034375 0.0171875
2 0.2640625 0.07578125 0.034375 0.01875
2 0.2421875 0.0984375 0.034375 0.0203125
2 0.328125 0.259375 0.034375 0.01875