2 0.4234375 0.5953125 0.046875 0.0328125
2 0.39140625 0.5390625 0.0390625 0.0234375
2 0.4703125 0.51015625 0.040625 0.0265625
2 0.43828125 0.48046875 0.0359375 0.021875
2 0.39375 0.4484375 0.0375 0.0265625
2 0.28984375 0.44765625 0.03125 0.0203125
2 0.30546875 0.36328125 0.03125 0.021875
2 0.4109375 0.3015625 0.0578125 0.03125
2 0.54140625 0.31796875 0.04375 0.0265625
2 0.46328125 0.4109375 0.03125 0.021875
2 0.38984375 0.2359375 0.034375 0.028125
2 0.67265625 0.25 0.0390625 0.0171875
2 0.778125 0.17578125 0.0375 0.028125
2 0.78828125 0.15625 0.0265625 0.021875
2 0.7765625 0.1328125 0.0265625 0.0234375
2 0.68828125 0.13359375 0.0328125 0.01875
2 0.68359375 0.1796875 0.0328125 0.0265625
2 0.54921875 0.18515625 0.05 0.0265625
2 0.44296875 0.23515625 0.028125 0.0203125
2 0.4140625 0.1796875 0.0296875 0.0203125
2 0.33671875 0.19453125 0.0328125 0.0203125
2 0.29375 0.16640625 0.0359375 0.0265625
2 0.3484375 0.15390625 0.0390625 0.0203125
2 0.3828125 0.13515625 0.028125 0.0203125
2 0.38203125 0.1125 0.025 0.0171875
2 0.34453125 0.09453125 0.0328125 0.0171875
2 0.2578125 0.08046875 0.0328125 0.01875
2 0.23515625 0.10234375 0.0328125 0.0203125
2 0.31015625 0.26484375 0.0328125 0.01875