2 0.46640625 0.6 0.05 0.0328125
2 0.43046875 0.54375 0.040625 0.0234375
2 0.50703125 0.515625 0.0421875 0.0265625
2 0.4734375 0.4859375 0.0375 0.021875
2 0.42578125 0.453125 0.0390625 0.0265625
2 0.321875 0.45078125 0.0328125 0.0203125
2 0.33125 0.3671875 0.0328125 0.021875
2 0.4328125 0.30625 0.059375 0.0296875
2 0.565625 0.32421875 0.0453125 0.0265625
2 0.49375 0.41640625 0.0328125 0.021875
2 0.40703125 0.240625 0.0359375 0.028125
2 0.6921875 0.2578125 0.040625 0.0171875
2 0.79296875 0.184375 0.0390625 0.028125
2 0.8015625 0.165625 0.028125 0.0203125
2 0.78828125 0.14140625 0.028125 0.021875
2 0.7 0.14140625 0.034375 0.01875
2 0.6984375 0.18828125 0.034375 0.0265625
2 0.5640625 0.1921875 0.0515625 0.0265625
2 0.46015625 0.240625 0.0296875 0.0203125
2 0.42734375 0.184375 0.03125 0.0203125
2 0.3515625 0.1984375 0.034375 0.0203125
2 0.30625 0.16953125 0.0375 0.0265625
2 0.36015625 0.1578125 0.040625 0.0203125
2 0.39375 0.13984375 0.0296875 0.0203125
2 0.390625 0.1171875 0.0265625 0.015625
2 0.3515625 0.0984375 0.034375 0.0171875
2 0.2640625 0.0828125 0.034375 0.01875
2 0.24296875 0.1046875 0.034375 0.0203125
2 0.3296875 0.26875 0.034375 0.01875