2 0.42734375 0.59296875 0.046875 0.0328125
2 0.39453125 0.53671875 0.0390625 0.0234375
2 0.4734375 0.50703125 0.040625 0.0265625
2 0.44140625 0.478125 0.0359375 0.021875
2 0.39609375 0.44609375 0.0375 0.0265625
2 0.2921875 0.44609375 0.03125 0.0203125
2 0.30703125 0.36171875 0.03125 0.021875
2 0.4125 0.29921875 0.0578125 0.03125
2 0.54375 0.31484375 0.04375 0.0265625
2 0.46640625 0.40859375 0.03125 0.021875
2 0.39140625 0.23359375 0.034375 0.028125
2 0.67421875 0.24609375 0.0390625 0.0171875
2 0.7796875 0.17109375 0.0375 0.028125
2 0.7890625 0.1515625 0.0265625 0.021875
2 0.778125 0.128125 0.0265625 0.0234375
2 0.68984375 0.1296875 0.0328125 0.01875
2 0.68515625 0.17578125 0.0328125 0.0265625
2 0.55078125 0.18203125 0.05 0.0265625
2 0.44453125 0.2328125 0.028125 0.0203125
2 0.41484375 0.1765625 0.0296875 0.0203125
2 0.33828125 0.1921875 0.0328125 0.0203125
2 0.29453125 0.16484375 0.0359375 0.0265625
2 0.34921875 0.1515625 0.0390625 0.0203125
2 0.38359375 0.1328125 0.028125 0.0203125
2 0.3828125 0.11015625 0.025 0.0171875
2 0.34453125 0.09296875 0.0328125 0.0171875
2 0.25859375 0.07890625 0.0328125 0.01875
2 0.23515625 0.10078125 0.0328125 0.0203125
2 0.31171875 0.26328125 0.0328125 0.01875