2 0.39140625 0.6515625 0.0484375 0.0359375
2 0.3625 0.590625 0.040625 0.025
2 0.4421875 0.571875 0.0421875 0.028125
2 0.4125 0.5390625 0.0375 0.0234375
2 0.36953125 0.5 0.0390625 0.028125
2 0.265625 0.4859375 0.03125 0.021875
2 0.28515625 0.40390625 0.0328125 0.0234375
2 0.39375 0.35625 0.059375 0.0328125
2 0.5234375 0.38984375 0.0453125 0.0296875
2 0.44140625 0.47265625 0.0328125 0.0234375
2 0.3765625 0.2875 0.0359375 0.0296875
2 0.65859375 0.33984375 0.0390625 0.01875
2 0.7671875 0.2796875 0.0390625 0.0296875
2 0.778125 0.26171875 0.028125 0.0234375
2 0.76796875 0.23671875 0.028125 0.025
2 0.68046875 0.22578125 0.0328125 0.0203125
2 0.67265625 0.27109375 0.034375 0.028125
2 0.53828125 0.25859375 0.0515625 0.0296875
2 0.4296875 0.29453125 0.028125 0.021875
2 0.40390625 0.234375 0.0296875 0.021875
2 0.32578125 0.2390625 0.0328125 0.021875
2 0.284375 0.20546875 0.0375 0.028125
2 0.3390625 0.2 0.0390625 0.021875
2 0.375 0.18671875 0.028125 0.021875
2 0.375 0.16328125 0.025 0.0171875
2 0.33828125 0.140625 0.0328125 0.01875
2 0.253125 0.11484375 0.0328125 0.0203125
2 0.22890625 0.13359375 0.0328125 0.021875
2 0.29609375 0.30625 0.0328125 0.0203125