2 0.3953125 0.61953125 0.0484375 0.0328125
2 0.365625 0.56171875 0.0390625 0.021875
2 0.4453125 0.53671875 0.0421875 0.025
2 0.415625 0.50625 0.0359375 0.0203125
2 0.371875 0.47109375 0.0390625 0.025
2 0.26796875 0.4640625 0.03125 0.01875
2 0.2875 0.38125 0.03125 0.0203125
2 0.39609375 0.325 0.059375 0.0296875
2 0.52578125 0.34921875 0.0453125 0.025
2 0.44375 0.4375 0.03125 0.0203125
2 0.378125 0.25859375 0.0359375 0.0265625
2 0.66015625 0.2890625 0.0390625 0.015625
2 0.76875 0.2203125 0.0390625 0.0265625
2 0.7796875 0.20234375 0.0265625 0.0203125
2 0.76953125 0.17734375 0.0265625 0.021875
2 0.68125 0.1734375 0.0328125 0.0171875
2 0.67421875 0.21953125 0.034375 0.025
2 0.53984375 0.2171875 0.0515625 0.0265625
2 0.43125 0.2609375 0.028125 0.01875
2 0.4046875 0.203125 0.0296875 0.01875
2 0.32734375 0.21328125 0.0328125 0.01875
2 0.28515625 0.18359375 0.0375 0.025
2 0.33984375 0.17421875 0.0390625 0.01875
2 0.37578125 0.1578125 0.028125 0.01875
2 0.37578125 0.13515625 0.025 0.015625
2 0.3390625 0.11484375 0.0328125 0.015625
2 0.25390625 0.0953125 0.0328125 0.0171875
2 0.2296875 0.115625 0.0328125 0.01875
2 0.29765625 0.2828125 0.0328125 0.0171875