2 0.4375 0.646875 0.0484375 0.034375
2 0.4046875 0.5859375 0.0390625 0.025
2 0.4828125 0.56640625 0.0421875 0.028125
2 0.45 0.53359375 0.0359375 0.0234375
2 0.4046875 0.49609375 0.0390625 0.028125
2 0.30078125 0.4828125 0.03125 0.021875
2 0.3140625 0.4 0.03125 0.0234375
2 0.41796875 0.3515625 0.059375 0.0328125
2 0.54921875 0.38359375 0.0453125 0.028125
2 0.4734375 0.4671875 0.03125 0.0234375
2 0.3953125 0.2828125 0.0359375 0.0296875
2 0.67890625 0.33203125 0.0390625 0.01875
2 0.7828125 0.2703125 0.0390625 0.0296875
2 0.7921875 0.25234375 0.0265625 0.021875
2 0.78046875 0.22734375 0.0265625 0.0234375
2 0.6921875 0.21796875 0.0328125 0.0203125
2 0.68828125 0.26328125 0.034375 0.028125
2 0.55390625 0.25234375 0.0515625 0.0296875
2 0.4484375 0.2890625 0.028125 0.0203125
2 0.41875 0.2296875 0.0296875 0.021875
2 0.34140625 0.23515625 0.0328125 0.021875
2 0.29765625 0.2015625 0.0375 0.028125
2 0.35234375 0.19609375 0.0390625 0.021875
2 0.38671875 0.18203125 0.028125 0.0203125
2 0.38515625 0.159375 0.025 0.0171875
2 0.346875 0.13671875 0.0328125 0.01875
2 0.26015625 0.11171875 0.0328125 0.0203125
2 0.2375 0.13046875 0.0328125 0.021875
2 0.31640625 0.30234375 0.0328125 0.0203125