2 0.434375 0.58359375 0.0484375 0.034375
2 0.4015625 0.528125 0.0390625 0.025
2 0.4796875 0.49609375 0.040625 0.028125
2 0.44765625 0.46796875 0.0359375 0.0234375
2 0.4015625 0.43671875 0.0375 0.028125
2 0.29765625 0.43984375 0.03125 0.0203125
2 0.31171875 0.3546875 0.03125 0.021875
2 0.41640625 0.28984375 0.059375 0.0328125
2 0.54765625 0.30234375 0.04375 0.028125
2 0.47109375 0.39765625 0.03125 0.021875
2 0.39375 0.22421875 0.034375 0.0296875
2 0.67734375 0.23046875 0.0390625 0.01875
2 0.78203125 0.153125 0.0375 0.0296875
2 0.79140625 0.13359375 0.0265625 0.021875
2 0.7796875 0.11015625 0.0265625 0.0234375
2 0.69140625 0.1140625 0.0328125 0.01875
2 0.6875 0.16015625 0.0328125 0.0265625
2 0.553125 0.16953125 0.05 0.028125
2 0.446875 0.22265625 0.028125 0.0203125
2 0.4171875 0.1671875 0.0296875 0.0203125
2 0.340625 0.184375 0.0328125 0.0203125
2 0.296875 0.1578125 0.0359375 0.028125
2 0.35078125 0.14375 0.0390625 0.021875
2 0.3859375 0.12421875 0.028125 0.0203125
2 0.384375 0.1015625 0.025 0.0171875
2 0.34609375 0.084375 0.0328125 0.0171875
2 0.259375 0.07265625 0.0328125 0.01875
2 0.23671875 0.0953125 0.0328125 0.0203125
2 0.31484375 0.25625 0.0328125 0.01875