2 0.021875 0.47578125 0.021875 0.0265625
2 0.02734375 0.51328125 0.0234375 0.025
2 0.01015625 0.496875 0.0203125 0.021875
2 0.0359375 0.5390625 0.0328125 0.0375
2 0.075 0.5375 0.028125 0.0203125
2 0.05859375 0.48984375 0.0265625 0.034375
2 0.13203125 0.46953125 0.025 0.0234375
2 0.16171875 0.46875 0.025 0.025
2 0.15859375 0.4140625 0.021875 0.0296875
2 0.21875 0.4015625 0.025 0.028125
2 0.2828125 0.39375 0.0125 0.0171875
2 0.31875 0.390625 0.021875 0.0203125
2 0.29296875 0.44765625 0.0234375 0.0265625
2 0.22578125 0.4578125 0.0203125 0.0203125
2 0.1796875 0.51484375 0.0328125 0.0203125
2 0.19296875 0.5453125 0.034375 0.0234375
2 0.27734375 0.53046875 0.025 0.025
2 0.28828125 0.49296875 0.025 0.021875
2 0.3515625 0.51875 0.025 0.025
2 0.378125 0.47734375 0.021875 0.0265625
2 0.38125 0.4421875 0.0203125 0.0296875
2 0.34375 0.44453125 0.028125 0.025
2 0.38125 0.37109375 0.03125 0.021875
2 0.4109375 0.37265625 0.01875 0.021875
2 0.4515625 0.36796875 0.025 0.0171875
2 0.45546875 0.33203125 0.025 0.025
2 0.50859375 0.33984375 0.0203125 0.01875
2 0.490625 0.3703125 0.025 0.0234375
2 0.553125 0.3796875 0.021875 0.0203125
2 0.5234375 0.39765625 0.021875 0.025
2 0.490625 0.4171875 0.028125 0.021875
2 0.50859375 0.43125 0.025 0.021875
2 0.5234375 0.44453125 0.025 0.025
2 0.50625 0.48125 0.028125 0.025
2 0.4671875 0.46640625 0.0234375 0.01875
2 0.4265625 0.4578125 0.01875 0.0203125
2 0.43125 0.43125 0.0265625 0.025
2 0.4296875 0.4078125 0.03125 0.028125
2 0.4140625 0.5359375 0.0265625 0.0234375
2 0.43203125 0.56953125 0.0265625 0.025
2 0.31953125 0.55625 0.028125 0.025
2 0.34609375 0.58984375 0.028125 0.021875
2 0.33125 0.63046875 0.025 0.0296875
2 0.396875 0.62734375 0.040625 0.034375
2 0.23125 0.6484375 0.025 0.028125
2 0.25390625 0.60546875 0.03125 0.034375
2 0.19375 0.58359375 0.025 0.0234375
2 0.13203125 0.621875 0.028125 0.025
2 0.13125 0.659375 0.028125 0.025
2 0.565625 0.35390625 0.01875 0.0203125
2 0.6234375 0.34296875 0.01875 0.0234375
2 0.6703125 0.334375 0.01875 0.0171875
2 0.69375 0.3296875 0.021875 0.0234375
2 0.7421875 0.3171875 0.021875 0.0171875
2 0.696875 0.35703125 0.0296875 0.0234375
2 0.7015625 0.37578125 0.0203125 0.0171875
2 0.690625 0.39375 0.021875 0.0140625
2 0.64921875 0.36875 0.021875 0.0171875
2 0.62421875 0.3765625 0.021875 0.0234375
2 0.60625 0.3859375 0.028125 0.01875
2 0.63671875 0.390625 0.0203125 0.0203125
2 0.6234375 0.4125 0.021875 0.0140625
2 0.64765625 0.4171875 0.0234375 0.0203125
2 0.646875 0.43046875 0.0234375 0.015625
2 0.72578125 0.39765625 0.028125 0.025
2 0.71171875 0.4140625 0.025 0.025
2 0.7734375 0.384375 0.021875 0.025
2 0.58671875 0.4359375 0.01875 0.0203125
2 0.5953125 0.4484375 0.01875 0.0203125
2 0.584375 0.46875 0.021875 0.0203125