2 0.5296875 0.9984375 0.0265625 0.003125
2 0.5671875 0.996875 0.025 0.00625
2 0.59375 0.990625 0.0359375 0.01875
2 0.59375 0.96015625 0.01875 0.0296875
2 0.5453125 0.9734375 0.0328125 0.0296875
2 0.528125 0.89921875 0.021875 0.0265625
2 0.52890625 0.86953125 0.0234375 0.0265625
2 0.47421875 0.86875 0.0296875 0.025
2 0.46484375 0.80859375 0.0265625 0.0265625
2 0.459375 0.74375 0.015625 0.0140625
2 0.45859375 0.7078125 0.0203125 0.0234375
2 0.51484375 0.73828125 0.0265625 0.025
2 0.52109375 0.80546875 0.0203125 0.021875
2 0.57578125 0.8546875 0.01875 0.034375
2 0.60703125 0.84296875 0.021875 0.0359375
2 0.596875 0.75859375 0.0234375 0.0265625
2 0.559375 0.7453125 0.0203125 0.0265625
2 0.58828125 0.68359375 0.0234375 0.0265625
2 0.5484375 0.65546875 0.0265625 0.0234375
2 0.51328125 0.65 0.0296875 0.0234375
2 0.51328125 0.6875 0.0234375 0.0296875
2 0.4421875 0.6453125 0.0203125 0.0328125
2 0.44453125 0.615625 0.021875 0.0203125
2 0.4421875 0.575 0.015625 0.0265625
2 0.40625 0.56875 0.0234375 0.0265625
2 0.41640625 0.51640625 0.01875 0.021875
2 0.44609375 0.5359375 0.021875 0.0265625
2 0.45859375 0.475 0.0203125 0.0234375
2 0.475 0.50546875 0.025 0.0234375
2 0.49296875 0.5390625 0.0203125 0.0296875
2 0.5078125 0.52265625 0.0203125 0.0265625
2 0.521875 0.50859375 0.0234375 0.0265625
2 0.5578125 0.528125 0.0234375 0.0296875
2 0.54140625 0.56640625 0.01875 0.025
2 0.53125 0.60546875 0.0203125 0.0203125
2 0.50390625 0.59921875 0.0234375 0.028125
2 0.48125 0.6 0.0265625 0.0328125
2 0.6078125 0.6234375 0.021875 0.028125
2 0.64296875 0.6078125 0.0234375 0.028125
2 0.62421875 0.71796875 0.0234375 0.0296875
2 0.659375 0.69375 0.0203125 0.0296875
2 0.69921875 0.7109375 0.028125 0.0265625
2 0.6984375 0.64609375 0.03125 0.04375
2 0.7125 0.81171875 0.0265625 0.0265625
2 0.6703125 0.78671875 0.0328125 0.034375
2 0.6453125 0.8453125 0.021875 0.0265625
2 0.68125 0.90859375 0.0234375 0.0296875
2 0.71875 0.9125 0.0234375 0.0296875
2 0.43359375 0.4609375 0.0203125 0.0203125
2 0.425 0.40234375 0.0234375 0.0203125
2 0.41796875 0.35546875 0.0171875 0.0203125
2 0.41484375 0.33203125 0.0234375 0.0234375
2 0.4046875 0.2828125 0.0171875 0.0234375
2 0.44296875 0.33046875 0.021875 0.03125
2 0.4609375 0.32734375 0.0171875 0.021875
2 0.47890625 0.3390625 0.0140625 0.0234375
2 0.45234375 0.37890625 0.0171875 0.0234375
2 0.459375 0.40390625 0.0234375 0.0234375
2 0.4671875 0.42265625 0.0171875 0.0296875
2 0.4734375 0.3921875 0.0203125 0.021875
2 0.4953125 0.40703125 0.0140625 0.0234375
2 0.50078125 0.38359375 0.0203125 0.025
2 0.5140625 0.38515625 0.015625 0.025
2 0.48515625 0.3046875 0.0234375 0.0296875
2 0.50078125 0.31953125 0.0234375 0.0265625
2 0.4734375 0.25625 0.025 0.0234375
2 0.51640625 0.44453125 0.0203125 0.0203125
2 0.52890625 0.4375 0.0203125 0.0203125
2 0.54921875 0.44921875 0.0203125 0.0234375