2 0.5203125 0.078125 0.025 0.0234375
2 0.48125 0.08125 0.025 0.025
2 0.50078125 0.0625 0.0203125 0.0265625
2 0.4546875 0.08828125 0.0359375 0.034375
2 0.45078125 0.12734375 0.01875 0.0296875
2 0.50078125 0.1140625 0.0328125 0.0296875
2 0.51171875 0.18828125 0.021875 0.0265625
2 0.5078125 0.21796875 0.0234375 0.0265625
2 0.56328125 0.21875 0.028125 0.025
2 0.56796875 0.27890625 0.0265625 0.0265625
2 0.5671875 0.34375 0.015625 0.0140625
2 0.56484375 0.3796875 0.01875 0.0234375
2 0.5109375 0.34921875 0.0265625 0.025
2 0.51015625 0.28203125 0.01875 0.021875
2 0.459375 0.2328125 0.01875 0.034375
2 0.42734375 0.24453125 0.021875 0.0359375
2 0.43046875 0.32890625 0.0234375 0.0265625
2 0.4671875 0.3421875 0.0203125 0.0265625
2 0.4328125 0.40390625 0.0234375 0.0265625
2 0.4703125 0.43203125 0.025 0.0234375
2 0.5046875 0.4375 0.028125 0.0234375
2 0.5078125 0.4 0.0234375 0.0296875
2 0.5765625 0.4421875 0.0203125 0.0328125
2 0.57109375 0.471875 0.0203125 0.0203125
2 0.56953125 0.5125 0.015625 0.0265625
2 0.60546875 0.51875 0.0234375 0.0265625
2 0.590625 0.57109375 0.0171875 0.021875
2 0.5625 0.5515625 0.021875 0.0265625
2 0.54453125 0.6125 0.01875 0.0234375
2 0.53046875 0.58203125 0.0234375 0.0234375
2 0.515625 0.5484375 0.0203125 0.0296875
2 0.49921875 0.56484375 0.0203125 0.0265625
2 0.48359375 0.57890625 0.0234375 0.0265625
2 0.44921875 0.559375 0.0234375 0.0296875
2 0.46953125 0.52109375 0.01875 0.025
2 0.4828125 0.48203125 0.01875 0.0203125
2 0.509375 0.48828125 0.0234375 0.028125
2 0.5328125 0.4875 0.0265625 0.0328125
2 0.40703125 0.4640625 0.021875 0.028125
2 0.3703125 0.4796875 0.0234375 0.028125
2 0.39921875 0.36953125 0.0234375 0.0296875
2 0.36171875 0.39375 0.0203125 0.0296875
2 0.32265625 0.3765625 0.028125 0.0265625
2 0.31796875 0.44140625 0.03125 0.04375
2 0.31875 0.27578125 0.0265625 0.0265625
2 0.35859375 0.30078125 0.0328125 0.034375
2 0.3890625 0.2421875 0.021875 0.0265625
2 0.3578125 0.17890625 0.0234375 0.0296875
2 0.3203125 0.175 0.0234375 0.0296875
2 0.56875 0.6265625 0.01875 0.0203125
2 0.57265625 0.68515625 0.021875 0.0203125
2 0.575 0.73203125 0.015625 0.0203125
2 0.5765625 0.75546875 0.021875 0.0234375
2 0.58203125 0.8046875 0.015625 0.0234375
2 0.54765625 0.75703125 0.021875 0.03125
2 0.52890625 0.76015625 0.015625 0.021875
2 0.5125 0.7484375 0.0125 0.0234375
2 0.54296875 0.70859375 0.015625 0.0234375
2 0.53828125 0.68359375 0.021875 0.0234375
2 0.53125 0.66484375 0.0171875 0.0296875
2 0.52265625 0.6953125 0.01875 0.021875
2 0.50234375 0.68046875 0.0125 0.0234375
2 0.49453125 0.70390625 0.0203125 0.025
2 0.48125 0.70234375 0.015625 0.025
2 0.503125 0.7828125 0.0234375 0.0296875
2 0.4890625 0.76796875 0.0234375 0.0265625
2 0.51015625 0.83125 0.0234375 0.0234375
2 0.48359375 0.64296875 0.01875 0.0203125
2 0.4703125 0.65 0.01875 0.0203125
2 0.45078125 0.63828125 0.01875 0.0234375