2 0.04375 0.48125 0.021875 0.0265625
2 0.05078125 0.51953125 0.0234375 0.025
2 0.03046875 0.5 0.025 0.0203125
2 0.0609375 0.546875 0.0328125 0.0359375
2 0.1 0.5515625 0.028125 0.01875
2 0.08203125 0.5015625 0.0265625 0.0328125
2 0.15390625 0.49296875 0.025 0.021875
2 0.18359375 0.496875 0.025 0.0234375
2 0.17890625 0.44140625 0.021875 0.0296875
2 0.2390625 0.4390625 0.025 0.0265625
2 0.303125 0.44140625 0.0125 0.0171875
2 0.3390625 0.44453125 0.021875 0.0203125
2 0.31484375 0.49765625 0.0234375 0.0265625
2 0.24765625 0.49609375 0.0203125 0.0203125
2 0.2046875 0.54609375 0.0328125 0.01875
2 0.21953125 0.57890625 0.034375 0.021875
2 0.30390625 0.578125 0.025 0.0234375
2 0.31328125 0.5421875 0.025 0.0203125
2 0.378125 0.578125 0.025 0.0234375
2 0.4015625 0.54140625 0.021875 0.0265625
2 0.403125 0.50625 0.0203125 0.0296875
2 0.365625 0.50234375 0.028125 0.0234375
2 0.4 0.43515625 0.03125 0.0203125
2 0.4296875 0.440625 0.01875 0.021875
2 0.4703125 0.44375 0.025 0.015625
2 0.47265625 0.4078125 0.025 0.0234375
2 0.52734375 0.42421875 0.0203125 0.01875
2 0.5109375 0.45234375 0.025 0.021875
2 0.5734375 0.471875 0.021875 0.0203125
2 0.54375 0.48515625 0.021875 0.025
2 0.5125 0.49921875 0.028125 0.0203125
2 0.53046875 0.51640625 0.025 0.0203125
2 0.546875 0.53203125 0.025 0.0234375
2 0.53125 0.56640625 0.028125 0.0234375
2 0.490625 0.54453125 0.0234375 0.01875
2 0.45 0.5296875 0.01875 0.0203125
2 0.453125 0.503125 0.0265625 0.0234375
2 0.45 0.4796875 0.03125 0.0265625
2 0.440625 0.60546875 0.0265625 0.021875
2 0.46015625 0.64296875 0.0265625 0.0234375
2 0.34765625 0.61015625 0.028125 0.0234375
2 0.37578125 0.64921875 0.028125 0.0203125
2 0.3625 0.68671875 0.025 0.028125
2 0.428125 0.69453125 0.040625 0.0328125
2 0.2625 0.68828125 0.025 0.0265625
2 0.28359375 0.64921875 0.03125 0.0328125
2 0.221875 0.6171875 0.025 0.021875
2 0.16171875 0.64609375 0.028125 0.0234375
2 0.1625 0.68359375 0.028125 0.0234375
2 0.584375 0.44765625 0.01875 0.0203125
2 0.6421875 0.44609375 0.01875 0.0234375
2 0.6890625 0.4453125 0.01875 0.0171875
2 0.7125 0.44453125 0.021875 0.0234375
2 0.7609375 0.43984375 0.021875 0.0171875
2 0.7171875 0.47265625 0.0296875 0.021875
2 0.721875 0.49140625 0.0203125 0.0171875
2 0.7125 0.50859375 0.021875 0.0140625
2 0.66953125 0.4765625 0.021875 0.0171875
2 0.64453125 0.48046875 0.021875 0.0234375
2 0.6265625 0.48671875 0.028125 0.0171875
2 0.65859375 0.49609375 0.0203125 0.0203125
2 0.6453125 0.51640625 0.021875 0.0140625
2 0.66953125 0.525 0.0234375 0.0203125
2 0.6703125 0.53828125 0.0234375 0.015625
2 0.74765625 0.51796875 0.028125 0.0234375
2 0.73359375 0.53203125 0.025 0.0234375
2 0.7953125 0.5125 0.021875 0.025
2 0.61015625 0.53359375 0.01875 0.0203125
2 0.61875 0.54765625 0.01875 0.0203125
2 0.609375 0.56640625 0.021875 0.0203125