2 0.0328125 0.48203125 0.021875 0.0265625
2 0.0390625 0.5203125 0.0234375 0.025
2 0.01875 0.5 0.025 0.0203125
2 0.0484375 0.54765625 0.03125 0.0375
2 0.0875 0.55390625 0.028125 0.0203125
2 0.0703125 0.503125 0.0265625 0.0328125
2 0.14296875 0.49609375 0.025 0.021875
2 0.17265625 0.50078125 0.025 0.0234375
2 0.16875 0.4453125 0.021875 0.0296875
2 0.22890625 0.44453125 0.025 0.0265625
2 0.29296875 0.4484375 0.0125 0.0171875
2 0.32890625 0.45234375 0.021875 0.0203125
2 0.30390625 0.5046875 0.0234375 0.0265625
2 0.23671875 0.50234375 0.0203125 0.0203125
2 0.1921875 0.55078125 0.0328125 0.0203125
2 0.20625 0.58359375 0.034375 0.0234375
2 0.290625 0.58515625 0.025 0.0234375
2 0.30078125 0.54921875 0.025 0.0203125
2 0.36484375 0.58671875 0.025 0.0234375
2 0.38984375 0.55078125 0.021875 0.0265625
2 0.3921875 0.515625 0.0203125 0.0296875
2 0.3546875 0.5109375 0.028125 0.025
2 0.390625 0.44453125 0.03125 0.021875
2 0.4203125 0.45078125 0.01875 0.021875
2 0.4609375 0.4546875 0.025 0.015625
2 0.4640625 0.41875 0.025 0.0234375
2 0.51796875 0.43671875 0.0203125 0.01875
2 0.50078125 0.4640625 0.025 0.021875
2 0.56328125 0.48515625 0.021875 0.0203125
2 0.53359375 0.49765625 0.021875 0.025
2 0.5015625 0.5109375 0.028125 0.021875
2 0.51953125 0.528125 0.025 0.0203125
2 0.53515625 0.54453125 0.025 0.0234375
2 0.51875 0.578125 0.028125 0.025
2 0.47890625 0.55625 0.0234375 0.01875
2 0.43828125 0.53984375 0.01875 0.0203125
2 0.4421875 0.5140625 0.0265625 0.0234375
2 0.43984375 0.48984375 0.03125 0.028125
2 0.42734375 0.615625 0.0265625 0.021875
2 0.44609375 0.653125 0.0265625 0.0234375
2 0.33359375 0.61796875 0.028125 0.025
2 0.3609375 0.65703125 0.028125 0.021875
2 0.346875 0.6953125 0.025 0.028125
2 0.4125 0.70390625 0.040625 0.0328125
2 0.246875 0.69453125 0.025 0.0265625
2 0.26875 0.65546875 0.03125 0.034375
2 0.2078125 0.621875 0.025 0.021875
2 0.146875 0.64921875 0.028125 0.025
2 0.146875 0.68671875 0.028125 0.025
2 0.575 0.4609375 0.01875 0.0203125
2 0.6328125 0.4609375 0.01875 0.0234375
2 0.6796875 0.4609375 0.01875 0.0171875
2 0.703125 0.4609375 0.021875 0.0234375
2 0.7515625 0.45703125 0.021875 0.0171875
2 0.70703125 0.4890625 0.0296875 0.0234375
2 0.71171875 0.50859375 0.0203125 0.0171875
2 0.7015625 0.525 0.021875 0.0140625
2 0.659375 0.4921875 0.021875 0.0171875
2 0.634375 0.4953125 0.021875 0.0234375
2 0.61640625 0.50078125 0.028125 0.01875
2 0.64765625 0.51171875 0.0203125 0.0203125
2 0.634375 0.53125 0.021875 0.0140625
2 0.65859375 0.540625 0.0234375 0.0203125
2 0.65859375 0.55390625 0.0234375 0.015625
2 0.73671875 0.5359375 0.028125 0.025
2 0.72265625 0.54921875 0.025 0.0234375
2 0.784375 0.53125 0.021875 0.025
2 0.5984375 0.54765625 0.01875 0.0203125
2 0.60703125 0.56171875 0.01875 0.0203125
2 0.596875 0.58046875 0.021875 0.0203125