2 0.05234375 0.48203125 0.0234375 0.0265625
2 0.06015625 0.52109375 0.025 0.0265625
2 0.0390625 0.50078125 0.025 0.021875
2 0.0703125 0.54921875 0.0328125 0.0375
2 0.109375 0.55546875 0.028125 0.0203125
2 0.090625 0.50390625 0.028125 0.034375
2 0.1625 0.4984375 0.0265625 0.0234375
2 0.1921875 0.50390625 0.0265625 0.025
2 0.1859375 0.4484375 0.0234375 0.0296875
2 0.24609375 0.4484375 0.0265625 0.028125
2 0.31015625 0.453125 0.0125 0.0171875
2 0.34609375 0.4578125 0.021875 0.0203125
2 0.3234375 0.51015625 0.025 0.028125
2 0.25625 0.50625 0.0203125 0.0203125
2 0.2140625 0.55390625 0.0328125 0.0203125
2 0.2296875 0.5875 0.0359375 0.0234375
2 0.31328125 0.58984375 0.0265625 0.025
2 0.321875 0.55390625 0.025 0.021875
2 0.3875 0.59296875 0.0265625 0.025
2 0.4109375 0.55703125 0.0234375 0.0265625
2 0.41171875 0.52265625 0.021875 0.0296875
2 0.37421875 0.5171875 0.0296875 0.025
2 0.40703125 0.4515625 0.03125 0.021875
2 0.4375 0.45859375 0.0203125 0.021875
2 0.478125 0.4625 0.025 0.0171875
2 0.4796875 0.4265625 0.0265625 0.025
2 0.53359375 0.44609375 0.0203125 0.01875
2 0.51796875 0.47265625 0.0265625 0.0234375
2 0.58125 0.4953125 0.021875 0.0203125
2 0.55234375 0.50703125 0.0234375 0.025
2 0.5203125 0.51953125 0.028125 0.021875
2 0.5390625 0.5375 0.025 0.021875
2 0.55546875 0.55390625 0.0265625 0.025
2 0.540625 0.5875 0.0296875 0.025
2 0.5 0.5640625 0.0234375 0.0203125
2 0.45859375 0.54765625 0.01875 0.0203125
2 0.46171875 0.52109375 0.028125 0.025
2 0.45859375 0.49765625 0.0328125 0.028125
2 0.45078125 0.62265625 0.028125 0.0234375
2 0.47109375 0.6609375 0.028125 0.025
2 0.3578125 0.62421875 0.0296875 0.025
2 0.38671875 0.6640625 0.028125 0.021875
2 0.37421875 0.7015625 0.0265625 0.0296875
2 0.43984375 0.7109375 0.0421875 0.034375
2 0.27421875 0.6984375 0.0265625 0.028125
2 0.29453125 0.66015625 0.0328125 0.034375
2 0.23203125 0.62578125 0.0265625 0.0234375
2 0.17265625 0.65234375 0.0296875 0.025
2 0.17421875 0.68984375 0.0296875 0.025
2 0.59140625 0.47109375 0.01875 0.0203125
2 0.64921875 0.471875 0.0203125 0.0234375
2 0.69609375 0.47265625 0.01875 0.0171875
2 0.71953125 0.4734375 0.0234375 0.0234375
2 0.7671875 0.4703125 0.021875 0.0171875
2 0.72421875 0.5015625 0.03125 0.0234375
2 0.7296875 0.52109375 0.0203125 0.0171875
2 0.7203125 0.53671875 0.021875 0.0140625
2 0.67734375 0.50390625 0.021875 0.0171875
2 0.65234375 0.50625 0.0234375 0.0234375
2 0.634375 0.51171875 0.028125 0.01875
2 0.66640625 0.52265625 0.0203125 0.0203125
2 0.65390625 0.5421875 0.021875 0.0140625
2 0.678125 0.55234375 0.0234375 0.021875
2 0.67890625 0.565625 0.0234375 0.0171875
2 0.75625 0.5484375 0.0296875 0.025
2 0.7421875 0.56171875 0.0265625 0.025
2 0.803125 0.5453125 0.0234375 0.025
2 0.61875 0.55859375 0.01875 0.0203125
2 0.628125 0.57265625 0.01875 0.0203125
2 0.61875 0.590625 0.021875 0.0203125