2 0.0328125 0.4828125 0.021875 0.028125
2 0.0390625 0.521875 0.0234375 0.0265625
2 0.01875 0.50078125 0.025 0.021875
2 0.0484375 0.55 0.03125 0.0375
2 0.0875 0.55703125 0.028125 0.0203125
2 0.0703125 0.50546875 0.0265625 0.034375
2 0.14296875 0.50078125 0.025 0.0234375
2 0.17265625 0.50703125 0.025 0.025
2 0.16875 0.4515625 0.021875 0.03125
2 0.22890625 0.45234375 0.025 0.028125
2 0.29296875 0.45859375 0.0125 0.0171875
2 0.32890625 0.4640625 0.021875 0.021875
2 0.30390625 0.515625 0.0234375 0.028125
2 0.23671875 0.51015625 0.0203125 0.021875
2 0.1921875 0.55703125 0.0328125 0.021875
2 0.20625 0.590625 0.034375 0.025
2 0.290625 0.5953125 0.025 0.025
2 0.30078125 0.559375 0.025 0.021875
2 0.36484375 0.59921875 0.025 0.025
2 0.38984375 0.5640625 0.021875 0.028125
2 0.3921875 0.5296875 0.0203125 0.03125
2 0.3546875 0.5234375 0.028125 0.025
2 0.390625 0.4578125 0.03125 0.021875
2 0.4203125 0.465625 0.01875 0.021875
2 0.4609375 0.4703125 0.025 0.0171875
2 0.4640625 0.43515625 0.025 0.025
2 0.51796875 0.4546875 0.0203125 0.0203125
2 0.50078125 0.48203125 0.025 0.0234375
2 0.56328125 0.50546875 0.021875 0.021875
2 0.53359375 0.51640625 0.021875 0.0265625
2 0.5015625 0.52890625 0.028125 0.021875
2 0.51953125 0.546875 0.025 0.021875
2 0.53515625 0.56328125 0.025 0.025
2 0.51875 0.596875 0.028125 0.025
2 0.47890625 0.57265625 0.0234375 0.0203125
2 0.43828125 0.55546875 0.01875 0.0203125
2 0.4421875 0.52890625 0.0265625 0.025
2 0.43984375 0.50546875 0.03125 0.028125
2 0.42734375 0.63046875 0.0265625 0.0234375
2 0.44609375 0.66875 0.0265625 0.025
2 0.33359375 0.6296875 0.028125 0.025
2 0.3609375 0.6703125 0.028125 0.021875
2 0.346875 0.7078125 0.025 0.0296875
2 0.4125 0.71875 0.040625 0.034375
2 0.246875 0.703125 0.025 0.028125
2 0.26875 0.66484375 0.03125 0.034375
2 0.2078125 0.6296875 0.025 0.0234375
2 0.146875 0.6546875 0.028125 0.025
2 0.146875 0.6921875 0.028125 0.025
2 0.575 0.48125 0.01875 0.0203125
2 0.6328125 0.4828125 0.01875 0.0234375
2 0.6796875 0.48515625 0.01875 0.0171875
2 0.703125 0.4859375 0.021875 0.025
2 0.7515625 0.48359375 0.021875 0.01875
2 0.70703125 0.5140625 0.0296875 0.0234375
2 0.71171875 0.53359375 0.0203125 0.01875
2 0.7015625 0.54921875 0.021875 0.015625
2 0.659375 0.515625 0.021875 0.01875
2 0.634375 0.51796875 0.021875 0.025
2 0.61640625 0.52265625 0.028125 0.01875
2 0.64765625 0.534375 0.0203125 0.021875
2 0.634375 0.55390625 0.021875 0.015625
2 0.65859375 0.5640625 0.0234375 0.021875
2 0.65859375 0.57734375 0.0234375 0.0171875
2 0.73671875 0.56171875 0.028125 0.025
2 0.72265625 0.575 0.025 0.025
2 0.784375 0.55859375 0.021875 0.0265625
2 0.5984375 0.56875 0.01875 0.0203125
2 0.60703125 0.5828125 0.01875 0.0203125
2 0.596875 0.6015625 0.021875 0.021875