2 0.46171875 0.9890625 0.025 0.021875
2 0.50078125 0.98515625 0.0234375 0.025
2 0.48125 0.99609375 0.01875 0.0078125
2 0.52734375 0.9765625 0.034375 0.0328125
2 0.53046875 0.93828125 0.0171875 0.0296875
2 0.48046875 0.953125 0.03125 0.028125
2 0.46875 0.8796875 0.0203125 0.0265625
2 0.471875 0.85 0.021875 0.0265625
2 0.415625 0.8515625 0.028125 0.0234375
2 0.4109375 0.790625 0.025 0.0265625
2 0.41015625 0.7265625 0.015625 0.0125
2 0.41171875 0.690625 0.01875 0.0234375
2 0.465625 0.71875 0.025 0.025
2 0.46796875 0.7859375 0.01875 0.021875
2 0.51953125 0.8328125 0.0171875 0.034375
2 0.5515625 0.8203125 0.0203125 0.0359375
2 0.546875 0.73515625 0.021875 0.0265625
2 0.51015625 0.7234375 0.01875 0.0265625
2 0.54375 0.6609375 0.021875 0.0265625
2 0.50546875 0.634375 0.025 0.0234375
2 0.4703125 0.63046875 0.028125 0.021875
2 0.46875 0.66796875 0.021875 0.0296875
2 0.39921875 0.628125 0.01875 0.0328125
2 0.40390625 0.59921875 0.0203125 0.0203125
2 0.4046875 0.55859375 0.0140625 0.025
2 0.36875 0.55390625 0.021875 0.0265625
2 0.3828125 0.5 0.0171875 0.021875
2 0.41171875 0.51875 0.0203125 0.0265625
2 0.428125 0.45703125 0.01875 0.0234375
2 0.44296875 0.4875 0.0234375 0.0234375
2 0.45859375 0.5203125 0.01875 0.0296875
2 0.47421875 0.503125 0.01875 0.0265625
2 0.48984375 0.48828125 0.021875 0.0265625
2 0.52421875 0.50625 0.021875 0.0296875
2 0.5046875 0.5453125 0.0171875 0.025
2 0.49140625 0.58515625 0.01875 0.0203125
2 0.465625 0.5796875 0.021875 0.028125
2 0.44140625 0.58125 0.025 0.0328125
2 0.56796875 0.59921875 0.0203125 0.028125
2 0.6046875 0.5828125 0.021875 0.028125
2 0.57734375 0.69375 0.021875 0.0296875
2 0.61484375 0.66796875 0.01875 0.0296875
2 0.653125 0.684375 0.0265625 0.0265625
2 0.6578125 0.61875 0.0296875 0.0421875
2 0.659375 0.784375 0.025 0.0265625
2 0.61953125 0.7609375 0.03125 0.0328125
2 0.58984375 0.8203125 0.0203125 0.0265625
2 0.621875 0.8828125 0.021875 0.0296875
2 0.659375 0.884375 0.021875 0.0296875
2 0.40390625 0.44375 0.01875 0.0203125
2 0.39921875 0.3859375 0.021875 0.0203125
2 0.39609375 0.3390625 0.015625 0.01875
2 0.39375 0.315625 0.021875 0.0234375
2 0.38671875 0.26640625 0.015625 0.021875
2 0.421875 0.3125 0.0203125 0.03125
2 0.44140625 0.309375 0.015625 0.0203125
2 0.4578125 0.3203125 0.0125 0.021875
2 0.428125 0.3609375 0.015625 0.021875
2 0.43359375 0.3859375 0.021875 0.0234375
2 0.43984375 0.4046875 0.015625 0.028125
2 0.4484375 0.3734375 0.01875 0.021875
2 0.46953125 0.3875 0.0125 0.021875
2 0.4765625 0.3640625 0.01875 0.025
2 0.48984375 0.36484375 0.0140625 0.0234375
2 0.46640625 0.28515625 0.021875 0.0296875
2 0.48125 0.3 0.021875 0.0265625
2 0.45859375 0.2375 0.0234375 0.0234375
2 0.48828125 0.425 0.01875 0.0203125
2 0.5015625 0.41640625 0.01875 0.0203125
2 0.52109375 0.42734375 0.01875 0.0234375