2 0.003125 0.478125 0.00625 0.025
2 0.0046875 0.51640625 0.009375 0.0234375
2 0.01015625 0.54296875 0.0203125 0.034375
2 0.04296875 0.54375 0.0296875 0.0171875
2 0.0296875 0.4953125 0.0296875 0.03125
2 0.103125 0.48046875 0.0265625 0.0203125
2 0.1328125 0.48203125 0.0265625 0.021875
2 0.13359375 0.4265625 0.0234375 0.028125
2 0.19453125 0.41875 0.0265625 0.025
2 0.25859375 0.415625 0.0140625 0.015625
2 0.29453125 0.415625 0.0234375 0.01875
2 0.26484375 0.47109375 0.025 0.025
2 0.19765625 0.47578125 0.021875 0.01875
2 0.1484375 0.52890625 0.034375 0.0171875
2 0.16015625 0.5609375 0.0359375 0.021875
2 0.2453125 0.55234375 0.0265625 0.021875
2 0.2578125 0.515625 0.0265625 0.01875
2 0.31953125 0.54609375 0.0265625 0.021875
2 0.34765625 0.50703125 0.0234375 0.025
2 0.353125 0.471875 0.021875 0.028125
2 0.315625 0.47109375 0.0296875 0.021875
2 0.35703125 0.40078125 0.0328125 0.01875
2 0.38671875 0.40390625 0.0203125 0.0203125
2 0.42734375 0.403125 0.0265625 0.0140625
2 0.4328125 0.3671875 0.0265625 0.021875
2 0.4859375 0.3796875 0.021875 0.0171875
2 0.46640625 0.40859375 0.0265625 0.0203125
2 0.52734375 0.42265625 0.0234375 0.01875
2 0.496875 0.43828125 0.0234375 0.0234375
2 0.46328125 0.45546875 0.0296875 0.01875
2 0.48046875 0.47109375 0.0265625 0.01875
2 0.49453125 0.48515625 0.0265625 0.021875
2 0.475 0.52109375 0.0296875 0.021875
2 0.43671875 0.503125 0.025 0.0171875
2 0.39765625 0.49140625 0.0203125 0.01875
2 0.403125 0.46484375 0.028125 0.021875
2 0.403125 0.44140625 0.0328125 0.025
2 0.38046875 0.56796875 0.028125 0.0203125
2 0.39609375 0.60390625 0.028125 0.021875
2 0.28515625 0.58125 0.0296875 0.021875
2 0.31015625 0.6171875 0.0296875 0.01875
2 0.29296875 0.65703125 0.0265625 0.0265625
2 0.3578125 0.65859375 0.04375 0.03125
2 0.1921875 0.6671875 0.0265625 0.025
2 0.2171875 0.62578125 0.034375 0.03125
2 0.15859375 0.59921875 0.0265625 0.0203125
2 0.09453125 0.63359375 0.0296875 0.021875
2 0.0921875 0.67109375 0.0296875 0.021875
2 0.54140625 0.39765625 0.0203125 0.01875
2 0.6 0.390625 0.0203125 0.021875
2 0.646875 0.3859375 0.0203125 0.015625
2 0.6703125 0.3828125 0.0234375 0.021875
2 0.71953125 0.37421875 0.0234375 0.015625
2 0.671875 0.4109375 0.03125 0.0203125
2 0.675 0.4296875 0.021875 0.015625
2 0.6640625 0.446875 0.0234375 0.0125
2 0.62421875 0.41875 0.0234375 0.015625
2 0.5984375 0.425 0.0234375 0.021875
2 0.5796875 0.4328125 0.0296875 0.015625
2 0.61015625 0.43984375 0.021875 0.01875
2 0.5953125 0.4609375 0.0234375 0.0125
2 0.61953125 0.4671875 0.025 0.01875
2 0.61796875 0.48046875 0.025 0.0140625
2 0.6984375 0.45390625 0.0296875 0.021875
2 0.6828125 0.46875 0.0265625 0.021875
2 0.746875 0.44453125 0.0234375 0.0234375
2 0.5578125 0.48125 0.0203125 0.01875
2 0.565625 0.49453125 0.0203125 0.01875
2 0.55390625 0.5140625 0.0234375 0.01875