2 0.52265625 0.1 0.0265625 0.025
2 0.48515625 0.1015625 0.025 0.0265625
2 0.50234375 0.08359375 0.0203125 0.028125
2 0.45859375 0.10703125 0.0359375 0.0359375
2 0.45859375 0.14609375 0.01875 0.0296875
2 0.50703125 0.13515625 0.0328125 0.03125
2 0.52421875 0.209375 0.021875 0.028125
2 0.5234375 0.2390625 0.0234375 0.028125
2 0.578125 0.2421875 0.0296875 0.025
2 0.5875 0.303125 0.0265625 0.028125
2 0.59296875 0.3671875 0.015625 0.0140625
2 0.59375 0.403125 0.0203125 0.025
2 0.5375 0.37109375 0.0265625 0.0265625
2 0.53125 0.303125 0.0203125 0.0234375
2 0.4765625 0.25234375 0.01875 0.034375
2 0.4453125 0.2625 0.021875 0.0375
2 0.45546875 0.34765625 0.0234375 0.028125
2 0.49296875 0.3625 0.0203125 0.028125
2 0.4640625 0.421875 0.0234375 0.028125
2 0.50390625 0.45234375 0.0265625 0.025
2 0.5390625 0.45859375 0.0296875 0.0234375
2 0.5390625 0.421875 0.0234375 0.03125
2 0.61015625 0.46640625 0.0203125 0.034375
2 0.6078125 0.49609375 0.021875 0.021875
2 0.61015625 0.53671875 0.015625 0.0265625
2 0.64609375 0.54375 0.0234375 0.028125
2 0.6359375 0.59609375 0.01875 0.021875
2 0.60625 0.575 0.021875 0.028125
2 0.59375 0.6359375 0.0203125 0.025
2 0.57734375 0.60390625 0.025 0.025
2 0.559375 0.5703125 0.0203125 0.03125
2 0.54453125 0.5859375 0.0203125 0.028125
2 0.53046875 0.6 0.0234375 0.028125
2 0.49453125 0.57890625 0.0234375 0.03125
2 0.5109375 0.54140625 0.01875 0.025
2 0.52109375 0.50234375 0.0203125 0.021875
2 0.5484375 0.509375 0.0234375 0.0296875
2 0.571875 0.51015625 0.0265625 0.034375
2 0.44453125 0.48125 0.021875 0.0296875
2 0.409375 0.49609375 0.0234375 0.0296875
2 0.428125 0.38671875 0.0234375 0.03125
2 0.39296875 0.409375 0.0203125 0.03125
2 0.353125 0.38984375 0.028125 0.028125
2 0.35390625 0.45546875 0.03125 0.04375
2 0.340625 0.2890625 0.0265625 0.028125
2 0.38203125 0.31640625 0.0328125 0.0359375
2 0.40703125 0.25859375 0.021875 0.028125
2 0.37109375 0.19375 0.0234375 0.03125
2 0.33359375 0.1890625 0.0234375 0.03125
2 0.61953125 0.65078125 0.0203125 0.021875
2 0.62734375 0.709375 0.0234375 0.021875
2 0.634375 0.75703125 0.0171875 0.0203125
2 0.6375 0.78046875 0.0234375 0.025
2 0.64765625 0.8296875 0.0171875 0.0234375
2 0.609375 0.78046875 0.021875 0.0328125
2 0.59140625 0.7828125 0.0171875 0.021875
2 0.5734375 0.7703125 0.0140625 0.0234375
2 0.6 0.73203125 0.0171875 0.0234375
2 0.59375 0.70625 0.0234375 0.025
2 0.58515625 0.6875 0.0171875 0.0296875
2 0.57890625 0.71796875 0.0203125 0.0234375
2 0.5578125 0.7015625 0.0140625 0.0234375
2 0.5515625 0.725 0.0203125 0.0265625
2 0.53828125 0.7234375 0.015625 0.025
2 0.5671875 0.8046875 0.0234375 0.03125
2 0.5515625 0.7890625 0.0234375 0.028125
2 0.57890625 0.85390625 0.025 0.025
2 0.5359375 0.66328125 0.0203125 0.021875
2 0.5234375 0.6703125 0.0203125 0.021875
2 0.503125 0.6578125 0.0203125 0.025