2 0.5203125 0.0203125 0.025 0.021875
2 0.48125 0.028125 0.025 0.0234375
2 0.50078125 0.01015625 0.0203125 0.0203125
2 0.4546875 0.0375 0.0359375 0.0328125
2 0.45078125 0.0765625 0.01875 0.028125
2 0.50078125 0.05859375 0.0328125 0.0265625
2 0.51171875 0.13125 0.021875 0.025
2 0.5078125 0.1609375 0.0234375 0.025
2 0.56328125 0.15546875 0.028125 0.021875
2 0.56796875 0.215625 0.0265625 0.025
2 0.5671875 0.2796875 0.015625 0.0125
2 0.56484375 0.315625 0.01875 0.021875
2 0.5109375 0.29140625 0.0265625 0.0234375
2 0.51015625 0.225 0.01875 0.0203125
2 0.459375 0.18125 0.01875 0.0328125
2 0.42734375 0.19609375 0.021875 0.034375
2 0.43046875 0.28046875 0.0234375 0.025
2 0.4671875 0.28984375 0.0203125 0.025
2 0.4328125 0.3546875 0.0234375 0.025
2 0.4703125 0.37890625 0.025 0.021875
2 0.5046875 0.38046875 0.028125 0.0203125
2 0.5078125 0.3421875 0.0234375 0.028125
2 0.5765625 0.3765625 0.0203125 0.03125
2 0.57109375 0.40703125 0.0203125 0.01875
2 0.56953125 0.44765625 0.015625 0.025
2 0.60546875 0.44921875 0.0234375 0.025
2 0.590625 0.50390625 0.0171875 0.0203125
2 0.5625 0.4875 0.021875 0.025
2 0.54453125 0.55 0.01875 0.021875
2 0.53046875 0.52109375 0.0234375 0.021875
2 0.515625 0.4890625 0.0203125 0.028125
2 0.49921875 0.5078125 0.0203125 0.025
2 0.48359375 0.5234375 0.0234375 0.025
2 0.44921875 0.5078125 0.0234375 0.028125
2 0.46953125 0.46796875 0.01875 0.0234375
2 0.4828125 0.4265625 0.01875 0.01875
2 0.509375 0.4296875 0.0234375 0.0265625
2 0.5328125 0.42734375 0.0265625 0.03125
2 0.40703125 0.4171875 0.021875 0.0265625
2 0.3703125 0.4375 0.0234375 0.0265625
2 0.39921875 0.32421875 0.0234375 0.028125
2 0.36171875 0.35234375 0.0203125 0.028125
2 0.32265625 0.3390625 0.028125 0.025
2 0.31796875 0.4046875 0.03125 0.040625
2 0.31875 0.2390625 0.0265625 0.025
2 0.35859375 0.26015625 0.0328125 0.03125
2 0.3890625 0.1984375 0.021875 0.025
2 0.3578125 0.13828125 0.0234375 0.028125
2 0.3203125 0.1390625 0.0234375 0.028125
2 0.56875 0.5609375 0.01875 0.01875
2 0.57265625 0.61875 0.021875 0.01875
2 0.575 0.665625 0.015625 0.01875
2 0.5765625 0.6890625 0.021875 0.021875
2 0.58203125 0.7375 0.015625 0.021875
2 0.54765625 0.69375 0.021875 0.0296875
2 0.52890625 0.6984375 0.015625 0.0203125
2 0.5125 0.6890625 0.0125 0.021875
2 0.54296875 0.64609375 0.015625 0.021875
2 0.53828125 0.62109375 0.021875 0.021875
2 0.53125 0.60390625 0.0171875 0.028125
2 0.52265625 0.63515625 0.01875 0.0203125
2 0.50234375 0.621875 0.0125 0.021875
2 0.49453125 0.646875 0.0203125 0.0234375
2 0.48125 0.646875 0.015625 0.0234375
2 0.503125 0.72421875 0.0234375 0.028125
2 0.4890625 0.7109375 0.0234375 0.025
2 0.51015625 0.771875 0.0234375 0.021875
2 0.48359375 0.58671875 0.01875 0.01875
2 0.4703125 0.5953125 0.01875 0.01875
2 0.45078125 0.5859375 0.01875 0.021875