2 0.021875 0.4796875 0.021875 0.025
2 0.02734375 0.51796875 0.0234375 0.0234375
2 0.01015625 0.4984375 0.0203125 0.01875
2 0.0359375 0.54453125 0.0328125 0.034375
2 0.075 0.54765625 0.028125 0.0171875
2 0.05859375 0.4984375 0.0265625 0.03125
2 0.13203125 0.4859375 0.025 0.0203125
2 0.16171875 0.4890625 0.025 0.021875
2 0.15859375 0.43359375 0.021875 0.028125
2 0.21875 0.428125 0.025 0.025
2 0.2828125 0.428125 0.0125 0.015625
2 0.31875 0.42890625 0.021875 0.01875
2 0.29296875 0.48359375 0.0234375 0.025
2 0.22578125 0.48515625 0.0203125 0.01875
2 0.1796875 0.53671875 0.0328125 0.0171875
2 0.19296875 0.56953125 0.034375 0.0203125
2 0.27734375 0.5640625 0.025 0.021875
2 0.28828125 0.528125 0.025 0.01875
2 0.3515625 0.5609375 0.025 0.021875
2 0.378125 0.5234375 0.021875 0.025
2 0.38125 0.48828125 0.0203125 0.028125
2 0.34375 0.4859375 0.028125 0.021875
2 0.38125 0.4171875 0.03125 0.01875
2 0.4109375 0.42109375 0.01875 0.0203125
2 0.4515625 0.421875 0.025 0.0140625
2 0.45546875 0.3859375 0.025 0.021875
2 0.50859375 0.40078125 0.0203125 0.0171875
2 0.490625 0.42890625 0.025 0.0203125
2 0.553125 0.44609375 0.021875 0.01875
2 0.5234375 0.46015625 0.021875 0.0234375
2 0.490625 0.47578125 0.028125 0.01875
2 0.50859375 0.4921875 0.025 0.01875
2 0.5234375 0.50703125 0.025 0.021875
2 0.50625 0.5421875 0.028125 0.021875
2 0.4671875 0.52265625 0.0234375 0.0171875
2 0.4265625 0.509375 0.01875 0.01875
2 0.43125 0.4828125 0.0265625 0.021875
2 0.4296875 0.459375 0.03125 0.025
2 0.4140625 0.5859375 0.0265625 0.0203125
2 0.43203125 0.621875 0.0265625 0.021875
2 0.31953125 0.59453125 0.028125 0.021875
2 0.34609375 0.63203125 0.028125 0.01875
2 0.33125 0.67109375 0.025 0.0265625
2 0.396875 0.675 0.040625 0.0296875
2 0.23125 0.67734375 0.025 0.025
2 0.25390625 0.63671875 0.03125 0.03125
2 0.19375 0.6078125 0.025 0.0203125
2 0.13203125 0.6390625 0.028125 0.021875
2 0.13125 0.6765625 0.028125 0.021875
2 0.565625 0.42109375 0.01875 0.01875
2 0.6234375 0.41640625 0.01875 0.021875
2 0.6703125 0.41328125 0.01875 0.015625
2 0.69375 0.41171875 0.021875 0.021875
2 0.7421875 0.4046875 0.021875 0.015625
2 0.696875 0.43984375 0.0296875 0.0203125
2 0.7015625 0.45859375 0.0203125 0.015625
2 0.690625 0.47578125 0.021875 0.0125
2 0.64921875 0.44609375 0.021875 0.015625
2 0.62421875 0.45078125 0.021875 0.021875
2 0.60625 0.4578125 0.028125 0.015625
2 0.63671875 0.465625 0.0203125 0.01875
2 0.6234375 0.48671875 0.021875 0.0125
2 0.64765625 0.49453125 0.0234375 0.01875
2 0.646875 0.5078125 0.0234375 0.0140625
2 0.72578125 0.48359375 0.028125 0.021875
2 0.71171875 0.4984375 0.025 0.021875
2 0.7734375 0.4765625 0.021875 0.0234375
2 0.58671875 0.50546875 0.01875 0.01875
2 0.5953125 0.51953125 0.01875 0.01875
2 0.584375 0.53828125 0.021875 0.01875