2 0.4734375 0.90859375 0.025 0.025
2 0.51171875 0.89765625 0.0234375 0.0265625
2 0.49296875 0.9203125 0.01875 0.0265625
2 0.53828125 0.88515625 0.034375 0.0359375
2 0.540625 0.8453125 0.0171875 0.0296875
2 0.49140625 0.86875 0.03125 0.0296875
2 0.47890625 0.79765625 0.0203125 0.028125
2 0.48125 0.76796875 0.021875 0.028125
2 0.42578125 0.778125 0.028125 0.025
2 0.41953125 0.71875 0.025 0.028125
2 0.41875 0.65546875 0.015625 0.0140625
2 0.41953125 0.61875 0.01875 0.0234375
2 0.47421875 0.6375 0.025 0.0265625
2 0.4765625 0.70390625 0.01875 0.021875
2 0.52890625 0.7421875 0.0171875 0.034375
2 0.5609375 0.72421875 0.0203125 0.0375
2 0.55546875 0.640625 0.021875 0.028125
2 0.51875 0.63515625 0.01875 0.0265625
2 0.55078125 0.5671875 0.021875 0.028125
2 0.5125 0.546875 0.025 0.025
2 0.47734375 0.5484375 0.028125 0.0234375
2 0.47578125 0.58671875 0.021875 0.03125
2 0.40625 0.559375 0.01875 0.0328125
2 0.4109375 0.52890625 0.0203125 0.021875
2 0.4109375 0.48828125 0.0140625 0.0265625
2 0.375 0.48984375 0.021875 0.028125
2 0.38828125 0.43359375 0.0171875 0.021875
2 0.4171875 0.44765625 0.0203125 0.028125
2 0.43359375 0.3828125 0.01875 0.0234375
2 0.4484375 0.4109375 0.0234375 0.025
2 0.4640625 0.44140625 0.01875 0.0296875
2 0.4796875 0.42109375 0.01875 0.0265625
2 0.4953125 0.40390625 0.021875 0.028125
2 0.5296875 0.415625 0.021875 0.03125
2 0.5109375 0.4578125 0.0171875 0.025
2 0.4984375 0.5 0.01875 0.0203125
2 0.471875 0.49921875 0.021875 0.0296875
2 0.4484375 0.5046875 0.025 0.034375
2 0.575 0.5015625 0.0203125 0.0296875
2 0.6109375 0.478125 0.021875 0.0296875
2 0.58515625 0.59375 0.021875 0.03125
2 0.621875 0.5625 0.01875 0.0296875
2 0.6609375 0.571875 0.0265625 0.028125
2 0.66484375 0.50546875 0.0296875 0.04375
2 0.66796875 0.6703125 0.025 0.028125
2 0.628125 0.65390625 0.03125 0.034375
2 0.59921875 0.71796875 0.0203125 0.028125
2 0.63203125 0.775 0.021875 0.03125
2 0.66953125 0.7703125 0.021875 0.03125
2 0.40859375 0.37421875 0.01875 0.0203125
2 0.403125 0.3171875 0.021875 0.021875
2 0.4 0.27109375 0.015625 0.0203125
2 0.39765625 0.24765625 0.021875 0.025
2 0.38984375 0.2 0.015625 0.0234375
2 0.42578125 0.240625 0.0203125 0.0328125
2 0.44453125 0.23359375 0.015625 0.021875
2 0.46171875 0.24140625 0.0125 0.0234375
2 0.43203125 0.2875 0.015625 0.0234375
2 0.4375 0.31171875 0.021875 0.025
2 0.44453125 0.32890625 0.015625 0.0296875
2 0.45234375 0.296875 0.01875 0.021875
2 0.4734375 0.30703125 0.0125 0.0234375
2 0.48046875 0.28203125 0.01875 0.025
2 0.49375 0.28046875 0.0140625 0.025
2 0.46953125 0.20546875 0.021875 0.03125
2 0.484375 0.21796875 0.021875 0.028125
2 0.4609375 0.15859375 0.0234375 0.025
2 0.49296875 0.340625 0.01875 0.0203125
2 0.50625 0.33046875 0.01875 0.0203125
2 0.52578125 0.33828125 0.01875 0.0234375