2 0.003125 0.48046875 0.00625 0.0265625
2 0.0046875 0.51875 0.009375 0.025
2 0.01015625 0.54609375 0.0203125 0.0359375
2 0.04296875 0.55 0.0296875 0.01875
2 0.0296875 0.5 0.0296875 0.0328125
2 0.103125 0.4890625 0.0265625 0.021875
2 0.1328125 0.49296875 0.0265625 0.0234375
2 0.13359375 0.4375 0.0234375 0.0296875
2 0.19453125 0.43359375 0.0265625 0.0265625
2 0.25859375 0.434375 0.0140625 0.015625
2 0.29453125 0.43671875 0.0234375 0.0203125
2 0.26484375 0.490625 0.025 0.0265625
2 0.19765625 0.490625 0.021875 0.0203125
2 0.1484375 0.54140625 0.034375 0.01875
2 0.16015625 0.57421875 0.0359375 0.021875
2 0.2453125 0.57109375 0.0265625 0.0234375
2 0.2578125 0.53515625 0.0265625 0.0203125
2 0.31953125 0.56953125 0.0265625 0.0234375
2 0.34765625 0.53203125 0.0234375 0.0265625
2 0.353125 0.496875 0.021875 0.0296875
2 0.315625 0.49375 0.0296875 0.0234375
2 0.35703125 0.42578125 0.0328125 0.0203125
2 0.38671875 0.43125 0.0203125 0.0203125
2 0.42734375 0.4328125 0.0265625 0.015625
2 0.4328125 0.396875 0.0265625 0.0234375
2 0.4859375 0.4125 0.021875 0.01875
2 0.46640625 0.440625 0.0265625 0.021875
2 0.52734375 0.45859375 0.0234375 0.0203125
2 0.496875 0.47265625 0.0234375 0.025
2 0.46328125 0.4875 0.0296875 0.0203125
2 0.48046875 0.50390625 0.0265625 0.0203125
2 0.49453125 0.51953125 0.0265625 0.0234375
2 0.475 0.55390625 0.0296875 0.0234375
2 0.43671875 0.53359375 0.025 0.01875
2 0.39765625 0.51953125 0.0203125 0.01875
2 0.403125 0.49296875 0.028125 0.0234375
2 0.403125 0.46953125 0.0328125 0.0265625
2 0.38046875 0.5953125 0.028125 0.021875
2 0.39609375 0.63203125 0.028125 0.0234375
2 0.28515625 0.60234375 0.0296875 0.0234375
2 0.31015625 0.640625 0.0296875 0.0203125
2 0.29296875 0.67890625 0.0265625 0.028125
2 0.3578125 0.68515625 0.04375 0.03125
2 0.1921875 0.6828125 0.0265625 0.0265625
2 0.2171875 0.64296875 0.034375 0.0328125
2 0.15859375 0.6125 0.0265625 0.021875
2 0.09453125 0.64296875 0.0296875 0.0234375
2 0.0921875 0.68046875 0.0296875 0.0234375
2 0.54140625 0.434375 0.0203125 0.01875
2 0.6 0.43125 0.0203125 0.021875
2 0.646875 0.42890625 0.0203125 0.015625
2 0.6703125 0.428125 0.0234375 0.0234375
2 0.71953125 0.421875 0.0234375 0.0171875
2 0.671875 0.45625 0.03125 0.021875
2 0.675 0.475 0.021875 0.0171875
2 0.6640625 0.4921875 0.0234375 0.0140625
2 0.62421875 0.4609375 0.0234375 0.0171875
2 0.5984375 0.465625 0.0234375 0.0234375
2 0.5796875 0.471875 0.0296875 0.0171875
2 0.61015625 0.48125 0.021875 0.0203125
2 0.5953125 0.5015625 0.0234375 0.0140625
2 0.61953125 0.509375 0.025 0.0203125
2 0.61796875 0.52265625 0.025 0.015625
2 0.6984375 0.50078125 0.0296875 0.0234375
2 0.6828125 0.515625 0.0265625 0.0234375
2 0.746875 0.49453125 0.0234375 0.025
2 0.5578125 0.51953125 0.0203125 0.01875
2 0.565625 0.53359375 0.0203125 0.01875
2 0.55390625 0.55234375 0.0234375 0.0203125