2 0.53515625 0.9828125 0.0171875 0.0296875
2 0.4859375 0.9890625 0.03125 0.021875
2 0.4734375 0.91953125 0.0203125 0.028125
2 0.4765625 0.88984375 0.021875 0.028125
2 0.42109375 0.88671875 0.028125 0.025
2 0.415625 0.82578125 0.025 0.028125
2 0.4140625 0.76171875 0.015625 0.0140625
2 0.415625 0.72578125 0.01875 0.025
2 0.4703125 0.7578125 0.025 0.0265625
2 0.47265625 0.825 0.01875 0.0234375
2 0.52421875 0.8765625 0.0171875 0.034375
2 0.55625 0.86640625 0.0203125 0.0375
2 0.55078125 0.78125 0.021875 0.028125
2 0.51484375 0.76640625 0.01875 0.028125
2 0.54765625 0.70625 0.021875 0.028125
2 0.509375 0.6765625 0.025 0.025
2 0.47421875 0.66953125 0.028125 0.0234375
2 0.471875 0.70703125 0.021875 0.03125
2 0.403125 0.6625 0.01875 0.034375
2 0.40703125 0.6328125 0.0203125 0.021875
2 0.4078125 0.5921875 0.0140625 0.0265625
2 0.371875 0.584375 0.021875 0.028125
2 0.3859375 0.53203125 0.0171875 0.021875
2 0.41484375 0.553125 0.0203125 0.028125
2 0.43046875 0.49296875 0.01875 0.025
2 0.4453125 0.52421875 0.0234375 0.025
2 0.46171875 0.55859375 0.01875 0.03125
2 0.47734375 0.54296875 0.01875 0.028125
2 0.4921875 0.52890625 0.021875 0.028125
2 0.52734375 0.55 0.021875 0.03125
2 0.5078125 0.5875 0.0171875 0.025
2 0.4953125 0.6265625 0.01875 0.021875
2 0.46875 0.61875 0.021875 0.0296875
2 0.4453125 0.61796875 0.025 0.034375
2 0.57109375 0.646875 0.0203125 0.0296875
2 0.6078125 0.6328125 0.021875 0.0296875
2 0.58125 0.7421875 0.021875 0.03125
2 0.61796875 0.71953125 0.01875 0.03125
2 0.65703125 0.7390625 0.0265625 0.028125
2 0.6609375 0.6734375 0.0296875 0.04375
2 0.6640625 0.83984375 0.025 0.028125
2 0.6234375 0.8125 0.03125 0.0359375
2 0.59453125 0.86953125 0.0203125 0.028125
2 0.6265625 0.93515625 0.021875 0.03125
2 0.6640625 0.93984375 0.021875 0.03125
2 0.40625 0.478125 0.01875 0.021875
2 0.4015625 0.41953125 0.021875 0.021875
2 0.39765625 0.371875 0.015625 0.0203125
2 0.39609375 0.3484375 0.021875 0.025
2 0.38828125 0.2984375 0.015625 0.0234375
2 0.42421875 0.34765625 0.0203125 0.0328125
2 0.44296875 0.3453125 0.015625 0.021875
2 0.46015625 0.3578125 0.0125 0.0234375
2 0.43046875 0.396875 0.015625 0.0234375
2 0.4359375 0.421875 0.021875 0.025
2 0.4421875 0.44140625 0.015625 0.0296875
2 0.45078125 0.4109375 0.01875 0.0234375
2 0.471875 0.4265625 0.0125 0.0234375
2 0.47890625 0.40390625 0.01875 0.0265625
2 0.4921875 0.40546875 0.0140625 0.025
2 0.46796875 0.32421875 0.021875 0.03125
2 0.4828125 0.33984375 0.021875 0.028125
2 0.46015625 0.275 0.0234375 0.025
2 0.490625 0.465625 0.01875 0.021875
2 0.50390625 0.45859375 0.01875 0.021875
2 0.5234375 0.47109375 0.01875 0.025