2 0.52109375 0.06953125 0.025 0.0234375
2 0.48203125 0.07265625 0.0234375 0.025
2 0.5015625 0.05390625 0.01875 0.0265625
2 0.45546875 0.08046875 0.034375 0.034375
2 0.453125 0.11953125 0.0171875 0.0296875
2 0.50234375 0.10546875 0.03125 0.028125
2 0.51484375 0.17890625 0.0203125 0.0265625
2 0.51171875 0.20859375 0.021875 0.0265625
2 0.5671875 0.20859375 0.028125 0.0234375
2 0.5734375 0.26953125 0.025 0.0265625
2 0.57421875 0.33359375 0.015625 0.0140625
2 0.57265625 0.36953125 0.01875 0.0234375
2 0.51796875 0.340625 0.025 0.025
2 0.515625 0.27265625 0.01875 0.021875
2 0.4640625 0.225 0.0171875 0.034375
2 0.43203125 0.23671875 0.0203125 0.0359375
2 0.4375 0.32109375 0.021875 0.0265625
2 0.47421875 0.334375 0.01875 0.0265625
2 0.44140625 0.39609375 0.021875 0.0265625
2 0.47890625 0.4234375 0.025 0.0234375
2 0.5140625 0.428125 0.028125 0.021875
2 0.51640625 0.39140625 0.021875 0.0296875
2 0.58515625 0.43203125 0.01875 0.0328125
2 0.58125 0.4609375 0.0203125 0.0203125
2 0.58046875 0.5015625 0.0140625 0.0265625
2 0.61640625 0.5078125 0.021875 0.0265625
2 0.60234375 0.56015625 0.0171875 0.021875
2 0.57421875 0.54140625 0.0203125 0.0265625
2 0.5578125 0.60234375 0.01875 0.0234375
2 0.54296875 0.571875 0.0234375 0.0234375
2 0.52734375 0.5390625 0.01875 0.0296875
2 0.5109375 0.55546875 0.01875 0.0265625
2 0.49609375 0.5703125 0.021875 0.0265625
2 0.4609375 0.5515625 0.021875 0.0296875
2 0.48046875 0.5125 0.0171875 0.025
2 0.49296875 0.4734375 0.01875 0.0203125
2 0.51953125 0.47890625 0.021875 0.028125
2 0.54296875 0.478125 0.025 0.0328125
2 0.4171875 0.45703125 0.0203125 0.028125
2 0.38046875 0.4734375 0.021875 0.028125
2 0.40703125 0.3625 0.021875 0.0296875
2 0.3703125 0.38671875 0.01875 0.0296875
2 0.33125 0.3703125 0.0265625 0.0265625
2 0.32734375 0.4359375 0.0296875 0.0421875
2 0.32421875 0.26953125 0.025 0.0265625
2 0.36484375 0.29453125 0.03125 0.0328125
2 0.39375 0.23515625 0.0203125 0.0265625
2 0.36171875 0.17265625 0.021875 0.0296875
2 0.32421875 0.16953125 0.021875 0.0296875
2 0.58203125 0.61640625 0.01875 0.0203125
2 0.5875 0.67421875 0.021875 0.0203125
2 0.590625 0.721875 0.015625 0.0203125
2 0.59296875 0.7453125 0.021875 0.0234375
2 0.6 0.79375 0.015625 0.0234375
2 0.5640625 0.746875 0.0203125 0.03125
2 0.5453125 0.75078125 0.015625 0.021875
2 0.52890625 0.7390625 0.0125 0.0234375
2 0.5578125 0.69921875 0.015625 0.0234375
2 0.553125 0.6734375 0.021875 0.0234375
2 0.54609375 0.65546875 0.015625 0.0296875
2 0.5375 0.6859375 0.01875 0.021875
2 0.5171875 0.67109375 0.0125 0.0234375
2 0.509375 0.69453125 0.01875 0.025
2 0.49609375 0.69375 0.0140625 0.025
2 0.5203125 0.7734375 0.021875 0.0296875
2 0.50546875 0.75859375 0.021875 0.0265625
2 0.528125 0.821875 0.0234375 0.0234375
2 0.49765625 0.63359375 0.01875 0.0203125
2 0.484375 0.64140625 0.01875 0.0203125
2 0.46484375 0.6296875 0.01875 0.0234375