2 0.5234375 0.05390625 0.0265625 0.0234375
2 0.4859375 0.05859375 0.025 0.025
2 0.503125 0.0390625 0.0203125 0.025
2 0.46015625 0.0671875 0.0375 0.0328125
2 0.46015625 0.10625 0.01875 0.028125
2 0.50859375 0.090625 0.0328125 0.028125
2 0.52734375 0.1640625 0.021875 0.0265625
2 0.52734375 0.19375 0.0234375 0.0265625
2 0.58203125 0.1921875 0.0296875 0.0234375
2 0.59296875 0.25234375 0.0265625 0.0265625
2 0.59921875 0.31640625 0.0171875 0.0125
2 0.6015625 0.35234375 0.0203125 0.021875
2 0.54453125 0.325 0.0265625 0.025
2 0.53671875 0.2578125 0.0203125 0.0203125
2 0.48125 0.2109375 0.0203125 0.0328125
2 0.45 0.22421875 0.0234375 0.0359375
2 0.4625 0.30859375 0.0234375 0.0265625
2 0.5 0.3203125 0.0203125 0.025
2 0.47265625 0.3828125 0.0234375 0.0265625
2 0.51328125 0.409375 0.0265625 0.0234375
2 0.5484375 0.41328125 0.0296875 0.021875
2 0.546875 0.37578125 0.0234375 0.0296875
2 0.61953125 0.41484375 0.021875 0.03125
2 0.61796875 0.44453125 0.021875 0.0203125
2 0.62109375 0.48515625 0.015625 0.025
2 0.65703125 0.4890625 0.0234375 0.0265625
2 0.64765625 0.54296875 0.01875 0.0203125
2 0.61796875 0.52421875 0.021875 0.0265625
2 0.60703125 0.5859375 0.0203125 0.021875
2 0.58984375 0.55625 0.025 0.0234375
2 0.57109375 0.5234375 0.0203125 0.028125
2 0.55625 0.540625 0.0203125 0.025
2 0.54296875 0.55546875 0.0234375 0.0265625
2 0.50625 0.5375 0.0234375 0.0296875
2 0.521875 0.4984375 0.01875 0.0234375
2 0.53203125 0.45859375 0.0203125 0.01875
2 0.55859375 0.46328125 0.0234375 0.028125
2 0.58203125 0.4625 0.028125 0.0328125
2 0.45390625 0.44453125 0.021875 0.028125
2 0.41953125 0.46171875 0.0234375 0.028125
2 0.4359375 0.35 0.0234375 0.0296875
2 0.4015625 0.3765625 0.0203125 0.028125
2 0.36171875 0.36015625 0.028125 0.0265625
2 0.36328125 0.42578125 0.0328125 0.0421875
2 0.34609375 0.26015625 0.0265625 0.0265625
2 0.38828125 0.28359375 0.034375 0.0328125
2 0.41171875 0.22421875 0.021875 0.0265625
2 0.37421875 0.16171875 0.0234375 0.0296875
2 0.33671875 0.16015625 0.0234375 0.0296875
2 0.6328125 0.59921875 0.0203125 0.01875
2 0.6421875 0.65703125 0.0234375 0.0203125
2 0.65 0.70390625 0.0171875 0.01875
2 0.65390625 0.72734375 0.0234375 0.0234375
2 0.665625 0.7765625 0.0171875 0.021875
2 0.6265625 0.73046875 0.021875 0.03125
2 0.6078125 0.734375 0.0171875 0.0203125
2 0.58984375 0.7234375 0.0140625 0.021875
2 0.615625 0.6828125 0.0171875 0.021875
2 0.60859375 0.65703125 0.0234375 0.0234375
2 0.6 0.6390625 0.0171875 0.028125
2 0.59453125 0.66953125 0.0203125 0.0203125
2 0.57265625 0.65546875 0.0140625 0.021875
2 0.5671875 0.6796875 0.0203125 0.0234375
2 0.55390625 0.67890625 0.015625 0.0234375
2 0.584375 0.75859375 0.0234375 0.0296875
2 0.56875 0.74375 0.0234375 0.0265625
2 0.596875 0.80625 0.025 0.0234375
2 0.55 0.61875 0.0203125 0.01875
2 0.5375 0.62734375 0.0203125 0.01875
2 0.5171875 0.61640625 0.0203125 0.021875