2 0.49609375 0.925 0.025 0.0234375
2 0.53359375 0.915625 0.0234375 0.025
2 0.515625 0.9375 0.01875 0.0265625
2 0.56015625 0.90390625 0.034375 0.034375
2 0.56171875 0.86484375 0.0171875 0.0296875
2 0.51328125 0.8859375 0.03125 0.0296875
2 0.4984375 0.81484375 0.0203125 0.0265625
2 0.5 0.78515625 0.021875 0.0265625
2 0.4453125 0.79375 0.028125 0.025
2 0.4375 0.73359375 0.025 0.0265625
2 0.43515625 0.6703125 0.015625 0.0140625
2 0.43515625 0.634375 0.01875 0.0234375
2 0.490625 0.65390625 0.025 0.025
2 0.49453125 0.72109375 0.01875 0.021875
2 0.54765625 0.7609375 0.0171875 0.034375
2 0.5796875 0.74453125 0.0203125 0.0359375
2 0.571875 0.66015625 0.021875 0.0265625
2 0.53515625 0.653125 0.01875 0.0265625
2 0.565625 0.58671875 0.021875 0.0265625
2 0.52734375 0.56484375 0.025 0.0234375
2 0.4921875 0.565625 0.028125 0.0234375
2 0.490625 0.603125 0.021875 0.0296875
2 0.42109375 0.5734375 0.01875 0.0328125
2 0.42421875 0.54375 0.0203125 0.0203125
2 0.4234375 0.503125 0.0140625 0.0265625
2 0.3875 0.503125 0.021875 0.0265625
2 0.4 0.44765625 0.0171875 0.021875
2 0.42890625 0.4625 0.0203125 0.0265625
2 0.44375 0.3984375 0.01875 0.0234375
2 0.45859375 0.42734375 0.0234375 0.0234375
2 0.47578125 0.4578125 0.01875 0.0296875
2 0.49140625 0.43828125 0.01875 0.0265625
2 0.50546875 0.42109375 0.021875 0.0265625
2 0.54140625 0.434375 0.021875 0.0296875
2 0.5234375 0.47578125 0.0171875 0.025
2 0.51171875 0.51796875 0.01875 0.0203125
2 0.484375 0.51640625 0.021875 0.028125
2 0.46171875 0.5203125 0.025 0.0328125
2 0.58828125 0.521875 0.0203125 0.028125
2 0.6234375 0.5 0.021875 0.028125
2 0.60078125 0.61484375 0.021875 0.0296875
2 0.63671875 0.584375 0.01875 0.0296875
2 0.6765625 0.5953125 0.0265625 0.0265625
2 0.678125 0.52890625 0.0296875 0.04375
2 0.6859375 0.69453125 0.025 0.0265625
2 0.64453125 0.67578125 0.03125 0.034375
2 0.61796875 0.7390625 0.0203125 0.0265625
2 0.6515625 0.79765625 0.021875 0.0296875
2 0.6890625 0.79375 0.021875 0.0296875
2 0.41796875 0.3890625 0.01875 0.0203125
2 0.41171875 0.33203125 0.021875 0.0203125
2 0.40703125 0.28515625 0.015625 0.0203125
2 0.4046875 0.26171875 0.021875 0.0234375
2 0.39609375 0.2140625 0.015625 0.0234375
2 0.4328125 0.25546875 0.0203125 0.03125
2 0.45078125 0.24921875 0.015625 0.021875
2 0.46875 0.2578125 0.0125 0.0234375
2 0.440625 0.30234375 0.015625 0.0234375
2 0.44609375 0.32734375 0.021875 0.0234375
2 0.45390625 0.34453125 0.015625 0.0296875
2 0.4609375 0.3125 0.01875 0.021875
2 0.48203125 0.32421875 0.0125 0.0234375
2 0.4890625 0.29921875 0.01875 0.025
2 0.50234375 0.29765625 0.0140625 0.025
2 0.47578125 0.221875 0.021875 0.0296875
2 0.490625 0.23515625 0.021875 0.0265625
2 0.46640625 0.175 0.0234375 0.0234375
2 0.50234375 0.35859375 0.01875 0.0203125
2 0.515625 0.3484375 0.01875 0.0203125
2 0.53515625 0.35703125 0.01875 0.0234375