2 0.48359375 0.9984375 0.025 0.003125
2 0.51015625 0.9921875 0.0359375 0.015625
2 0.5140625 0.96328125 0.01875 0.0296875
2 0.4640625 0.97578125 0.0328125 0.0296875
2 0.45390625 0.90234375 0.021875 0.0265625
2 0.45703125 0.87265625 0.0234375 0.0265625
2 0.4015625 0.87109375 0.028125 0.025
2 0.39765625 0.8109375 0.0265625 0.0265625
2 0.39765625 0.746875 0.015625 0.0140625
2 0.4 0.7109375 0.01875 0.0234375
2 0.45390625 0.740625 0.0265625 0.025
2 0.4546875 0.80859375 0.01875 0.021875
2 0.50546875 0.8578125 0.01875 0.034375
2 0.53828125 0.846875 0.021875 0.0359375
2 0.534375 0.76171875 0.0234375 0.0265625
2 0.4984375 0.74765625 0.0203125 0.0265625
2 0.5328125 0.68671875 0.0234375 0.0265625
2 0.4953125 0.65859375 0.025 0.0234375
2 0.46015625 0.653125 0.028125 0.0234375
2 0.45703125 0.68984375 0.0234375 0.0296875
2 0.3890625 0.64765625 0.0203125 0.0328125
2 0.39375 0.61796875 0.0203125 0.0203125
2 0.3953125 0.57734375 0.015625 0.0265625
2 0.359375 0.57109375 0.0234375 0.0265625
2 0.37421875 0.51875 0.0171875 0.021875
2 0.403125 0.53828125 0.021875 0.0265625
2 0.4203125 0.47734375 0.01875 0.0234375
2 0.434375 0.50859375 0.0234375 0.0234375
2 0.45 0.5421875 0.0203125 0.0296875
2 0.46640625 0.52578125 0.0203125 0.0265625
2 0.48125 0.5109375 0.0234375 0.0265625
2 0.515625 0.53125 0.0234375 0.0296875
2 0.49609375 0.56875 0.01875 0.025
2 0.48203125 0.60859375 0.01875 0.0203125
2 0.45546875 0.60234375 0.0234375 0.028125
2 0.43203125 0.60234375 0.0265625 0.0328125
2 0.5578125 0.6265625 0.021875 0.028125
2 0.59453125 0.6109375 0.0234375 0.028125
2 0.565625 0.72109375 0.0234375 0.0296875
2 0.603125 0.69765625 0.0203125 0.0296875
2 0.6421875 0.71484375 0.028125 0.028125
2 0.64765625 0.65 0.03125 0.04375
2 0.64609375 0.815625 0.0265625 0.0265625
2 0.60625 0.790625 0.0328125 0.034375
2 0.5765625 0.8484375 0.021875 0.0265625
2 0.60703125 0.9125 0.0234375 0.0296875
2 0.64453125 0.91640625 0.0234375 0.0296875
2 0.39609375 0.46328125 0.01875 0.0203125
2 0.39296875 0.4046875 0.021875 0.0203125
2 0.390625 0.3578125 0.015625 0.0203125
2 0.3890625 0.334375 0.021875 0.0234375
2 0.3828125 0.28515625 0.015625 0.0234375
2 0.4171875 0.3328125 0.021875 0.03125
2 0.4359375 0.3296875 0.015625 0.021875
2 0.453125 0.34140625 0.0125 0.0234375
2 0.42265625 0.38125 0.015625 0.0234375
2 0.42734375 0.40703125 0.021875 0.0234375
2 0.43359375 0.425 0.0171875 0.0296875
2 0.4421875 0.39453125 0.01875 0.021875
2 0.46328125 0.41015625 0.0125 0.0234375
2 0.47109375 0.38671875 0.0203125 0.025
2 0.484375 0.3875 0.015625 0.025
2 0.46171875 0.30703125 0.0234375 0.0296875
2 0.4765625 0.32265625 0.0234375 0.0265625
2 0.4546875 0.25859375 0.0234375 0.0234375
2 0.48125 0.44765625 0.01875 0.0203125
2 0.49453125 0.440625 0.01875 0.0203125
2 0.5140625 0.45234375 0.01875 0.0234375