2 0.03828125 0.4828125 0.021875 0.028125
2 0.0453125 0.521875 0.0234375 0.0265625
2 0.02421875 0.50078125 0.025 0.021875
2 0.0546875 0.54921875 0.03125 0.0375
2 0.09375 0.55546875 0.028125 0.0203125
2 0.07578125 0.5046875 0.0265625 0.034375
2 0.1484375 0.49921875 0.025 0.0234375
2 0.178125 0.50546875 0.025 0.025
2 0.1734375 0.44921875 0.021875 0.03125
2 0.23359375 0.45 0.025 0.028125
2 0.29765625 0.45546875 0.0125 0.0171875
2 0.33359375 0.46015625 0.021875 0.021875
2 0.309375 0.51171875 0.0234375 0.028125
2 0.2421875 0.5078125 0.0203125 0.0203125
2 0.1984375 0.5546875 0.0328125 0.0203125
2 0.2125 0.58828125 0.034375 0.0234375
2 0.296875 0.59140625 0.025 0.025
2 0.30703125 0.55625 0.025 0.021875
2 0.37109375 0.5953125 0.025 0.025
2 0.39609375 0.559375 0.021875 0.028125
2 0.39765625 0.525 0.0203125 0.0296875
2 0.36015625 0.51875 0.028125 0.025
2 0.3953125 0.453125 0.03125 0.021875
2 0.425 0.4609375 0.01875 0.021875
2 0.465625 0.46484375 0.025 0.0171875
2 0.46875 0.4296875 0.025 0.025
2 0.52265625 0.44921875 0.0203125 0.01875
2 0.50546875 0.47578125 0.025 0.0234375
2 0.56796875 0.4984375 0.021875 0.021875
2 0.5390625 0.51015625 0.021875 0.0265625
2 0.50703125 0.52265625 0.028125 0.021875
2 0.525 0.540625 0.025 0.021875
2 0.540625 0.55703125 0.025 0.025
2 0.525 0.590625 0.028125 0.025
2 0.48515625 0.5671875 0.0234375 0.0203125
2 0.44375 0.55 0.01875 0.0203125
2 0.44765625 0.52421875 0.0265625 0.025
2 0.4453125 0.5 0.03125 0.028125
2 0.434375 0.62578125 0.0265625 0.0234375
2 0.453125 0.66328125 0.0265625 0.025
2 0.340625 0.62578125 0.028125 0.025
2 0.36796875 0.665625 0.028125 0.021875
2 0.3546875 0.703125 0.025 0.0296875
2 0.4203125 0.7140625 0.040625 0.034375
2 0.2546875 0.7 0.025 0.028125
2 0.27578125 0.66171875 0.03125 0.034375
2 0.21484375 0.62734375 0.025 0.0234375
2 0.15390625 0.653125 0.028125 0.025
2 0.1546875 0.690625 0.028125 0.025
2 0.5796875 0.475 0.01875 0.0203125
2 0.6375 0.47578125 0.01875 0.0234375
2 0.684375 0.47734375 0.01875 0.0171875
2 0.7078125 0.47734375 0.021875 0.025
2 0.75625 0.475 0.021875 0.01875
2 0.71171875 0.50546875 0.0296875 0.0234375
2 0.7171875 0.525 0.0203125 0.0171875
2 0.70703125 0.54140625 0.021875 0.015625
2 0.6640625 0.5078125 0.021875 0.01875
2 0.63984375 0.51015625 0.021875 0.025
2 0.621875 0.515625 0.028125 0.01875
2 0.653125 0.5265625 0.0203125 0.0203125
2 0.63984375 0.54609375 0.021875 0.015625
2 0.6640625 0.55625 0.0234375 0.021875
2 0.6640625 0.56953125 0.0234375 0.0171875
2 0.7421875 0.553125 0.028125 0.025
2 0.728125 0.56640625 0.025 0.025
2 0.78984375 0.54921875 0.021875 0.0265625
2 0.60390625 0.56171875 0.01875 0.0203125
2 0.61328125 0.57578125 0.01875 0.0203125
2 0.603125 0.59453125 0.021875 0.021875