2 0.52109375 0.078125 0.025 0.0234375
2 0.48359375 0.08125 0.0234375 0.025
2 0.5015625 0.0625 0.01875 0.0265625
2 0.45703125 0.08828125 0.034375 0.034375
2 0.4546875 0.12734375 0.0171875 0.0296875
2 0.50390625 0.1140625 0.03125 0.0296875
2 0.51796875 0.18828125 0.0203125 0.0265625
2 0.51640625 0.21796875 0.021875 0.0265625
2 0.571875 0.21875 0.028125 0.025
2 0.578125 0.27890625 0.025 0.0265625
2 0.58046875 0.34375 0.015625 0.0140625
2 0.58046875 0.3796875 0.01875 0.0234375
2 0.52578125 0.34921875 0.025 0.025
2 0.521875 0.28203125 0.01875 0.021875
2 0.46875 0.2328125 0.0171875 0.034375
2 0.43671875 0.24453125 0.0203125 0.0359375
2 0.44375 0.32890625 0.021875 0.0265625
2 0.48046875 0.3421875 0.01875 0.0265625
2 0.44921875 0.40390625 0.021875 0.0265625
2 0.48828125 0.43203125 0.025 0.0234375
2 0.5234375 0.4375 0.028125 0.0234375
2 0.52421875 0.4 0.021875 0.0296875
2 0.59453125 0.4421875 0.01875 0.0328125
2 0.590625 0.471875 0.0203125 0.0203125
2 0.59140625 0.5125 0.0140625 0.0265625
2 0.62734375 0.51875 0.021875 0.0265625
2 0.61484375 0.57109375 0.0171875 0.021875
2 0.58515625 0.5515625 0.0203125 0.0265625
2 0.5703125 0.6125 0.01875 0.0234375
2 0.55546875 0.58203125 0.0234375 0.0234375
2 0.53828125 0.5484375 0.01875 0.0296875
2 0.5234375 0.56484375 0.01875 0.0265625
2 0.50859375 0.57890625 0.021875 0.0265625
2 0.4734375 0.559375 0.021875 0.0296875
2 0.49140625 0.52109375 0.0171875 0.025
2 0.50390625 0.48203125 0.01875 0.0203125
2 0.53046875 0.48828125 0.021875 0.028125
2 0.55390625 0.4875 0.025 0.0328125
2 0.4265625 0.4640625 0.0203125 0.028125
2 0.39140625 0.4796875 0.021875 0.028125
2 0.41484375 0.36953125 0.021875 0.0296875
2 0.378125 0.39375 0.01875 0.0296875
2 0.3390625 0.3765625 0.0265625 0.0265625
2 0.33671875 0.44140625 0.0296875 0.04375
2 0.33046875 0.27578125 0.025 0.0265625
2 0.37109375 0.30078125 0.03125 0.034375
2 0.3984375 0.2421875 0.0203125 0.0265625
2 0.36484375 0.17890625 0.021875 0.0296875
2 0.32734375 0.175 0.021875 0.0296875
2 0.59609375 0.6265625 0.01875 0.0203125
2 0.6015625 0.68515625 0.021875 0.0203125
2 0.60625 0.73203125 0.015625 0.0203125
2 0.60859375 0.75546875 0.021875 0.0234375
2 0.6171875 0.8046875 0.015625 0.0234375
2 0.58125 0.75703125 0.0203125 0.03125
2 0.5625 0.76015625 0.015625 0.021875
2 0.54453125 0.7484375 0.0125 0.0234375
2 0.5734375 0.70859375 0.015625 0.0234375
2 0.5671875 0.68359375 0.021875 0.0234375
2 0.56015625 0.66484375 0.015625 0.0296875
2 0.553125 0.6953125 0.01875 0.021875
2 0.53125 0.68046875 0.0125 0.0234375
2 0.525 0.70390625 0.01875 0.025
2 0.51171875 0.70234375 0.0140625 0.025
2 0.5375 0.7828125 0.021875 0.0296875
2 0.52265625 0.76796875 0.021875 0.0265625
2 0.546875 0.83125 0.0234375 0.0234375
2 0.51171875 0.64296875 0.01875 0.0203125
2 0.4984375 0.65 0.01875 0.0203125
2 0.47890625 0.63828125 0.01875 0.0234375