2 0.2828125 0.1125 0.034375 0.03125
2 0.44140625 0.109375 0.0484375 0.03125
2 0.6765625 0.20234375 0.046875 0.040625
2 0.55 0.23203125 0.0625 0.04375
2 0.38359375 0.1984375 0.05625 0.0359375
2 0.23125 0.19375 0.05625 0.0359375
2 0.271875 0.284375 0.053125 0.0390625
2 0.18125 0.2890625 0.05625 0.0421875
2 0.1953125 0.371875 0.053125 0.0328125
2 0.2078125 0.4 0.0375 0.028125
2 0.15390625 0.3859375 0.046875 0.0390625
2 0.2421875 0.4828125 0.0453125 0.0375
2 0.38359375 0.41796875 0.0734375 0.0390625
2 0.3703125 0.29921875 0.0484375 0.0421875
2 0.47734375 0.34375 0.06875 0.059375
2 0.53984375 0.36796875 0.0609375 0.0546875
2 0.73046875 0.3453125 0.05 0.0421875
2 0.82109375 0.3203125 0.053125 0.0453125
2 0.81015625 0.3984375 0.05625 0.0484375
2 0.80390625 0.5375 0.065625 0.0359375
2 0.70234375 0.5828125 0.053125 0.0515625
2 0.66875 0.4453125 0.053125 0.0359375
2 0.5578125 0.5015625 0.0546875 0.0421875
2 0.58671875 0.61875 0.05 0.0453125
2 0.4640625 0.56015625 0.06875 0.040625
2 0.28515625 0.625 0.0625 0.0421875
2 0.22421875 0.603125 0.046875 0.03125
2 0.11953125 0.57578125 0.0734375 0.034375
2 0.06484375 0.59375 0.05625 0.0390625
2 0.16171875 0.7015625 0.0390625 0.0375
2 0.23515625 0.73671875 0.04375 0.04375
2 0.45859375 0.7859375 0.0625 0.0390625
2 0.7640625 0.759375 0.0625 0.0359375
2 0.825 0.69765625 0.0375 0.034375
2 0.84765625 0.7359375 0.040625 0.0375
2 0.8875 0.678125 0.0375 0.0375
2 0.91953125 0.56015625 0.0375 0.0390625
2 0.93046875 0.4234375 0.034375 0.0390625
2 0.8296875 0.45078125 0.0375 0.0421875
2 0.81484375 0.21953125 0.05625 0.0453125
2 0.4640625 0.87265625 0.046875 0.0515625
2 0.590625 0.88671875 0.0421875 0.0359375
2 0.625 0.80390625 0.0515625 0.04375
2 0.70078125 0.87265625 0.05625 0.0296875
2 0.83046875 0.88203125 0.034375 0.0375
2 0.7796875 0.81015625 0.040625 0.0375
2 0.3703125 0.97421875 0.0609375 0.04375
2 0.33046875 0.86171875 0.05 0.0390625
2 0.271875 0.853125 0.059375 0.05
2 0.18828125 0.9203125 0.059375 0.0421875
2 0.6 0.971875 0.05 0.03125
2 0.6859375 0.95625 0.040625 0.040625
2 0.57265625 0.9921875 0.0515625 0.015625
2 0.1734375 0.83984375 0.0375 0.0359375