2 0.696875 0.9015625 0.034375 0.028125
2 0.5375 0.9203125 0.0484375 0.0265625
2 0.3046875 0.84921875 0.0484375 0.0375
2 0.43203125 0.80703125 0.0640625 0.0390625
2 0.59765625 0.82578125 0.05625 0.03125
2 0.75 0.81640625 0.05625 0.03125
2 0.7125 0.72890625 0.0546875 0.034375
2 0.803125 0.71640625 0.0578125 0.0375
2 0.7921875 0.634375 0.053125 0.028125
2 0.78046875 0.60703125 0.0375 0.025
2 0.83359375 0.61640625 0.0484375 0.0359375
2 0.74765625 0.528125 0.046875 0.034375
2 0.6046875 0.60625 0.0734375 0.034375
2 0.6140625 0.72421875 0.05 0.0375
2 0.5078125 0.6890625 0.0703125 0.0546875
2 0.44609375 0.6703125 0.0625 0.05
2 0.2546875 0.7109375 0.0515625 0.0375
2 0.16328125 0.74453125 0.0546875 0.040625
2 0.17578125 0.66484375 0.0578125 0.04375
2 0.18671875 0.52578125 0.065625 0.03125
2 0.28984375 0.47109375 0.0546875 0.046875
2 0.31953125 0.60546875 0.053125 0.03125
2 0.43203125 0.53828125 0.05625 0.0375
2 0.40625 0.42421875 0.0515625 0.040625
2 0.528125 0.47109375 0.0703125 0.0359375
2 0.70859375 0.3890625 0.0640625 0.0375
2 0.76953125 0.40546875 0.046875 0.028125
2 0.8734375 0.4234375 0.0734375 0.0296875
2 0.92890625 0.4 0.0578125 0.034375
2 0.83515625 0.30078125 0.040625 0.034375
2 0.7625 0.2734375 0.0453125 0.040625
2 0.540625 0.24453125 0.0640625 0.034375
2 0.2328125 0.29921875 0.0625 0.03125
2 0.1703125 0.3671875 0.0375 0.03125
2 0.1484375 0.33125 0.0421875 0.034375
2 0.10703125 0.3921875 0.0390625 0.034375
2 0.071875 0.5140625 0.0390625 0.0359375
2 0.05703125 0.6515625 0.0359375 0.0359375
2 0.15859375 0.6140625 0.0390625 0.0390625
2 0.16640625 0.84453125 0.0578125 0.040625
2 0.53671875 0.15859375 0.0484375 0.0484375
2 0.41015625 0.15625 0.0421875 0.0328125
2 0.37421875 0.2421875 0.053125 0.0390625
2 0.3 0.18046875 0.05625 0.025
2 0.16953125 0.1828125 0.0359375 0.034375
2 0.21875 0.25078125 0.0421875 0.034375
2 0.63359375 0.0484375 0.0625 0.0390625
2 0.6703125 0.15703125 0.0515625 0.034375
2 0.72890625 0.16015625 0.0609375 0.0453125
2 0.81484375 0.08515625 0.0609375 0.0375
2 0.40390625 0.071875 0.05 0.0265625
2 0.3171875 0.0953125 0.0421875 0.0375
2 0.43203125 0.03984375 0.0515625 0.03125
2 0.82734375 0.16484375 0.0375 0.0328125