2 0.659375 0.8765625 0.0359375 0.0296875
2 0.5 0.90078125 0.05 0.028125
2 0.26953125 0.83828125 0.05 0.0390625
2 0.3984375 0.79140625 0.065625 0.0421875
2 0.5640625 0.80390625 0.0578125 0.034375
2 0.71640625 0.7890625 0.0578125 0.034375
2 0.6828125 0.703125 0.0546875 0.0375
2 0.7734375 0.6875 0.059375 0.040625
2 0.765625 0.60625 0.0546875 0.03125
2 0.7546875 0.5796875 0.0390625 0.0265625
2 0.80859375 0.58671875 0.0484375 0.0375
2 0.72578125 0.5015625 0.046875 0.0359375
2 0.5796875 0.584375 0.075 0.0359375
2 0.584375 0.7015625 0.0515625 0.0390625
2 0.4796875 0.67109375 0.071875 0.05625
2 0.41875 0.65390625 0.0640625 0.053125
2 0.225 0.7015625 0.053125 0.0390625
2 0.1328125 0.73828125 0.05625 0.04375
2 0.1484375 0.65859375 0.059375 0.046875
2 0.165625 0.51875 0.0671875 0.034375
2 0.2703125 0.46015625 0.05625 0.05
2 0.29453125 0.59375 0.0546875 0.034375
2 0.409375 0.52265625 0.0578125 0.040625
2 0.3890625 0.409375 0.053125 0.0421875
2 0.50859375 0.45234375 0.0703125 0.0375
2 0.6921875 0.3640625 0.065625 0.040625
2 0.75234375 0.37890625 0.0484375 0.0296875
2 0.85546875 0.3921875 0.075 0.03125
2 0.91171875 0.3671875 0.0578125 0.0375
2 0.821875 0.271875 0.040625 0.0359375
2 0.75078125 0.24609375 0.046875 0.0421875
2 0.5296875 0.225 0.0640625 0.0375
2 0.2203125 0.29140625 0.0640625 0.034375
2 0.15546875 0.3609375 0.0390625 0.0328125
2 0.13515625 0.32578125 0.0421875 0.0359375
2 0.09140625 0.38828125 0.0390625 0.0359375
2 0.05078125 0.5109375 0.0390625 0.0375
2 0.0296875 0.64921875 0.0359375 0.0375
2 0.1328125 0.60859375 0.040625 0.040625
2 0.13203125 0.83828125 0.059375 0.04375
2 0.5296875 0.13984375 0.05 0.05
2 0.40390625 0.14140625 0.04375 0.034375
2 0.3640625 0.22890625 0.0546875 0.0421875
2 0.2921875 0.1703125 0.0578125 0.028125
2 0.1625 0.17734375 0.0359375 0.0359375
2 0.20859375 0.24296875 0.0421875 0.0359375
2 0.63125 0.02578125 0.0640625 0.0421875
2 0.66328125 0.13359375 0.0515625 0.0359375
2 0.721875 0.134375 0.0625 0.0484375
2 0.8109375 0.05625 0.0625 0.040625
2 0.40078125 0.0578125 0.0515625 0.028125
2 0.31328125 0.084375 0.04375 0.0390625
2 0.4296875 0.02421875 0.053125 0.034375
2 0.8203125 0.13515625 0.0390625 0.034375