2 0.7203125 0.01875 0.034375 0.03125
2 0.5609375 0.01796875 0.0484375 0.03125
2 0.32734375 0.11484375 0.0484375 0.0421875
2 0.45546875 0.14296875 0.0640625 0.0453125
2 0.62109375 0.10625 0.05625 0.0375
2 0.7734375 0.0984375 0.05625 0.0375
2 0.7359375 0.18984375 0.0546875 0.0390625
2 0.8265625 0.19296875 0.0578125 0.04375
2 0.815625 0.27578125 0.053125 0.0328125
2 0.803125 0.3046875 0.0375 0.028125
2 0.85703125 0.2890625 0.0484375 0.040625
2 0.77109375 0.3875 0.046875 0.0390625
2 0.628125 0.325 0.0734375 0.040625
2 0.6375 0.20625 0.05 0.0421875
2 0.53125 0.25234375 0.0703125 0.059375
2 0.46953125 0.278125 0.0625 0.05625
2 0.278125 0.259375 0.0515625 0.0421875
2 0.18671875 0.23515625 0.0546875 0.0453125
2 0.19921875 0.3140625 0.0578125 0.05
2 0.21015625 0.45234375 0.065625 0.0375
2 0.31328125 0.49609375 0.0546875 0.0515625
2 0.34296875 0.3578125 0.053125 0.0359375
2 0.45546875 0.4125 0.05625 0.0421875
2 0.4296875 0.5296875 0.0515625 0.0453125
2 0.5515625 0.46953125 0.0703125 0.040625
2 0.73203125 0.53125 0.0640625 0.04375
2 0.7921875 0.5078125 0.046875 0.0328125
2 0.896875 0.47890625 0.0734375 0.0359375
2 0.95234375 0.49609375 0.0578125 0.040625
2 0.85859375 0.60546875 0.040625 0.0375
2 0.78515625 0.64140625 0.0453125 0.0453125
2 0.56328125 0.6953125 0.0640625 0.040625
2 0.25625 0.67421875 0.0625 0.0375
2 0.19375 0.6125 0.0375 0.034375
2 0.171875 0.6515625 0.0421875 0.0390625
2 0.13046875 0.59453125 0.0390625 0.0375
2 0.09453125 0.4765625 0.0390625 0.0390625
2 0.0796875 0.340625 0.0359375 0.0390625
2 0.18125 0.36640625 0.0390625 0.0421875
2 0.18984375 0.134375 0.0578125 0.046875
2 0.56015625 0.78125 0.0484375 0.053125
2 0.43359375 0.79765625 0.0421875 0.0375
2 0.396875 0.715625 0.053125 0.04375
2 0.32265625 0.78515625 0.05625 0.03125
2 0.19296875 0.79765625 0.0359375 0.0375
2 0.2421875 0.72421875 0.0421875 0.0390625
2 0.65703125 0.88125 0.0625 0.0453125
2 0.69375 0.76796875 0.0515625 0.0390625
2 0.75234375 0.75859375 0.0609375 0.0515625
2 0.83828125 0.82421875 0.0609375 0.04375
2 0.42734375 0.88359375 0.05 0.03125
2 0.340625 0.86875 0.0421875 0.0421875
2 0.4546875 0.9125 0.0515625 0.0359375
2 0.85078125 0.74296875 0.0375 0.0359375