2 0.7234375 0.1109375 0.0359375 0.0296875
2 0.56328125 0.08984375 0.05 0.028125
2 0.3328125 0.15625 0.0484375 0.0390625
2 0.46171875 0.20078125 0.0640625 0.040625
2 0.6265625 0.18515625 0.0578125 0.0328125
2 0.7796875 0.19765625 0.0578125 0.0328125
2 0.7453125 0.28359375 0.0546875 0.0359375
2 0.8359375 0.2984375 0.0578125 0.0390625
2 0.828125 0.3796875 0.0546875 0.0296875
2 0.8171875 0.40703125 0.0390625 0.0265625
2 0.8703125 0.3984375 0.0484375 0.0375
2 0.7875 0.48515625 0.046875 0.0359375
2 0.64140625 0.4046875 0.075 0.034375
2 0.646875 0.2875 0.05 0.0390625
2 0.5421875 0.3203125 0.071875 0.0546875
2 0.48046875 0.3375 0.0640625 0.0515625
2 0.2875 0.29375 0.0515625 0.0390625
2 0.1953125 0.25859375 0.05625 0.0421875
2 0.2109375 0.33828125 0.059375 0.0453125
2 0.2265625 0.47734375 0.0671875 0.0328125
2 0.33125 0.534375 0.05625 0.0484375
2 0.35625 0.4 0.0546875 0.0328125
2 0.47109375 0.46953125 0.05625 0.0390625
2 0.45 0.58359375 0.053125 0.0421875
2 0.56953125 0.53828125 0.0703125 0.0359375
2 0.753125 0.6234375 0.0640625 0.0390625
2 0.81328125 0.6078125 0.0484375 0.0296875
2 0.91640625 0.5921875 0.075 0.0296875
2 0.971875 0.61640625 0.05625 0.0359375
2 0.88203125 0.71328125 0.040625 0.0359375
2 0.8109375 0.740625 0.046875 0.0421875
2 0.58984375 0.76484375 0.0640625 0.0359375
2 0.28046875 0.7046875 0.0640625 0.0328125
2 0.215625 0.6359375 0.0390625 0.0328125
2 0.1953125 0.671875 0.0421875 0.0359375
2 0.1515625 0.609375 0.0390625 0.0359375
2 0.11171875 0.4875 0.0390625 0.0375
2 0.0921875 0.35 0.0359375 0.0375
2 0.1953125 0.38828125 0.0390625 0.040625
2 0.19453125 0.15859375 0.059375 0.0421875
2 0.5890625 0.85078125 0.05 0.05
2 0.46328125 0.85078125 0.04375 0.034375
2 0.4234375 0.7640625 0.053125 0.040625
2 0.3515625 0.82421875 0.0578125 0.0265625
2 0.221875 0.81953125 0.0359375 0.0359375
2 0.26875 0.753125 0.0421875 0.0359375
2 0.68984375 0.96328125 0.0625 0.040625
2 0.72265625 0.8546875 0.0515625 0.0359375
2 0.78125 0.85234375 0.0625 0.046875
2 0.8703125 0.92890625 0.0609375 0.0390625
2 0.459375 0.93515625 0.0515625 0.028125
2 0.371875 0.91015625 0.0421875 0.0390625
2 0.48828125 0.96796875 0.053125 0.0328125
2 0.8796875 0.85 0.0390625 0.034375