2 0.2796875 0.05703125 0.0359375 0.0328125
2 0.43828125 0.021875 0.0484375 0.0328125
2 0.671875 0.06796875 0.0484375 0.04375
2 0.54375 0.1234375 0.0640625 0.046875
2 0.378125 0.12265625 0.0578125 0.0375
2 0.225 0.1484375 0.0578125 0.0375
2 0.2625 0.23125 0.0546875 0.040625
2 0.171875 0.253125 0.0578125 0.04375
2 0.1828125 0.33359375 0.0546875 0.034375
2 0.19453125 0.359375 0.0375 0.0296875
2 0.140625 0.35546875 0.0484375 0.0421875
2 0.2265625 0.43515625 0.046875 0.0390625
2 0.3703125 0.3421875 0.075 0.040625
2 0.3609375 0.22578125 0.05 0.04375
2 0.4671875 0.24921875 0.0703125 0.0609375
2 0.52890625 0.2609375 0.0625 0.0578125
2 0.7203125 0.20078125 0.0515625 0.04375
2 0.8125 0.15703125 0.0546875 0.046875
2 0.79921875 0.23828125 0.0578125 0.05
2 0.78671875 0.378125 0.0671875 0.0390625
2 0.68359375 0.44375 0.0546875 0.053125
2 0.6546875 0.3125 0.0546875 0.0375
2 0.5421875 0.39140625 0.05625 0.04375
2 0.5671875 0.503125 0.0515625 0.046875
2 0.44609375 0.46875 0.0703125 0.0421875
2 0.26484375 0.56953125 0.0640625 0.0453125
2 0.20390625 0.559375 0.0484375 0.034375
2 0.1 0.553125 0.075 0.0359375
2 0.04453125 0.58203125 0.0578125 0.040625
2 0.1375 0.6703125 0.040625 0.0390625
2 0.21015625 0.690625 0.0453125 0.0453125
2 0.43203125 0.69609375 0.0640625 0.0421875
2 0.73984375 0.60859375 0.0640625 0.0390625
2 0.803125 0.534375 0.0390625 0.0359375
2 0.82421875 0.56875 0.0421875 0.0390625
2 0.865625 0.503125 0.0390625 0.0390625
2 0.90234375 0.378125 0.0390625 0.040625
2 0.91796875 0.2390625 0.0359375 0.040625
2 0.81640625 0.28671875 0.0390625 0.04375
2 0.809375 0.0578125 0.0578125 0.046875
2 0.43515625 0.78125 0.0484375 0.0546875
2 0.56171875 0.7703125 0.04375 0.0375
2 0.5984375 0.68046875 0.053125 0.0453125
2 0.67265625 0.734375 0.05625 0.03125
2 0.80234375 0.71796875 0.0359375 0.0390625
2 0.753125 0.65625 0.0421875 0.0390625
2 0.3375 0.9015625 0.0625 0.046875
2 0.3015625 0.796875 0.0515625 0.040625
2 0.24296875 0.8 0.0609375 0.0515625
2 0.15625 0.884375 0.0609375 0.04375
2 0.56796875 0.85390625 0.05 0.0328125
2 0.65390625 0.82109375 0.0421875 0.0421875
2 0.5390625 0.8890625 0.053125 0.0375
2 0.14453125 0.80625 0.0390625 0.0375