2 0.7234375 0.90625 0.034375 0.028125
2 0.56484375 0.9234375 0.0484375 0.0265625
2 0.32890625 0.8515625 0.046875 0.0375
2 0.45546875 0.81015625 0.0625 0.0390625
2 0.621875 0.82890625 0.05625 0.03125
2 0.77421875 0.8203125 0.05625 0.03125
2 0.73359375 0.73359375 0.053125 0.034375
2 0.82421875 0.72109375 0.05625 0.0375
2 0.8109375 0.6390625 0.053125 0.028125
2 0.7984375 0.61171875 0.0375 0.025
2 0.85234375 0.621875 0.046875 0.0359375
2 0.76328125 0.53203125 0.0453125 0.034375
2 0.62265625 0.609375 0.0734375 0.0328125
2 0.63515625 0.72734375 0.0484375 0.0375
2 0.528125 0.6921875 0.06875 0.053125
2 0.465625 0.6734375 0.0609375 0.05
2 0.275 0.7125 0.05 0.0375
2 0.18515625 0.74609375 0.053125 0.040625
2 0.1953125 0.66640625 0.05625 0.04375
2 0.20234375 0.52734375 0.065625 0.03125
2 0.30390625 0.47265625 0.053125 0.046875
2 0.3375 0.6078125 0.053125 0.03125
2 0.44765625 0.54140625 0.0546875 0.0375
2 0.41875 0.4265625 0.05 0.040625
2 0.5421875 0.47421875 0.06875 0.034375
2 0.7203125 0.39375 0.0625 0.0375
2 0.78125 0.41015625 0.046875 0.028125
2 0.8859375 0.428125 0.0734375 0.028125
2 0.940625 0.40546875 0.05625 0.034375
2 0.84375 0.30625 0.0390625 0.034375
2 0.7703125 0.27734375 0.04375 0.040625
2 0.54765625 0.24765625 0.0625 0.034375
2 0.24140625 0.30078125 0.0625 0.03125
2 0.18125 0.36875 0.0375 0.03125
2 0.1578125 0.33203125 0.040625 0.034375
2 0.11875 0.39296875 0.0375 0.034375
2 0.08671875 0.5140625 0.0375 0.0359375
2 0.07578125 0.6515625 0.034375 0.0359375
2 0.1765625 0.615625 0.0375 0.0390625
2 0.190625 0.84609375 0.05625 0.040625
2 0.54140625 0.16171875 0.046875 0.0484375
2 0.41484375 0.15859375 0.0421875 0.0328125
2 0.38125 0.24453125 0.0515625 0.0390625
2 0.3046875 0.1828125 0.05625 0.025
2 0.175 0.184375 0.034375 0.034375
2 0.2265625 0.2515625 0.040625 0.034375
2 0.63515625 0.0515625 0.0609375 0.0390625
2 0.675 0.1609375 0.05 0.034375
2 0.73359375 0.16484375 0.059375 0.0453125
2 0.81796875 0.08984375 0.059375 0.0375
2 0.40625 0.07421875 0.05 0.0265625
2 0.3203125 0.09765625 0.040625 0.0375
2 0.4328125 0.0421875 0.0515625 0.03125
2 0.83203125 0.16953125 0.0375 0.0328125