2 0.71953125 0.0109375 0.034375 0.021875
2 0.5609375 0.01171875 0.0484375 0.0234375
2 0.3265625 0.10859375 0.046875 0.04375
2 0.45390625 0.13515625 0.0625 0.046875
2 0.6203125 0.0953125 0.05625 0.0375
2 0.77265625 0.08515625 0.05625 0.0375
2 0.734375 0.17734375 0.053125 0.040625
2 0.825 0.178125 0.05625 0.04375
2 0.81328125 0.26171875 0.053125 0.034375
2 0.8015625 0.290625 0.0375 0.0296875
2 0.8546875 0.27421875 0.046875 0.0421875
2 0.76796875 0.37421875 0.0453125 0.0390625
2 0.62578125 0.3140625 0.0734375 0.040625
2 0.6359375 0.1953125 0.0484375 0.04375
2 0.5296875 0.24375 0.0703125 0.0609375
2 0.4671875 0.2703125 0.0625 0.0578125
2 0.27578125 0.25390625 0.05 0.04375
2 0.18515625 0.23203125 0.053125 0.046875
2 0.196875 0.31015625 0.05625 0.05
2 0.2078125 0.4484375 0.065625 0.0390625
2 0.31015625 0.490625 0.0546875 0.053125
2 0.340625 0.3515625 0.053125 0.0375
2 0.45234375 0.40390625 0.0546875 0.04375
2 0.4265625 0.52265625 0.05 0.046875
2 0.5484375 0.459375 0.06875 0.0421875
2 0.728125 0.51875 0.0625 0.0453125
2 0.7890625 0.49375 0.046875 0.034375
2 0.89375 0.46328125 0.0734375 0.0359375
2 0.9484375 0.4796875 0.05625 0.040625
2 0.85390625 0.590625 0.0390625 0.0390625
2 0.78125 0.628125 0.04375 0.0453125
2 0.559375 0.68515625 0.0625 0.0421875
2 0.25234375 0.66953125 0.0625 0.0390625
2 0.18984375 0.609375 0.0375 0.0359375
2 0.16796875 0.64921875 0.040625 0.0390625
2 0.12734375 0.59296875 0.0375 0.0390625
2 0.0921875 0.475 0.0375 0.040625
2 0.078125 0.3390625 0.034375 0.040625
2 0.1796875 0.36328125 0.0375 0.04375
2 0.18828125 0.13125 0.05625 0.046875
2 0.55546875 0.771875 0.0484375 0.0546875
2 0.42890625 0.790625 0.0421875 0.0375
2 0.39296875 0.70859375 0.0515625 0.0453125
2 0.31796875 0.78046875 0.05625 0.03125
2 0.18828125 0.79453125 0.034375 0.0390625
2 0.23828125 0.7203125 0.040625 0.0390625
2 0.6515625 0.8703125 0.0609375 0.046875
2 0.6890625 0.75625 0.05 0.040625
2 0.74765625 0.7453125 0.0609375 0.0515625
2 0.8328125 0.81015625 0.059375 0.04375
2 0.421875 0.87578125 0.05 0.0328125
2 0.33515625 0.86328125 0.040625 0.0421875
2 0.44921875 0.9046875 0.0515625 0.0375
2 0.8453125 0.72890625 0.0375 0.0375