2 0.2765625 0.109375 0.0359375 0.03125
2 0.4359375 0.10390625 0.05 0.0296875
2 0.66640625 0.19375 0.05 0.040625
2 0.5375 0.22578125 0.065625 0.04375
2 0.371875 0.19375 0.0578125 0.0359375
2 0.21953125 0.19140625 0.0578125 0.0359375
2 0.253125 0.28125 0.0546875 0.0375
2 0.1625 0.28671875 0.059375 0.0421875
2 0.1703125 0.36953125 0.0546875 0.03125
2 0.18125 0.39765625 0.0390625 0.028125
2 0.12734375 0.384375 0.0484375 0.0390625
2 0.21015625 0.4796875 0.046875 0.0375
2 0.35625 0.41328125 0.075 0.0375
2 0.3515625 0.29453125 0.0515625 0.040625
2 0.45625 0.33828125 0.071875 0.0578125
2 0.5171875 0.36171875 0.0640625 0.0546875
2 0.7109375 0.33671875 0.053125 0.040625
2 0.803125 0.31015625 0.05625 0.04375
2 0.7875 0.3890625 0.059375 0.0484375
2 0.7703125 0.528125 0.0671875 0.0359375
2 0.665625 0.575 0.05625 0.05
2 0.64140625 0.4375 0.0546875 0.034375
2 0.5265625 0.4953125 0.0578125 0.040625
2 0.546875 0.61171875 0.053125 0.04375
2 0.42734375 0.5546875 0.0703125 0.0390625
2 0.24375 0.621875 0.065625 0.0421875
2 0.18359375 0.60078125 0.0484375 0.03125
2 0.08046875 0.57421875 0.075 0.0328125
2 0.0265625 0.59375 0.053125 0.0390625
2 0.11328125 0.7 0.040625 0.0375
2 0.18515625 0.734375 0.046875 0.04375
2 0.40625 0.78125 0.0640625 0.0390625
2 0.715625 0.75078125 0.0640625 0.0359375
2 0.78046875 0.6875 0.0390625 0.034375
2 0.80078125 0.7265625 0.0421875 0.0375
2 0.84453125 0.66796875 0.0390625 0.0375
2 0.88515625 0.54921875 0.0390625 0.0390625
2 0.90546875 0.4125 0.0359375 0.0390625
2 0.803125 0.44140625 0.040625 0.0421875
2 0.80390625 0.21015625 0.059375 0.0453125
2 0.40546875 0.8671875 0.05 0.0515625
2 0.53203125 0.8796875 0.04375 0.0359375
2 0.571875 0.796875 0.0546875 0.0421875
2 0.64375 0.8640625 0.0578125 0.0296875
2 0.7734375 0.87265625 0.0359375 0.0375
2 0.72734375 0.80078125 0.0421875 0.0375
2 0.3046875 0.9703125 0.0640625 0.04375
2 0.271875 0.8578125 0.0515625 0.0375
2 0.2140625 0.85 0.0625 0.05
2 0.125 0.91796875 0.0625 0.0421875
2 0.53515625 0.96484375 0.0515625 0.0296875
2 0.62265625 0.9484375 0.04375 0.040625
2 0.50625 0.9890625 0.053125 0.021875
2 0.115625 0.8375 0.0390625 0.0359375