2 0.28125 0.11796875 0.034375 0.03125
2 0.43984375 0.1171875 0.0484375 0.03125
2 0.675 0.2140625 0.046875 0.0421875
2 0.5484375 0.2421875 0.0625 0.0453125
2 0.38203125 0.20546875 0.05625 0.0375
2 0.2296875 0.19765625 0.05625 0.0375
2 0.26875 0.2890625 0.053125 0.0390625
2 0.178125 0.2921875 0.05625 0.04375
2 0.190625 0.37578125 0.053125 0.0328125
2 0.203125 0.40390625 0.0375 0.028125
2 0.14921875 0.38828125 0.046875 0.040625
2 0.2375 0.48671875 0.0453125 0.0390625
2 0.37890625 0.42421875 0.0734375 0.040625
2 0.3671875 0.30546875 0.0484375 0.0421875
2 0.47421875 0.3515625 0.06875 0.059375
2 0.53671875 0.37734375 0.0609375 0.05625
2 0.72734375 0.35859375 0.05 0.0421875
2 0.81796875 0.334375 0.053125 0.0453125
2 0.80703125 0.41328125 0.05625 0.05
2 0.79765625 0.5515625 0.065625 0.0375
2 0.69609375 0.5953125 0.053125 0.0515625
2 0.6640625 0.45703125 0.053125 0.0359375
2 0.553125 0.51171875 0.0546875 0.0421875
2 0.58046875 0.62890625 0.05 0.0453125
2 0.4578125 0.56875 0.06875 0.040625
2 0.27890625 0.63046875 0.0625 0.04375
2 0.21796875 0.60703125 0.046875 0.0328125
2 0.11328125 0.578125 0.0734375 0.0359375
2 0.05859375 0.5953125 0.05625 0.040625
2 0.15390625 0.7046875 0.0390625 0.0375
2 0.22734375 0.740625 0.04375 0.0453125
2 0.44921875 0.79453125 0.0625 0.040625
2 0.75625 0.7734375 0.0625 0.0375
2 0.8171875 0.71171875 0.0375 0.034375
2 0.83984375 0.75078125 0.040625 0.0390625
2 0.8796875 0.69375 0.0375 0.0375
2 0.91328125 0.57578125 0.0375 0.0390625
2 0.92578125 0.43984375 0.034375 0.0390625
2 0.825 0.465625 0.0375 0.0421875
2 0.81328125 0.23359375 0.05625 0.046875
2 0.4546875 0.88046875 0.046875 0.053125
2 0.58125 0.896875 0.0421875 0.0375
2 0.615625 0.81484375 0.0515625 0.04375
2 0.69140625 0.884375 0.05625 0.03125
2 0.82109375 0.896875 0.034375 0.0375
2 0.7703125 0.8234375 0.040625 0.0390625
2 0.359375 0.97890625 0.0609375 0.0421875
2 0.32109375 0.8671875 0.05 0.0390625
2 0.2625 0.8578125 0.059375 0.0515625
2 0.17734375 0.9234375 0.059375 0.04375
2 0.5890625 0.9828125 0.05 0.03125
2 0.675 0.96796875 0.040625 0.0421875
2 0.56171875 0.996875 0.0515625 0.00625
2 0.1640625 0.8421875 0.0375 0.0359375