2 0.7125 0.10234375 0.0359375 0.028125
2 0.5546875 0.0828125 0.05 0.028125
2 0.31484375 0.15234375 0.05 0.0390625
2 0.4390625 0.1953125 0.065625 0.040625
2 0.60625 0.178125 0.0578125 0.0328125
2 0.75859375 0.18828125 0.0578125 0.0328125
2 0.7125 0.275 0.0546875 0.0359375
2 0.803125 0.28828125 0.059375 0.0390625
2 0.784375 0.3703125 0.0546875 0.0296875
2 0.7703125 0.39765625 0.0390625 0.025
2 0.82421875 0.38828125 0.0484375 0.0375
2 0.73046875 0.4765625 0.046875 0.0359375
2 0.59375 0.39765625 0.075 0.034375
2 0.6140625 0.2796875 0.0515625 0.0390625
2 0.5046875 0.3140625 0.071875 0.0546875
2 0.440625 0.33203125 0.0640625 0.0515625
2 0.253125 0.290625 0.053125 0.0390625
2 0.1640625 0.25625 0.05625 0.0421875
2 0.1703125 0.3359375 0.059375 0.0453125
2 0.16875 0.475 0.0671875 0.0328125
2 0.2671875 0.53125 0.05625 0.0484375
2 0.30859375 0.39609375 0.0546875 0.0328125
2 0.415625 0.4640625 0.0578125 0.0390625
2 0.3796875 0.578125 0.053125 0.0421875
2 0.50546875 0.53203125 0.0703125 0.0359375
2 0.6796875 0.61484375 0.065625 0.0390625
2 0.74140625 0.5984375 0.0484375 0.0296875
2 0.84765625 0.58203125 0.075 0.0296875
2 0.90078125 0.60546875 0.0578125 0.0359375
2 0.79765625 0.70390625 0.040625 0.034375
2 0.72265625 0.73125 0.046875 0.040625
2 0.4984375 0.75859375 0.0640625 0.0359375
2 0.1953125 0.7015625 0.0640625 0.0328125
2 0.13828125 0.63359375 0.0390625 0.03125
2 0.11328125 0.66953125 0.0421875 0.034375
2 0.07734375 0.60859375 0.0390625 0.034375
2 0.05234375 0.48671875 0.0390625 0.0359375
2 0.04921875 0.34921875 0.0359375 0.0359375
2 0.1484375 0.38671875 0.040625 0.0390625
2 0.17578125 0.15625 0.059375 0.0421875
2 0.48671875 0.84453125 0.05 0.05
2 0.36015625 0.84609375 0.04375 0.0328125
2 0.33125 0.759375 0.0546875 0.040625
2 0.2515625 0.82109375 0.0578125 0.0265625
2 0.121875 0.81796875 0.0359375 0.034375
2 0.17734375 0.75078125 0.0421875 0.034375
2 0.575 0.95546875 0.0640625 0.040625
2 0.6203125 0.846875 0.0515625 0.0359375
2 0.6796875 0.84375 0.0625 0.046875
2 0.759375 0.91953125 0.0625 0.0390625
2 0.34609375 0.93046875 0.0515625 0.028125
2 0.26171875 0.90625 0.04375 0.0375
2 0.371875 0.96328125 0.053125 0.0328125
2 0.778125 0.840625 0.0390625 0.0328125