2 0.659375 0.8515625 0.0359375 0.03125
2 0.5 0.88125 0.05 0.03125
2 0.26953125 0.8265625 0.05 0.040625
2 0.3984375 0.77578125 0.065625 0.04375
2 0.5640625 0.7828125 0.0578125 0.0359375
2 0.71640625 0.7625 0.0578125 0.0359375
2 0.6828125 0.678125 0.0546875 0.0390625
2 0.7734375 0.65859375 0.059375 0.0421875
2 0.765625 0.578125 0.0546875 0.0328125
2 0.7546875 0.5515625 0.0390625 0.028125
2 0.80859375 0.55703125 0.0484375 0.0390625
2 0.72578125 0.475 0.046875 0.0375
2 0.5796875 0.5625 0.075 0.0390625
2 0.584375 0.6796875 0.0515625 0.0421875
2 0.4796875 0.65234375 0.071875 0.059375
2 0.41875 0.63828125 0.0640625 0.0546875
2 0.225 0.6921875 0.053125 0.0421875
2 0.1328125 0.73203125 0.05625 0.0453125
2 0.1484375 0.6515625 0.059375 0.0484375
2 0.165625 0.51171875 0.0671875 0.0359375
2 0.2703125 0.45 0.05625 0.0515625
2 0.29453125 0.58203125 0.0546875 0.0359375
2 0.409375 0.5078125 0.0578125 0.0421875
2 0.3890625 0.39453125 0.053125 0.0453125
2 0.50859375 0.43359375 0.0703125 0.040625
2 0.6921875 0.3390625 0.065625 0.0421875
2 0.75234375 0.3515625 0.0484375 0.03125
2 0.85546875 0.36171875 0.075 0.034375
2 0.91171875 0.334375 0.0578125 0.0390625
2 0.821875 0.2421875 0.040625 0.0375
2 0.75078125 0.21953125 0.046875 0.04375
2 0.5296875 0.20625 0.0640625 0.0390625
2 0.2203125 0.2828125 0.0640625 0.0359375
2 0.15546875 0.3546875 0.0390625 0.034375
2 0.13515625 0.3203125 0.0421875 0.0375
2 0.09140625 0.384375 0.0390625 0.0375
2 0.05078125 0.5078125 0.0390625 0.0390625
2 0.0296875 0.64609375 0.0359375 0.0390625
2 0.1328125 0.60234375 0.040625 0.0421875
2 0.13203125 0.83203125 0.059375 0.0453125
2 0.5296875 0.12109375 0.05 0.0515625
2 0.40390625 0.12734375 0.04375 0.0359375
2 0.3640625 0.215625 0.0546875 0.04375
2 0.2921875 0.159375 0.0578125 0.0296875
2 0.1625 0.17109375 0.0359375 0.0375
2 0.20859375 0.234375 0.0421875 0.0375
2 0.63125 0.0125 0.0640625 0.025
2 0.66328125 0.11015625 0.0515625 0.0390625
2 0.721875 0.10859375 0.0625 0.05
2 0.8109375 0.028125 0.0625 0.0421875
2 0.40078125 0.04375 0.0515625 0.03125
2 0.31328125 0.0734375 0.04375 0.040625
2 0.4296875 0.01328125 0.053125 0.0265625
2 0.8203125 0.10625 0.0390625 0.0359375