2 0.7125 0.1109375 0.0359375 0.0296875
2 0.55546875 0.08984375 0.05 0.028125
2 0.315625 0.15625 0.0484375 0.0390625
2 0.43984375 0.20078125 0.0640625 0.040625
2 0.6078125 0.18515625 0.0578125 0.0328125
2 0.759375 0.19765625 0.0578125 0.0328125
2 0.7140625 0.28359375 0.0546875 0.0359375
2 0.8046875 0.2984375 0.0578125 0.0390625
2 0.7859375 0.3796875 0.0546875 0.0296875
2 0.771875 0.40703125 0.0390625 0.0265625
2 0.8265625 0.3984375 0.0484375 0.0375
2 0.7328125 0.48515625 0.046875 0.0359375
2 0.59609375 0.4046875 0.075 0.034375
2 0.615625 0.2875 0.05 0.0390625
2 0.50625 0.3203125 0.071875 0.0546875
2 0.44296875 0.3375 0.0640625 0.0515625
2 0.2546875 0.29375 0.0515625 0.0390625
2 0.165625 0.25859375 0.05625 0.0421875
2 0.171875 0.33828125 0.059375 0.0453125
2 0.171875 0.47734375 0.0671875 0.0328125
2 0.2703125 0.534375 0.05625 0.0484375
2 0.3109375 0.4 0.0546875 0.0328125
2 0.41796875 0.46953125 0.05625 0.0390625
2 0.3828125 0.58359375 0.053125 0.0421875
2 0.50859375 0.53828125 0.0703125 0.0359375
2 0.6828125 0.6234375 0.0640625 0.0390625
2 0.74453125 0.6078125 0.0484375 0.0296875
2 0.85078125 0.5921875 0.075 0.0296875
2 0.90390625 0.61640625 0.0578125 0.0359375
2 0.80234375 0.71328125 0.040625 0.0359375
2 0.7265625 0.740625 0.046875 0.0421875
2 0.50234375 0.76484375 0.0640625 0.0359375
2 0.19921875 0.7046875 0.0640625 0.0328125
2 0.1421875 0.6359375 0.0390625 0.0328125
2 0.1171875 0.671875 0.0421875 0.0359375
2 0.08125 0.609375 0.0390625 0.0359375
2 0.05546875 0.4875 0.0390625 0.0375
2 0.0515625 0.35 0.0359375 0.0375
2 0.15 0.38828125 0.0390625 0.040625
2 0.17734375 0.15859375 0.059375 0.0421875
2 0.4921875 0.85078125 0.05 0.05
2 0.36484375 0.85078125 0.04375 0.034375
2 0.3359375 0.7640625 0.053125 0.040625
2 0.25625 0.82421875 0.0578125 0.0265625
2 0.1265625 0.81953125 0.0359375 0.0359375
2 0.18125 0.753125 0.0421875 0.0359375
2 0.58046875 0.96328125 0.0625 0.040625
2 0.62578125 0.8546875 0.0515625 0.0359375
2 0.684375 0.85234375 0.0625 0.046875
2 0.7640625 0.92890625 0.0609375 0.0390625
2 0.3515625 0.93515625 0.0515625 0.028125
2 0.2671875 0.91015625 0.0421875 0.0390625
2 0.37734375 0.96796875 0.053125 0.0328125
2 0.7828125 0.85 0.0390625 0.034375