2 0.28359375 0.0984375 0.034375 0.0296875
2 0.4421875 0.0859375 0.0484375 0.028125
2 0.678125 0.16640625 0.046875 0.0390625
2 0.55234375 0.203125 0.0625 0.040625
2 0.3859375 0.178125 0.05625 0.0328125
2 0.23359375 0.18203125 0.05625 0.0328125
2 0.275 0.2703125 0.053125 0.0359375
2 0.184375 0.2796875 0.05625 0.0390625
2 0.19921875 0.36171875 0.053125 0.0296875
2 0.2125 0.38984375 0.0375 0.0265625
2 0.1578125 0.378125 0.046875 0.0375
2 0.24765625 0.4703125 0.0453125 0.0359375
2 0.38828125 0.39765625 0.0734375 0.034375
2 0.3734375 0.2796875 0.0484375 0.0390625
2 0.48125 0.31875 0.0703125 0.0546875
2 0.54375 0.33984375 0.0625 0.0515625
2 0.73359375 0.30703125 0.05 0.0390625
2 0.82421875 0.27734375 0.053125 0.0421875
2 0.8140625 0.35625 0.05625 0.0453125
2 0.809375 0.4953125 0.065625 0.0328125
2 0.70859375 0.54609375 0.0546875 0.0484375
2 0.6734375 0.41015625 0.053125 0.0328125
2 0.56328125 0.47265625 0.0546875 0.0390625
2 0.59375 0.58828125 0.05 0.0421875
2 0.4703125 0.5359375 0.06875 0.0359375
2 0.2921875 0.6109375 0.0625 0.0390625
2 0.23125 0.59140625 0.046875 0.0296875
2 0.1265625 0.56953125 0.0734375 0.0296875
2 0.071875 0.590625 0.05625 0.0359375
2 0.16953125 0.69375 0.0390625 0.0359375
2 0.24375 0.725 0.04375 0.0421875
2 0.4671875 0.7625 0.0625 0.0359375
2 0.77265625 0.71953125 0.0625 0.0328125
2 0.83203125 0.6546875 0.0375 0.0328125
2 0.85546875 0.69140625 0.040625 0.0359375
2 0.89453125 0.63203125 0.0375 0.0359375
2 0.925 0.51171875 0.0375 0.0375
2 0.934375 0.375 0.034375 0.0375
2 0.834375 0.4078125 0.0375 0.040625
2 0.81640625 0.1765625 0.05625 0.0421875
2 0.47421875 0.8484375 0.0484375 0.05
2 0.60078125 0.85625 0.0421875 0.034375
2 0.63359375 0.77109375 0.0515625 0.040625
2 0.71015625 0.8359375 0.05625 0.0265625
2 0.83984375 0.8390625 0.034375 0.0359375
2 0.78828125 0.76953125 0.040625 0.0359375
2 0.38125 0.95546875 0.0609375 0.040625
2 0.340625 0.84453125 0.05 0.0359375
2 0.28203125 0.8390625 0.0609375 0.046875
2 0.1984375 0.9109375 0.059375 0.0390625
2 0.6109375 0.940625 0.05 0.028125
2 0.69609375 0.9203125 0.040625 0.0390625
2 0.58359375 0.971875 0.0515625 0.0328125
2 0.1828125 0.83046875 0.0375 0.034375