2 0.6703125 0.91875 0.0359375 0.028125
2 0.5109375 0.9328125 0.05 0.0265625
2 0.2796875 0.85703125 0.0484375 0.0375
2 0.4078125 0.81796875 0.0640625 0.0390625
2 0.5734375 0.83984375 0.0578125 0.03125
2 0.7265625 0.83359375 0.0578125 0.03125
2 0.69140625 0.74609375 0.0546875 0.034375
2 0.78203125 0.73515625 0.0578125 0.0375
2 0.7734375 0.653125 0.0546875 0.028125
2 0.7625 0.62578125 0.0390625 0.025
2 0.815625 0.63671875 0.0484375 0.0359375
2 0.73203125 0.5453125 0.046875 0.034375
2 0.58671875 0.6203125 0.075 0.034375
2 0.59296875 0.73828125 0.05 0.0375
2 0.4875 0.7015625 0.071875 0.0546875
2 0.4265625 0.68125 0.0640625 0.05
2 0.23359375 0.7171875 0.0515625 0.0375
2 0.14140625 0.74921875 0.0546875 0.040625
2 0.15625 0.66953125 0.0578125 0.04375
2 0.171875 0.53046875 0.0671875 0.03125
2 0.27578125 0.47734375 0.05625 0.046875
2 0.3015625 0.61328125 0.0546875 0.03125
2 0.41640625 0.54921875 0.05625 0.0375
2 0.39375 0.43359375 0.0515625 0.040625
2 0.5140625 0.48359375 0.0703125 0.0359375
2 0.696875 0.40625 0.0640625 0.0375
2 0.75703125 0.42421875 0.0484375 0.028125
2 0.8609375 0.44375 0.075 0.0296875
2 0.91640625 0.421875 0.0578125 0.034375
2 0.82578125 0.32109375 0.040625 0.034375
2 0.75390625 0.290625 0.0453125 0.040625
2 0.5328125 0.25703125 0.0640625 0.034375
2 0.22421875 0.30546875 0.0640625 0.03125
2 0.159375 0.371875 0.0390625 0.03125
2 0.1390625 0.334375 0.0421875 0.034375
2 0.09609375 0.3953125 0.0390625 0.034375
2 0.05625 0.515625 0.0390625 0.0359375
2 0.0375 0.653125 0.0359375 0.0359375
2 0.140625 0.61875 0.0390625 0.0390625
2 0.14140625 0.84921875 0.0578125 0.040625
2 0.53203125 0.17109375 0.05 0.0484375
2 0.40546875 0.165625 0.04375 0.0328125
2 0.36640625 0.2515625 0.053125 0.0390625
2 0.29453125 0.18828125 0.0578125 0.025
2 0.16484375 0.1875 0.0359375 0.034375
2 0.21171875 0.25546875 0.0421875 0.034375
2 0.63203125 0.0625 0.0625 0.0390625
2 0.665625 0.17265625 0.0515625 0.034375
2 0.72421875 0.17734375 0.0625 0.0453125
2 0.8125 0.10390625 0.0609375 0.0375
2 0.4015625 0.08125 0.0515625 0.0265625
2 0.3140625 0.103125 0.0421875 0.0375
2 0.43046875 0.04921875 0.053125 0.03125
2 0.821875 0.18359375 0.0390625 0.0328125