2 0.66484375 0.93125 0.0359375 0.0296875
2 0.50546875 0.94296875 0.05 0.028125
2 0.27421875 0.8625 0.0484375 0.0390625
2 0.403125 0.82578125 0.0640625 0.040625
2 0.56875 0.85078125 0.0578125 0.0328125
2 0.72109375 0.84765625 0.0578125 0.0328125
2 0.68671875 0.75859375 0.0546875 0.0359375
2 0.778125 0.75 0.0578125 0.0390625
2 0.76953125 0.6671875 0.0546875 0.0296875
2 0.75859375 0.63984375 0.0390625 0.0265625
2 0.81171875 0.6515625 0.0484375 0.0375
2 0.72890625 0.55859375 0.046875 0.0359375
2 0.5828125 0.63125 0.075 0.034375
2 0.58828125 0.75 0.05 0.0390625
2 0.48359375 0.7109375 0.071875 0.0546875
2 0.42265625 0.6890625 0.0640625 0.0515625
2 0.2296875 0.721875 0.0515625 0.0390625
2 0.13671875 0.75234375 0.05625 0.0421875
2 0.15234375 0.67265625 0.059375 0.0453125
2 0.16875 0.53359375 0.0671875 0.0328125
2 0.2734375 0.4828125 0.05625 0.0484375
2 0.2984375 0.61875 0.0546875 0.0328125
2 0.4125 0.55703125 0.05625 0.0390625
2 0.39140625 0.44140625 0.053125 0.0421875
2 0.5109375 0.49296875 0.0703125 0.0359375
2 0.69453125 0.41875 0.0640625 0.0390625
2 0.7546875 0.4375 0.0484375 0.0296875
2 0.85859375 0.459375 0.075 0.0296875
2 0.9140625 0.43828125 0.0578125 0.0359375
2 0.82421875 0.33515625 0.040625 0.0359375
2 0.75234375 0.3046875 0.046875 0.0421875
2 0.53125 0.26640625 0.0640625 0.0359375
2 0.221875 0.309375 0.0640625 0.0328125
2 0.15703125 0.375 0.0390625 0.0328125
2 0.13671875 0.3375 0.0421875 0.0359375
2 0.09375 0.396875 0.0390625 0.0359375
2 0.05390625 0.5171875 0.0390625 0.0375
2 0.03359375 0.6546875 0.0359375 0.0375
2 0.13671875 0.62109375 0.0390625 0.040625
2 0.13671875 0.85234375 0.059375 0.0421875
2 0.53125 0.18046875 0.05 0.05
2 0.4046875 0.17265625 0.04375 0.034375
2 0.365625 0.2578125 0.053125 0.040625
2 0.29296875 0.19296875 0.0578125 0.0265625
2 0.16328125 0.18984375 0.0359375 0.0359375
2 0.21015625 0.259375 0.0421875 0.0359375
2 0.63203125 0.07421875 0.0625 0.040625
2 0.66484375 0.184375 0.0515625 0.0359375
2 0.72265625 0.18984375 0.0625 0.046875
2 0.81171875 0.11796875 0.0609375 0.0390625
2 0.40078125 0.08828125 0.0515625 0.028125
2 0.3140625 0.10859375 0.0421875 0.0390625
2 0.43046875 0.05703125 0.053125 0.0328125
2 0.82109375 0.1984375 0.0390625 0.034375