2 0.2796875 0.12109375 0.034375 0.03125
2 0.4390625 0.12265625 0.0484375 0.03125
2 0.67265625 0.221875 0.0484375 0.0421875
2 0.54453125 0.2484375 0.0640625 0.0453125
2 0.37890625 0.209375 0.05625 0.0375
2 0.2265625 0.20078125 0.05625 0.0375
2 0.2640625 0.2921875 0.0546875 0.040625
2 0.1734375 0.29453125 0.0578125 0.04375
2 0.184375 0.37734375 0.053125 0.034375
2 0.196875 0.40625 0.0375 0.0296875
2 0.14296875 0.390625 0.0484375 0.040625
2 0.22890625 0.48984375 0.046875 0.0390625
2 0.371875 0.42890625 0.0734375 0.040625
2 0.3625 0.309375 0.05 0.0421875
2 0.46875 0.3578125 0.0703125 0.0609375
2 0.53046875 0.38359375 0.0625 0.05625
2 0.721875 0.3671875 0.0515625 0.04375
2 0.81328125 0.34375 0.0546875 0.046875
2 0.80078125 0.42265625 0.0578125 0.05
2 0.78984375 0.5609375 0.065625 0.0390625
2 0.68671875 0.603125 0.0546875 0.053125
2 0.65703125 0.46484375 0.053125 0.0375
2 0.54453125 0.51796875 0.05625 0.04375
2 0.5703125 0.6359375 0.0515625 0.046875
2 0.4484375 0.5734375 0.0703125 0.0421875
2 0.26796875 0.63359375 0.0640625 0.04375
2 0.2078125 0.609375 0.046875 0.0328125
2 0.103125 0.5796875 0.0734375 0.0359375
2 0.04765625 0.59609375 0.0578125 0.040625
2 0.14140625 0.70625 0.040625 0.0390625
2 0.21484375 0.74375 0.0453125 0.0453125
2 0.43671875 0.79921875 0.0640625 0.040625
2 0.74375 0.78203125 0.0625 0.0375
2 0.80625 0.721875 0.0375 0.0359375
2 0.828125 0.7609375 0.0421875 0.0390625
2 0.86953125 0.7046875 0.0390625 0.0390625
2 0.90546875 0.58671875 0.0390625 0.040625
2 0.9203125 0.45078125 0.0359375 0.0390625
2 0.81875 0.47578125 0.0390625 0.04375
2 0.81015625 0.24375 0.0578125 0.046875
2 0.43984375 0.8859375 0.0484375 0.053125
2 0.56640625 0.90390625 0.0421875 0.0375
2 0.603125 0.821875 0.053125 0.0453125
2 0.67734375 0.89296875 0.05625 0.03125
2 0.80703125 0.90625 0.0359375 0.0375
2 0.7578125 0.8328125 0.0421875 0.0390625
2 0.34296875 0.98125 0.0625 0.0375
2 0.30625 0.87109375 0.0515625 0.040625
2 0.24765625 0.8609375 0.0609375 0.0515625
2 0.16171875 0.92578125 0.0609375 0.04375
2 0.57265625 0.98671875 0.05 0.0265625
2 0.659375 0.9765625 0.0421875 0.0421875
2 0.14921875 0.84453125 0.0375 0.0375