2 0.6546875 0.98125 0.0359375 0.03125
2 0.49453125 0.98203125 0.05 0.03125
2 0.26484375 0.88515625 0.05 0.0421875
2 0.39375 0.85703125 0.065625 0.0453125
2 0.55859375 0.89375 0.0578125 0.0375
2 0.71171875 0.9015625 0.0578125 0.0375
2 0.678125 0.81015625 0.05625 0.0390625
2 0.76953125 0.80703125 0.059375 0.04375
2 0.76171875 0.72421875 0.0546875 0.0328125
2 0.7515625 0.6953125 0.0390625 0.028125
2 0.8046875 0.7109375 0.05 0.040625
2 0.72265625 0.6125 0.0484375 0.0390625
2 0.57578125 0.675 0.075 0.040625
2 0.58046875 0.79375 0.0515625 0.0421875
2 0.47578125 0.74765625 0.071875 0.059375
2 0.41484375 0.721875 0.0640625 0.05625
2 0.22109375 0.740625 0.053125 0.0421875
2 0.128125 0.76484375 0.05625 0.0453125
2 0.14453125 0.6859375 0.059375 0.05
2 0.1625 0.54765625 0.0671875 0.0375
2 0.26796875 0.50390625 0.05625 0.0515625
2 0.290625 0.6421875 0.0546875 0.0359375
2 0.40625 0.5875 0.0578125 0.0421875
2 0.38671875 0.4703125 0.053125 0.0453125
2 0.50546875 0.53046875 0.071875 0.040625
2 0.68984375 0.46875 0.065625 0.04375
2 0.75 0.4921875 0.0484375 0.0328125
2 0.853125 0.52109375 0.075 0.0359375
2 0.909375 0.50390625 0.059375 0.040625
2 0.8203125 0.39453125 0.0421875 0.0375
2 0.74921875 0.35859375 0.046875 0.0453125
2 0.52890625 0.3046875 0.065625 0.040625
2 0.21875 0.32578125 0.0640625 0.0375
2 0.153125 0.3875 0.0390625 0.034375
2 0.1328125 0.3484375 0.04375 0.0390625
2 0.0890625 0.40546875 0.040625 0.0375
2 0.04765625 0.5234375 0.040625 0.0390625
2 0.0265625 0.659375 0.0375 0.0390625
2 0.1296875 0.63359375 0.040625 0.0421875
2 0.1265625 0.865625 0.059375 0.046875
2 0.52890625 0.21875 0.05 0.053125
2 0.403125 0.20234375 0.04375 0.0375
2 0.3625 0.284375 0.0546875 0.04375
2 0.290625 0.21484375 0.0578125 0.03125
2 0.1609375 0.20234375 0.0375 0.0375
2 0.20703125 0.27578125 0.04375 0.0390625
2 0.63125 0.11875 0.0640625 0.0453125
2 0.6625 0.23203125 0.053125 0.0390625
2 0.72109375 0.24140625 0.0625 0.0515625
2 0.8109375 0.17578125 0.0625 0.04375
2 0.4 0.11640625 0.0515625 0.03125
2 0.3125 0.13125 0.04375 0.0421875
2 0.4296875 0.0875 0.053125 0.0359375
2 0.81875 0.25703125 0.0390625 0.0359375