2 0.71484375 0.0859375 0.0359375 0.028125
2 0.55703125 0.0703125 0.05 0.0265625
2 0.31875 0.1453125 0.0484375 0.0375
2 0.44453125 0.18515625 0.0640625 0.0390625
2 0.61171875 0.16328125 0.0578125 0.03125
2 0.76328125 0.1703125 0.0578125 0.03125
2 0.7203125 0.25859375 0.0546875 0.034375
2 0.8109375 0.26953125 0.0578125 0.0375
2 0.79453125 0.3515625 0.0546875 0.028125
2 0.78125 0.37890625 0.0390625 0.025
2 0.83515625 0.36875 0.0484375 0.0359375
2 0.74375 0.45859375 0.046875 0.034375
2 0.60546875 0.3828125 0.075 0.0328125
2 0.621875 0.26484375 0.05 0.0375
2 0.51328125 0.3015625 0.0703125 0.053125
2 0.45078125 0.321875 0.0625 0.05
2 0.2609375 0.284375 0.0515625 0.0375
2 0.171875 0.25234375 0.0546875 0.040625
2 0.1796875 0.33203125 0.0578125 0.04375
2 0.1828125 0.47109375 0.0671875 0.03125
2 0.28203125 0.52421875 0.0546875 0.046875
2 0.3203125 0.3890625 0.0546875 0.03125
2 0.42890625 0.45390625 0.05625 0.0375
2 0.39609375 0.56875 0.0515625 0.040625
2 0.52109375 0.51953125 0.0703125 0.034375
2 0.696875 0.5984375 0.0640625 0.0375
2 0.75859375 0.58046875 0.0484375 0.028125
2 0.8640625 0.5609375 0.075 0.028125
2 0.91796875 0.58359375 0.0578125 0.034375
2 0.81796875 0.684375 0.040625 0.034375
2 0.74375 0.71328125 0.0453125 0.040625
2 0.5203125 0.74609375 0.0640625 0.034375
2 0.215625 0.69609375 0.0640625 0.03125
2 0.15703125 0.6296875 0.0390625 0.03125
2 0.1328125 0.66640625 0.0421875 0.034375
2 0.0953125 0.60546875 0.0390625 0.034375
2 0.06640625 0.484375 0.0390625 0.0359375
2 0.059375 0.346875 0.0359375 0.0359375
2 0.159375 0.3828125 0.0390625 0.0390625
2 0.18046875 0.15234375 0.0578125 0.040625
2 0.51171875 0.83203125 0.0484375 0.0484375
2 0.384375 0.83671875 0.04375 0.0328125
2 0.353125 0.75078125 0.053125 0.0390625
2 0.27578125 0.8140625 0.0578125 0.025
2 0.14609375 0.8140625 0.0359375 0.034375
2 0.19921875 0.7453125 0.0421875 0.034375
2 0.60234375 0.940625 0.0625 0.0390625
2 0.6453125 0.83125 0.0515625 0.034375
2 0.70390625 0.82734375 0.0609375 0.0453125
2 0.7859375 0.90078125 0.0609375 0.0375
2 0.3734375 0.92109375 0.0515625 0.0265625
2 0.28828125 0.89921875 0.0421875 0.0375
2 0.39921875 0.953125 0.053125 0.03125
2 0.80234375 0.82109375 0.0390625 0.0328125