2 0.7125 0.95625 0.034375 0.0296875
2 0.55390625 0.9625 0.0484375 0.0296875
2 0.31953125 0.87421875 0.046875 0.040625
2 0.44609375 0.84140625 0.0625 0.04375
2 0.6125 0.87265625 0.05625 0.034375
2 0.76484375 0.87421875 0.05625 0.034375
2 0.72578125 0.784375 0.053125 0.0375
2 0.81640625 0.778125 0.05625 0.040625
2 0.803125 0.6953125 0.053125 0.03125
2 0.790625 0.6671875 0.0375 0.028125
2 0.84453125 0.68125 0.046875 0.0390625
2 0.75703125 0.58515625 0.0453125 0.0375
2 0.61484375 0.653125 0.0734375 0.0375
2 0.62734375 0.771875 0.0484375 0.040625
2 0.5203125 0.72890625 0.06875 0.0578125
2 0.4578125 0.70546875 0.0609375 0.053125
2 0.2671875 0.73125 0.05 0.040625
2 0.17578125 0.75859375 0.053125 0.04375
2 0.1875 0.6796875 0.05625 0.046875
2 0.19609375 0.540625 0.065625 0.0359375
2 0.29765625 0.49375 0.053125 0.05
2 0.3296875 0.63046875 0.053125 0.034375
2 0.44140625 0.571875 0.0546875 0.040625
2 0.4140625 0.45546875 0.05 0.04375
2 0.5359375 0.51171875 0.06875 0.0390625
2 0.715625 0.44375 0.0625 0.0421875
2 0.7765625 0.46484375 0.046875 0.03125
2 0.88125 0.48984375 0.0734375 0.0328125
2 0.9359375 0.47109375 0.05625 0.0375
2 0.840625 0.36484375 0.0390625 0.0375
2 0.7671875 0.33125 0.04375 0.04375
2 0.54453125 0.2859375 0.0625 0.0390625
2 0.23828125 0.31796875 0.0625 0.0359375
2 0.1765625 0.38125 0.0375 0.034375
2 0.1546875 0.34296875 0.040625 0.0375
2 0.1140625 0.4015625 0.0375 0.0375
2 0.08046875 0.5203125 0.0375 0.0390625
2 0.06796875 0.65703125 0.034375 0.0375
2 0.16875 0.62734375 0.0375 0.0421875
2 0.18125 0.85859375 0.05625 0.04375
2 0.53984375 0.19921875 0.046875 0.0515625
2 0.41328125 0.1875 0.0421875 0.0359375
2 0.378125 0.27109375 0.0515625 0.0421875
2 0.303125 0.20390625 0.05625 0.028125
2 0.1734375 0.19609375 0.034375 0.0359375
2 0.2234375 0.2671875 0.040625 0.0375
2 0.63515625 0.09609375 0.0609375 0.0421875
2 0.6734375 0.2078125 0.05 0.0375
2 0.73203125 0.215625 0.059375 0.0484375
2 0.81640625 0.146875 0.059375 0.040625
2 0.4046875 0.10234375 0.05 0.0296875
2 0.31875 0.11953125 0.040625 0.040625
2 0.4328125 0.07265625 0.0515625 0.034375
2 0.83046875 0.22734375 0.0375 0.0359375