2 0.2796875 0.075 0.0359375 0.0296875
2 0.43828125 0.05 0.0484375 0.0296875
2 0.671875 0.11171875 0.0484375 0.040625
2 0.54375 0.15859375 0.0640625 0.0421875
2 0.378125 0.146875 0.0578125 0.034375
2 0.225 0.16328125 0.0578125 0.034375
2 0.2625 0.2484375 0.0546875 0.0375
2 0.171875 0.26484375 0.0578125 0.040625
2 0.1828125 0.34609375 0.0546875 0.03125
2 0.19453125 0.37265625 0.0375 0.0265625
2 0.140625 0.365625 0.0484375 0.0390625
2 0.2265625 0.45078125 0.046875 0.0375
2 0.3703125 0.36640625 0.075 0.0359375
2 0.3609375 0.24921875 0.05 0.040625
2 0.4671875 0.2796875 0.0703125 0.05625
2 0.52890625 0.29609375 0.0625 0.053125
2 0.7203125 0.24765625 0.0515625 0.040625
2 0.8125 0.21015625 0.0546875 0.04375
2 0.79921875 0.290625 0.0578125 0.046875
2 0.78671875 0.4296875 0.0671875 0.034375
2 0.68359375 0.4890625 0.0546875 0.05
2 0.6546875 0.35546875 0.0546875 0.034375
2 0.5421875 0.42734375 0.05625 0.040625
2 0.5671875 0.540625 0.0515625 0.04375
2 0.44609375 0.4984375 0.0703125 0.0375
2 0.26484375 0.5875 0.0640625 0.040625
2 0.20390625 0.5734375 0.0484375 0.03125
2 0.1 0.56015625 0.075 0.03125
2 0.04453125 0.5859375 0.0578125 0.0375
2 0.1375 0.68046875 0.040625 0.0359375
2 0.21015625 0.70546875 0.0453125 0.0421875
2 0.43203125 0.72578125 0.0640625 0.0375
2 0.73984375 0.6578125 0.0640625 0.034375
2 0.803125 0.5875 0.0390625 0.0328125
2 0.82421875 0.62265625 0.0421875 0.0359375
2 0.865625 0.56015625 0.0390625 0.0359375
2 0.90234375 0.4375 0.0390625 0.0375
2 0.91796875 0.29921875 0.0359375 0.0375
2 0.81640625 0.340625 0.0390625 0.040625
2 0.809375 0.11015625 0.0578125 0.04375
2 0.43515625 0.8109375 0.0484375 0.0515625
2 0.56171875 0.80859375 0.04375 0.034375
2 0.5984375 0.7203125 0.053125 0.0421875
2 0.67265625 0.77890625 0.05625 0.028125
2 0.80234375 0.771875 0.0359375 0.0359375
2 0.753125 0.70625 0.0421875 0.0359375
2 0.3375 0.92578125 0.0625 0.0421875
2 0.3015625 0.81796875 0.0515625 0.0375
2 0.24296875 0.8171875 0.0609375 0.0484375
2 0.15625 0.89609375 0.0609375 0.040625
2 0.56796875 0.8921875 0.05 0.0296875
2 0.65390625 0.86484375 0.0421875 0.0390625
2 0.5390625 0.92578125 0.053125 0.034375
2 0.14453125 0.8171875 0.0390625 0.034375