2 0.721875 0.04375 0.0359375 0.0296875
2 0.5625 0.0375 0.05 0.0296875
2 0.33046875 0.12578125 0.0484375 0.040625
2 0.45859375 0.15859375 0.0640625 0.04375
2 0.62421875 0.12734375 0.0578125 0.034375
2 0.7765625 0.12578125 0.0578125 0.034375
2 0.740625 0.215625 0.0546875 0.0375
2 0.83125 0.221875 0.0578125 0.040625
2 0.821875 0.3046875 0.0546875 0.03125
2 0.81015625 0.3328125 0.0390625 0.028125
2 0.86328125 0.31875 0.0484375 0.0390625
2 0.77890625 0.41484375 0.046875 0.0375
2 0.634375 0.346875 0.075 0.0375
2 0.6421875 0.228125 0.05 0.040625
2 0.53671875 0.27109375 0.0703125 0.0578125
2 0.475 0.29453125 0.0625 0.053125
2 0.2828125 0.26875 0.0515625 0.040625
2 0.190625 0.24140625 0.0546875 0.04375
2 0.2046875 0.3203125 0.0578125 0.046875
2 0.21875 0.459375 0.0671875 0.0359375
2 0.321875 0.50625 0.0546875 0.05
2 0.34921875 0.36953125 0.0546875 0.034375
2 0.46328125 0.428125 0.05625 0.040625
2 0.43984375 0.54453125 0.0515625 0.04375
2 0.56015625 0.48828125 0.0703125 0.0390625
2 0.7421875 0.55625 0.0640625 0.0421875
2 0.803125 0.53515625 0.0484375 0.03125
2 0.90703125 0.51015625 0.075 0.0328125
2 0.9625 0.52890625 0.0578125 0.0375
2 0.8703125 0.63515625 0.040625 0.0375
2 0.79765625 0.66875 0.0453125 0.04375
2 0.5765625 0.7140625 0.0640625 0.0390625
2 0.26796875 0.68203125 0.0640625 0.0359375
2 0.2046875 0.61875 0.0390625 0.034375
2 0.18359375 0.65703125 0.0421875 0.0375
2 0.14140625 0.5984375 0.0390625 0.0375
2 0.103125 0.4796875 0.0390625 0.0390625
2 0.0859375 0.34296875 0.0359375 0.0375
2 0.18828125 0.37265625 0.0390625 0.0421875
2 0.1921875 0.14140625 0.0578125 0.04375
2 0.575 0.80078125 0.0484375 0.0515625
2 0.4484375 0.8125 0.04375 0.0359375
2 0.41015625 0.72890625 0.053125 0.0421875
2 0.3375 0.79609375 0.0578125 0.028125
2 0.20703125 0.80390625 0.0359375 0.0359375
2 0.25546875 0.7328125 0.0421875 0.0375
2 0.6734375 0.90390625 0.0625 0.0421875
2 0.70859375 0.7921875 0.0515625 0.0375
2 0.76640625 0.784375 0.0609375 0.0484375
2 0.85390625 0.853125 0.0609375 0.040625
2 0.44296875 0.89765625 0.0515625 0.0296875
2 0.35625 0.88046875 0.0421875 0.040625
2 0.471875 0.92734375 0.053125 0.034375
2 0.86484375 0.77265625 0.0390625 0.0359375