2 0.284375 0.09140625 0.0359375 0.028125
2 0.44296875 0.07578125 0.0484375 0.0265625
2 0.6796875 0.15078125 0.0484375 0.0375
2 0.5546875 0.190625 0.0640625 0.0390625
2 0.3875 0.16953125 0.0578125 0.03125
2 0.2359375 0.1765625 0.0578125 0.03125
2 0.278125 0.2640625 0.0546875 0.034375
2 0.1875 0.275 0.0578125 0.0375
2 0.203125 0.35703125 0.0546875 0.028125
2 0.21640625 0.38515625 0.0375 0.025
2 0.1625 0.37421875 0.0484375 0.0359375
2 0.253125 0.46484375 0.046875 0.034375
2 0.3921875 0.3890625 0.075 0.0328125
2 0.3765625 0.27109375 0.05 0.0375
2 0.484375 0.3078125 0.0703125 0.053125
2 0.54765625 0.32734375 0.0625 0.05
2 0.7375 0.28984375 0.0515625 0.0375
2 0.8265625 0.2578125 0.0546875 0.040625
2 0.81796875 0.3375 0.0578125 0.04375
2 0.81484375 0.4765625 0.0671875 0.03125
2 0.71484375 0.5296875 0.0546875 0.046875
2 0.678125 0.39453125 0.0546875 0.03125
2 0.56875 0.459375 0.05625 0.0375
2 0.6 0.57421875 0.0515625 0.040625
2 0.47578125 0.525 0.0703125 0.034375
2 0.29921875 0.60390625 0.0640625 0.0375
2 0.23828125 0.58671875 0.0484375 0.028125
2 0.1328125 0.5671875 0.075 0.028125
2 0.07890625 0.5890625 0.0578125 0.034375
2 0.178125 0.68984375 0.040625 0.034375
2 0.25234375 0.71953125 0.0453125 0.040625
2 0.47578125 0.7515625 0.0640625 0.034375
2 0.78046875 0.70234375 0.0640625 0.03125
2 0.8390625 0.63515625 0.0390625 0.03125
2 0.86328125 0.671875 0.0421875 0.034375
2 0.9015625 0.61171875 0.0390625 0.034375
2 0.93046875 0.490625 0.0390625 0.0359375
2 0.93828125 0.353125 0.0359375 0.0359375
2 0.83828125 0.38828125 0.0390625 0.0390625
2 0.81875 0.1578125 0.0578125 0.040625
2 0.48359375 0.8375 0.0484375 0.0484375
2 0.61015625 0.8421875 0.04375 0.0328125
2 0.6421875 0.75703125 0.053125 0.0390625
2 0.71953125 0.81953125 0.05625 0.025
2 0.84921875 0.81953125 0.0359375 0.034375
2 0.796875 0.7515625 0.0421875 0.034375
2 0.3921875 0.946875 0.0625 0.0390625
2 0.35 0.83671875 0.0515625 0.034375
2 0.29140625 0.8328125 0.0609375 0.0453125
2 0.209375 0.90625 0.0609375 0.0375
2 0.62109375 0.9265625 0.05 0.0265625
2 0.70703125 0.9046875 0.0421875 0.0375
2 0.5953125 0.95859375 0.053125 0.03125
2 0.19296875 0.8265625 0.0390625 0.0328125