2 0.27734375 0.12109375 0.0359375 0.03125
2 0.43671875 0.12265625 0.05 0.03125
2 0.66796875 0.221875 0.0484375 0.0421875
2 0.5390625 0.2484375 0.0640625 0.0453125
2 0.37421875 0.209375 0.0578125 0.0375
2 0.22109375 0.20078125 0.0578125 0.0375
2 0.25625 0.2921875 0.0546875 0.040625
2 0.165625 0.29453125 0.0578125 0.04375
2 0.17421875 0.37734375 0.0546875 0.034375
2 0.18515625 0.40625 0.0390625 0.0296875
2 0.13203125 0.390625 0.0484375 0.040625
2 0.215625 0.48984375 0.046875 0.0390625
2 0.3609375 0.42890625 0.075 0.040625
2 0.3546875 0.309375 0.05 0.0421875
2 0.46015625 0.3578125 0.071875 0.0609375
2 0.52109375 0.38359375 0.0640625 0.05625
2 0.7140625 0.3671875 0.0515625 0.04375
2 0.80625 0.34375 0.0546875 0.046875
2 0.79140625 0.42265625 0.0578125 0.05
2 0.77578125 0.5609375 0.0671875 0.0390625
2 0.671875 0.603125 0.05625 0.053125
2 0.64609375 0.46484375 0.0546875 0.0375
2 0.53125 0.51796875 0.05625 0.04375
2 0.55390625 0.6359375 0.0515625 0.046875
2 0.43359375 0.5734375 0.0703125 0.0421875
2 0.25078125 0.63359375 0.0640625 0.04375
2 0.190625 0.609375 0.0484375 0.0328125
2 0.08671875 0.5796875 0.075 0.0359375
2 0.03046875 0.59609375 0.0578125 0.040625
2 0.121875 0.70625 0.040625 0.0390625
2 0.19375 0.74375 0.0453125 0.0453125
2 0.41484375 0.79921875 0.0640625 0.040625
2 0.7234375 0.78203125 0.0640625 0.0375
2 0.78828125 0.721875 0.0390625 0.0359375
2 0.80859375 0.7609375 0.0421875 0.0390625
2 0.8515625 0.7046875 0.0390625 0.0390625
2 0.890625 0.58671875 0.0390625 0.040625
2 0.91015625 0.45078125 0.0359375 0.0390625
2 0.80703125 0.47578125 0.0390625 0.04375
2 0.80625 0.24375 0.0578125 0.046875
2 0.415625 0.8859375 0.05 0.053125
2 0.5421875 0.90390625 0.04375 0.0375
2 0.58046875 0.821875 0.053125 0.0453125
2 0.653125 0.89296875 0.0578125 0.03125
2 0.7828125 0.90625 0.0359375 0.0375
2 0.7359375 0.8328125 0.0421875 0.0390625
2 0.315625 0.98125 0.0625 0.0375
2 0.28203125 0.87109375 0.0515625 0.040625
2 0.2234375 0.8609375 0.0625 0.0515625
2 0.13515625 0.92578125 0.0609375 0.04375
2 0.54609375 0.98671875 0.0515625 0.0265625
2 0.63359375 0.9765625 0.0421875 0.0421875
2 0.12578125 0.84453125 0.0390625 0.0375