2 0.28359375 0.11640625 0.034375 0.03125
2 0.4421875 0.11484375 0.0484375 0.03125
2 0.678125 0.21015625 0.046875 0.0421875
2 0.55234375 0.2390625 0.0625 0.0453125
2 0.3859375 0.203125 0.05625 0.0359375
2 0.23359375 0.196875 0.05625 0.0359375
2 0.275 0.2875 0.053125 0.0390625
2 0.184375 0.290625 0.05625 0.0421875
2 0.19921875 0.37421875 0.053125 0.0328125
2 0.2125 0.403125 0.0375 0.028125
2 0.1578125 0.3875 0.046875 0.040625
2 0.24765625 0.4859375 0.0453125 0.0390625
2 0.38828125 0.42265625 0.0734375 0.0390625
2 0.3734375 0.303125 0.0484375 0.0421875
2 0.48125 0.34921875 0.0703125 0.059375
2 0.54375 0.37421875 0.0625 0.05625
2 0.73359375 0.35390625 0.05 0.0421875
2 0.82421875 0.3296875 0.053125 0.0453125
2 0.8140625 0.40859375 0.05625 0.0484375
2 0.809375 0.546875 0.065625 0.0375
2 0.70859375 0.59140625 0.0546875 0.0515625
2 0.6734375 0.453125 0.053125 0.0359375
2 0.56328125 0.5078125 0.0546875 0.0421875
2 0.59375 0.62578125 0.05 0.0453125
2 0.4703125 0.565625 0.06875 0.040625
2 0.2921875 0.62890625 0.0625 0.04375
2 0.23125 0.60546875 0.046875 0.0328125
2 0.1265625 0.57734375 0.0734375 0.034375
2 0.071875 0.59453125 0.05625 0.0390625
2 0.16953125 0.70390625 0.0390625 0.0375
2 0.24375 0.73984375 0.04375 0.0453125
2 0.4671875 0.79140625 0.0625 0.040625
2 0.77265625 0.76875 0.0625 0.0375
2 0.83203125 0.70703125 0.0375 0.034375
2 0.85546875 0.74609375 0.040625 0.0375
2 0.89453125 0.6890625 0.0375 0.0375
2 0.925 0.57109375 0.0375 0.0390625
2 0.934375 0.434375 0.034375 0.0390625
2 0.834375 0.4609375 0.0375 0.0421875
2 0.81640625 0.22890625 0.05625 0.0453125
2 0.47421875 0.878125 0.0484375 0.053125
2 0.60078125 0.89375 0.0421875 0.0375
2 0.63359375 0.8109375 0.0515625 0.04375
2 0.71015625 0.88046875 0.05625 0.0296875
2 0.83984375 0.8921875 0.034375 0.0375
2 0.78828125 0.81953125 0.040625 0.0375
2 0.38125 0.978125 0.0609375 0.04375
2 0.340625 0.865625 0.05 0.0390625
2 0.28203125 0.85625 0.0609375 0.0515625
2 0.1984375 0.92265625 0.059375 0.04375
2 0.6109375 0.97890625 0.05 0.03125
2 0.69609375 0.9640625 0.040625 0.040625
2 0.58359375 0.9953125 0.0515625 0.009375
2 0.1828125 0.84140625 0.0375 0.0359375