2 0.2890625 0.08515625 0.0359375 0.028125
2 0.446875 0.065625 0.05 0.028125
2 0.6875 0.13515625 0.05 0.0390625
2 0.56484375 0.178125 0.065625 0.040625
2 0.39609375 0.16015625 0.059375 0.0328125
2 0.24453125 0.17109375 0.059375 0.0328125
2 0.29140625 0.2578125 0.05625 0.0359375
2 0.20234375 0.27109375 0.059375 0.0390625
2 0.221875 0.353125 0.0546875 0.0296875
2 0.23671875 0.3796875 0.0390625 0.025
2 0.18203125 0.37109375 0.05 0.0375
2 0.27734375 0.459375 0.0484375 0.0359375
2 0.4125 0.3796875 0.0765625 0.034375
2 0.390625 0.2625 0.0515625 0.0390625
2 0.50078125 0.29609375 0.0734375 0.0546875
2 0.56484375 0.31484375 0.065625 0.0515625
2 0.75234375 0.2734375 0.053125 0.0390625
2 0.83984375 0.2390625 0.05625 0.0421875
2 0.8359375 0.31875 0.059375 0.0453125
2 0.8390625 0.4578125 0.06875 0.0328125
2 0.7421875 0.51328125 0.05625 0.0484375
2 0.6984375 0.37890625 0.05625 0.0328125
2 0.59296875 0.446875 0.0578125 0.0390625
2 0.63046875 0.5609375 0.053125 0.0421875
2 0.50390625 0.51484375 0.071875 0.0359375
2 0.33125 0.59765625 0.065625 0.0390625
2 0.26875 0.58125 0.0484375 0.0296875
2 0.1625 0.5640625 0.075 0.0296875
2 0.11015625 0.58828125 0.059375 0.0359375
2 0.2140625 0.6859375 0.0421875 0.034375
2 0.28984375 0.7140625 0.046875 0.040625
2 0.51484375 0.74140625 0.065625 0.0359375
2 0.8171875 0.684375 0.065625 0.0328125
2 0.87265625 0.61640625 0.040625 0.03125
2 0.8984375 0.65234375 0.04375 0.034375
2 0.9328125 0.590625 0.040625 0.034375
2 0.95625 0.46953125 0.040625 0.0359375
2 0.95625 0.33125 0.0375 0.0359375
2 0.85859375 0.36953125 0.040625 0.0390625
2 0.8265625 0.1390625 0.059375 0.0421875
2 0.52734375 0.82734375 0.0515625 0.05
2 0.6546875 0.82890625 0.0453125 0.0328125
2 0.68203125 0.7421875 0.0546875 0.040625
2 0.7625 0.803125 0.0578125 0.0265625
2 0.8921875 0.80078125 0.0375 0.034375
2 0.8359375 0.73359375 0.04375 0.034375
2 0.4421875 0.93828125 0.0640625 0.040625
2 0.39375 0.8296875 0.053125 0.0359375
2 0.33515625 0.8265625 0.0625 0.046875
2 0.25703125 0.90234375 0.0625 0.0390625
2 0.66953125 0.91328125 0.0515625 0.028125
2 0.75390625 0.8890625 0.04375 0.0375
2 0.6453125 0.9453125 0.0546875 0.0328125
2 0.2359375 0.82265625 0.040625 0.0328125