2 0.7203125 0.1734375 0.034375 0.0328125
2 0.5609375 0.1390625 0.0484375 0.0328125
2 0.32734375 0.18515625 0.0484375 0.04375
2 0.45546875 0.23984375 0.0640625 0.046875
2 0.62109375 0.2390625 0.05625 0.0375
2 0.7734375 0.26484375 0.05625 0.0375
2 0.7359375 0.34765625 0.0546875 0.040625
2 0.8265625 0.3703125 0.0578125 0.04375
2 0.815625 0.45078125 0.053125 0.034375
2 0.803125 0.4765625 0.0375 0.0296875
2 0.85703125 0.47265625 0.0484375 0.0421875
2 0.77109375 0.55234375 0.046875 0.0390625
2 0.628125 0.459375 0.0734375 0.040625
2 0.6375 0.3421875 0.05 0.04375
2 0.53125 0.365625 0.0703125 0.0609375
2 0.46953125 0.378125 0.0625 0.0578125
2 0.278125 0.31796875 0.0515625 0.04375
2 0.18671875 0.27421875 0.0546875 0.046875
2 0.19921875 0.35546875 0.0578125 0.05
2 0.21015625 0.4953125 0.065625 0.0390625
2 0.31328125 0.5609375 0.0546875 0.053125
2 0.34296875 0.4296875 0.053125 0.0375
2 0.45546875 0.50859375 0.05625 0.04375
2 0.4296875 0.61953125 0.0515625 0.046875
2 0.5515625 0.5859375 0.0703125 0.0421875
2 0.73203125 0.6859375 0.0640625 0.0453125
2 0.7921875 0.6765625 0.046875 0.034375
2 0.896875 0.66953125 0.0734375 0.0359375
2 0.95234375 0.6984375 0.0578125 0.040625
2 0.85859375 0.7875 0.040625 0.0390625
2 0.78515625 0.8078125 0.0453125 0.0453125
2 0.56328125 0.81328125 0.0640625 0.0421875
2 0.25625 0.72578125 0.0625 0.0390625
2 0.19375 0.6515625 0.0375 0.0359375
2 0.171875 0.68515625 0.0421875 0.0390625
2 0.13046875 0.61953125 0.0390625 0.0390625
2 0.09453125 0.4953125 0.0390625 0.040625
2 0.0796875 0.35625 0.0359375 0.040625
2 0.18125 0.40390625 0.0390625 0.04375
2 0.18984375 0.175 0.0578125 0.046875
2 0.56015625 0.8984375 0.0484375 0.0546875
2 0.43359375 0.8875 0.0421875 0.0375
2 0.396875 0.79765625 0.053125 0.0453125
2 0.32265625 0.85078125 0.05625 0.03125
2 0.19296875 0.83515625 0.0359375 0.0390625
2 0.2421875 0.7734375 0.0421875 0.0390625
2 0.65703125 0.99765625 0.0625 0.0046875
2 0.69375 0.9140625 0.0515625 0.040625
2 0.75234375 0.9171875 0.0609375 0.0515625
2 0.83828125 0.9890625 0.0609375 0.021875
2 0.42734375 0.97109375 0.05 0.0328125
2 0.340625 0.93828125 0.0421875 0.0421875
2 0.4546875 0.99375 0.0515625 0.0125
2 0.85078125 0.92265625 0.0375 0.0375