2 0.7546875 0.97734375 0.0359375 0.03125
2 0.596875 0.97890625 0.05 0.03125
2 0.35859375 0.88359375 0.0484375 0.0421875
2 0.48359375 0.8546875 0.0640625 0.0453125
2 0.65078125 0.890625 0.0578125 0.0359375
2 0.803125 0.896875 0.0578125 0.0359375
2 0.759375 0.80546875 0.0546875 0.0390625
2 0.85 0.80234375 0.0578125 0.0421875
2 0.83359375 0.71875 0.0546875 0.0328125
2 0.81953125 0.690625 0.0390625 0.028125
2 0.87421875 0.70546875 0.0484375 0.040625
2 0.78203125 0.6078125 0.046875 0.0390625
2 0.64375 0.67109375 0.075 0.0390625
2 0.6609375 0.78984375 0.05 0.0421875
2 0.55234375 0.74453125 0.0703125 0.059375
2 0.4890625 0.71875 0.0625 0.05625
2 0.3 0.7390625 0.0515625 0.0421875
2 0.2109375 0.7640625 0.0546875 0.0453125
2 0.21875 0.68515625 0.0578125 0.0484375
2 0.22109375 0.546875 0.0671875 0.0375
2 0.3203125 0.50234375 0.0546875 0.0515625
2 0.35859375 0.640625 0.0546875 0.0359375
2 0.46640625 0.58515625 0.05625 0.0421875
2 0.43359375 0.46796875 0.0515625 0.0453125
2 0.55859375 0.52734375 0.0703125 0.040625
2 0.734375 0.46484375 0.0640625 0.04375
2 0.79609375 0.4875 0.0484375 0.0328125
2 0.9015625 0.51640625 0.075 0.034375
2 0.9546875 0.4984375 0.0578125 0.0390625
2 0.8546875 0.38984375 0.040625 0.0375
2 0.78046875 0.35390625 0.0453125 0.0453125
2 0.55625 0.3015625 0.0640625 0.040625
2 0.25234375 0.325 0.0640625 0.0375
2 0.19375 0.3859375 0.0390625 0.034375
2 0.16953125 0.34765625 0.0421875 0.0375
2 0.1328125 0.4046875 0.0390625 0.0375
2 0.1046875 0.52265625 0.0390625 0.0390625
2 0.0984375 0.659375 0.0359375 0.0390625
2 0.19765625 0.6328125 0.0390625 0.0421875
2 0.2203125 0.8640625 0.0578125 0.0453125
2 0.54765625 0.215625 0.0484375 0.053125
2 0.4203125 0.19921875 0.04375 0.0375
2 0.38984375 0.28203125 0.053125 0.04375
2 0.31171875 0.2125 0.0578125 0.0296875
2 0.18203125 0.2015625 0.0359375 0.0375
2 0.23515625 0.27421875 0.0421875 0.0375
2 0.6375 0.11484375 0.0625 0.0453125
2 0.68125 0.228125 0.0515625 0.0390625
2 0.73984375 0.2375 0.0609375 0.0515625
2 0.82109375 0.17109375 0.0609375 0.04375
2 0.40859375 0.1140625 0.0515625 0.03125
2 0.3234375 0.12890625 0.0421875 0.040625
2 0.434375 0.08515625 0.053125 0.0359375
2 0.83828125 0.2515625 0.0390625 0.0359375