2 0.28125 0.08984375 0.034375 0.028125
2 0.43984375 0.0734375 0.0484375 0.0265625
2 0.67421875 0.146875 0.046875 0.0375
2 0.546875 0.1875 0.0625 0.0390625
2 0.38125 0.1671875 0.05625 0.03125
2 0.228125 0.175 0.05625 0.03125
2 0.2671875 0.2625 0.053125 0.034375
2 0.1765625 0.27421875 0.05625 0.0375
2 0.1890625 0.35625 0.053125 0.028125
2 0.20078125 0.38359375 0.0375 0.025
2 0.146875 0.3734375 0.046875 0.0359375
2 0.234375 0.46328125 0.0453125 0.034375
2 0.3765625 0.38671875 0.0734375 0.0328125
2 0.365625 0.26875 0.0484375 0.0375
2 0.471875 0.3046875 0.06875 0.053125
2 0.534375 0.32421875 0.0609375 0.05
2 0.72578125 0.2859375 0.05 0.0375
2 0.81640625 0.253125 0.053125 0.040625
2 0.8046875 0.3328125 0.05625 0.04375
2 0.7953125 0.471875 0.065625 0.03125
2 0.69296875 0.52578125 0.053125 0.046875
2 0.66171875 0.390625 0.053125 0.03125
2 0.55 0.45625 0.0546875 0.0375
2 0.5765625 0.57109375 0.05 0.040625
2 0.4546875 0.52265625 0.06875 0.034375
2 0.275 0.60234375 0.0625 0.0375
2 0.2140625 0.58515625 0.046875 0.028125
2 0.11015625 0.56640625 0.0734375 0.028125
2 0.0546875 0.5890625 0.05625 0.034375
2 0.15 0.6890625 0.0390625 0.034375
2 0.22265625 0.71796875 0.04375 0.040625
2 0.4453125 0.74921875 0.0625 0.034375
2 0.75234375 0.69765625 0.0625 0.03125
2 0.8140625 0.63046875 0.0375 0.03125
2 0.8359375 0.6671875 0.040625 0.034375
2 0.8765625 0.60625 0.0375 0.034375
2 0.9109375 0.48515625 0.0375 0.0359375
2 0.92421875 0.34765625 0.034375 0.0359375
2 0.82265625 0.38359375 0.0375 0.0390625
2 0.8125 0.153125 0.05625 0.040625
2 0.45 0.83515625 0.046875 0.0484375
2 0.5765625 0.8390625 0.0421875 0.0328125
2 0.61171875 0.753125 0.0515625 0.0390625
2 0.68671875 0.815625 0.05625 0.025
2 0.81640625 0.81484375 0.034375 0.034375
2 0.76640625 0.746875 0.040625 0.034375
2 0.35390625 0.94453125 0.0609375 0.0390625
2 0.31640625 0.83515625 0.05 0.034375
2 0.2578125 0.83125 0.059375 0.0453125
2 0.17265625 0.90546875 0.059375 0.0375
2 0.58359375 0.9234375 0.05 0.0265625
2 0.6703125 0.90078125 0.040625 0.0375
2 0.55625 0.95546875 0.0515625 0.03125
2 0.159375 0.82578125 0.0375 0.0328125