2 0.7140625 0.0109375 0.0359375 0.021875
2 0.55625 0.01171875 0.05 0.0234375
2 0.3171875 0.10859375 0.0484375 0.04375
2 0.4421875 0.13515625 0.0640625 0.046875
2 0.609375 0.0953125 0.0578125 0.0375
2 0.76171875 0.08515625 0.0578125 0.0375
2 0.7171875 0.17734375 0.0546875 0.040625
2 0.8078125 0.178125 0.0578125 0.04375
2 0.790625 0.26171875 0.0546875 0.034375
2 0.7765625 0.290625 0.0390625 0.0296875
2 0.83125 0.27421875 0.0484375 0.0421875
2 0.73828125 0.37421875 0.046875 0.0390625
2 0.60078125 0.3140625 0.075 0.040625
2 0.61875 0.1953125 0.05 0.04375
2 0.51015625 0.24375 0.071875 0.0609375
2 0.446875 0.2703125 0.0625 0.0578125
2 0.2578125 0.25390625 0.0515625 0.04375
2 0.16875 0.23203125 0.0546875 0.046875
2 0.17578125 0.31015625 0.0578125 0.05
2 0.17734375 0.4484375 0.0671875 0.0390625
2 0.2765625 0.490625 0.0546875 0.053125
2 0.315625 0.3515625 0.0546875 0.0375
2 0.4234375 0.40390625 0.05625 0.04375
2 0.38984375 0.52265625 0.0515625 0.046875
2 0.51484375 0.459375 0.0703125 0.0421875
2 0.68984375 0.51875 0.0640625 0.0453125
2 0.7515625 0.49375 0.0484375 0.034375
2 0.85703125 0.46328125 0.075 0.0359375
2 0.9109375 0.4796875 0.0578125 0.040625
2 0.81015625 0.590625 0.040625 0.0390625
2 0.73515625 0.628125 0.0453125 0.0453125
2 0.5109375 0.68515625 0.0640625 0.0421875
2 0.20703125 0.66953125 0.0640625 0.0390625
2 0.14921875 0.609375 0.0390625 0.0359375
2 0.125 0.64921875 0.0421875 0.0390625
2 0.08828125 0.59296875 0.0390625 0.0390625
2 0.0609375 0.475 0.0390625 0.040625
2 0.05546875 0.3390625 0.0359375 0.040625
2 0.1546875 0.36328125 0.0390625 0.04375
2 0.17890625 0.13125 0.0578125 0.046875
2 0.5015625 0.771875 0.0484375 0.0546875
2 0.375 0.790625 0.04375 0.0375
2 0.34453125 0.70859375 0.053125 0.0453125
2 0.265625 0.78046875 0.0578125 0.03125
2 0.1359375 0.79453125 0.0359375 0.0390625
2 0.18984375 0.7203125 0.0421875 0.0390625
2 0.59140625 0.8703125 0.0625 0.046875
2 0.63515625 0.75625 0.0515625 0.040625
2 0.69375 0.7453125 0.0609375 0.0515625
2 0.775 0.81015625 0.0609375 0.04375
2 0.3625 0.87578125 0.0515625 0.0328125
2 0.27734375 0.86328125 0.0421875 0.0421875
2 0.38828125 0.9046875 0.053125 0.0375
2 0.79296875 0.72890625 0.0390625 0.0375