2 0.6171875 0.85234375 0.03125 0.03125
2 0.6265625 0.89375 0.025 0.0265625
2 0.60234375 0.52734375 0.034375 0.040625
2 0.5984375 0.68046875 0.0296875 0.034375
2 0.5953125 0.73125 0.0375 0.03125
2 0.69453125 0.7296875 0.0296875 0.021875
2 0.5484375 0.47109375 0.0234375 0.021875
2 0.5921875 0.16796875 0.0296875 0.034375
2 0.5671875 0.15234375 0.021875 0.0296875
2 0.48203125 0.62734375 0.028125 0.0265625
2 0.534375 0.64296875 0.03125 0.021875
2 0.53203125 0.6921875 0.025 0.034375
2 0.496875 0.74765625 0.028125 0.025