2 0.7 0.84453125 0.0296875 0.03125
2 0.7140625 0.8859375 0.0234375 0.0265625
2 0.6515625 0.51953125 0.0328125 0.040625
2 0.66328125 0.67265625 0.0265625 0.0328125
2 0.665625 0.7234375 0.0359375 0.03125
2 0.7640625 0.72109375 0.028125 0.0203125
2 0.5921875 0.4640625 0.021875 0.021875
2 0.60390625 0.1609375 0.0265625 0.0328125
2 0.57734375 0.1453125 0.0203125 0.0296875
2 0.5421875 0.62109375 0.0265625 0.025
2 0.59609375 0.6359375 0.0296875 0.021875
2 0.59921875 0.68515625 0.021875 0.034375
2 0.5703125 0.74140625 0.0265625 0.0234375