2 0.26328125 0.759375 0.03125 0.0328125
2 0.24765625 0.8 0.025 0.0265625
2 0.3265625 0.43359375 0.034375 0.040625
2 0.3078125 0.58671875 0.028125 0.034375
2 0.303125 0.6375 0.0375 0.03125
2 0.20546875 0.63671875 0.0296875 0.021875
2 0.38828125 0.37734375 0.0234375 0.021875
2 0.390625 0.07421875 0.028125 0.034375
2 0.41796875 0.05859375 0.021875 0.0296875
2 0.43046875 0.534375 0.028125 0.0265625
2 0.3765625 0.54921875 0.03125 0.021875
2 0.37109375 0.5984375 0.0234375 0.034375
2 0.39765625 0.6546875 0.028125 0.025