2 0.25 0.8078125 0.0328125 0.03125
2 0.2328125 0.846875 0.025 0.0265625
2 0.31875 0.48828125 0.034375 0.0390625
2 0.296875 0.63984375 0.0296875 0.0328125
2 0.29140625 0.690625 0.0390625 0.0296875
2 0.19375 0.675 0.0296875 0.0203125
2 0.38046875 0.440625 0.0234375 0.021875
2 0.38828125 0.13515625 0.0296875 0.0328125
2 0.41640625 0.1234375 0.0234375 0.0296875
2 0.4203125 0.60546875 0.028125 0.025
2 0.36640625 0.6125 0.03125 0.0203125
2 0.36015625 0.66171875 0.025 0.034375
2 0.38515625 0.721875 0.028125 0.0234375