2 0.3140625 0.7578125 0.0296875 0.0328125
2 0.30078125 0.7984375 0.0234375 0.0265625
2 0.35703125 0.43125 0.03125 0.040625
2 0.346875 0.584375 0.0265625 0.034375
2 0.34609375 0.6359375 0.0359375 0.03125
2 0.24765625 0.63515625 0.028125 0.021875
2 0.41484375 0.375 0.021875 0.021875
2 0.39765625 0.071875 0.0265625 0.034375
2 0.42421875 0.05625 0.0203125 0.0296875
2 0.46796875 0.53125 0.0265625 0.0265625
2 0.41484375 0.546875 0.0296875 0.021875
2 0.41171875 0.59609375 0.021875 0.034375
2 0.4421875 0.6515625 0.0265625 0.025