2 0.73203125 0.7171875 0.03125 0.03125
2 0.74765625 0.75625 0.025 0.028125
2 0.6703125 0.4 0.034375 0.040625
2 0.6890625 0.5515625 0.028125 0.034375
2 0.69296875 0.60234375 0.0375 0.03125
2 0.790625 0.58125 0.0296875 0.021875
2 0.609375 0.35546875 0.0234375 0.021875
2 0.60859375 0.0484375 0.028125 0.034375
2 0.58125 0.03828125 0.021875 0.0296875
2 0.565625 0.52265625 0.028125 0.0265625
2 0.61953125 0.52734375 0.03125 0.021875
2 0.625 0.57578125 0.0234375 0.034375
2 0.5984375 0.6375 0.028125 0.025