2 0.3375 0.80546875 0.0296875 0.03125
2 0.325 0.84453125 0.0234375 0.0265625
2 0.3703125 0.4859375 0.0328125 0.0390625
2 0.36484375 0.63828125 0.0265625 0.0328125
2 0.365625 0.68828125 0.0359375 0.0296875
2 0.2671875 0.6734375 0.028125 0.0203125
2 0.4265625 0.43828125 0.021875 0.021875
2 0.40078125 0.1328125 0.0265625 0.0328125
2 0.42734375 0.12109375 0.0203125 0.0296875
2 0.484375 0.603125 0.0265625 0.025
2 0.43203125 0.61015625 0.0296875 0.0203125
2 0.43046875 0.659375 0.021875 0.034375
2 0.4625 0.71953125 0.0265625 0.0234375