2 0.26796875 0.76484375 0.03125 0.03125
2 0.25234375 0.80546875 0.025 0.0265625
2 0.3296875 0.43984375 0.034375 0.040625
2 0.3109375 0.59296875 0.028125 0.0328125
2 0.30703125 0.64375 0.0375 0.03125
2 0.209375 0.64140625 0.0296875 0.0203125
2 0.390625 0.38515625 0.0234375 0.021875
2 0.39140625 0.08125 0.028125 0.0328125
2 0.41875 0.06640625 0.021875 0.0296875
2 0.434375 0.5421875 0.028125 0.025
2 0.38046875 0.55625 0.03125 0.0203125
2 0.375 0.60625 0.0234375 0.034375
2 0.4015625 0.6625 0.028125 0.0234375