2 0.27265625 0.78515625 0.03125 0.0296875
2 0.25703125 0.825 0.025 0.025
2 0.33203125 0.46328125 0.0328125 0.0375
2 0.31484375 0.615625 0.028125 0.03125
2 0.3109375 0.66640625 0.0375 0.028125
2 0.21328125 0.65703125 0.0296875 0.01875
2 0.39296875 0.41171875 0.0234375 0.0203125
2 0.3921875 0.10703125 0.028125 0.03125
2 0.41953125 0.09375 0.021875 0.028125
2 0.4375 0.57265625 0.028125 0.0234375
2 0.38359375 0.58359375 0.03125 0.01875
2 0.378125 0.6328125 0.0234375 0.0328125
2 0.40546875 0.690625 0.028125 0.021875