2 0.72734375 0.83671875 0.03125 0.0296875
2 0.74296875 0.87734375 0.025 0.0265625
2 0.66796875 0.51171875 0.0328125 0.0390625
2 0.68515625 0.66484375 0.028125 0.0328125
2 0.6890625 0.715625 0.0375 0.03125
2 0.78671875 0.7125 0.0296875 0.0203125
2 0.60703125 0.45703125 0.0234375 0.021875
2 0.6078125 0.15390625 0.028125 0.0328125
2 0.58046875 0.13828125 0.021875 0.0296875
2 0.5625 0.61484375 0.028125 0.025
2 0.61640625 0.62890625 0.03125 0.0203125
2 0.621875 0.678125 0.0234375 0.034375
2 0.59453125 0.73515625 0.028125 0.0234375