2 0.6625 0.74140625 0.0296875 0.0296875
2 0.675 0.78046875 0.0234375 0.0265625
2 0.6296875 0.42265625 0.0328125 0.0390625
2 0.63515625 0.57421875 0.0265625 0.0328125
2 0.634375 0.625 0.0359375 0.03125
2 0.7328125 0.6078125 0.028125 0.0203125
2 0.5734375 0.37578125 0.021875 0.021875
2 0.59921875 0.06953125 0.0265625 0.0328125
2 0.57265625 0.05859375 0.0203125 0.0296875
2 0.515625 0.54140625 0.0265625 0.025
2 0.56796875 0.54765625 0.0296875 0.0203125
2 0.56953125 0.596875 0.021875 0.034375
2 0.5375 0.65703125 0.0265625 0.0234375