2 0.62578125 0.74140625 0.03125 0.0296875
2 0.63671875 0.78046875 0.025 0.0265625
2 0.6078125 0.42265625 0.034375 0.0390625
2 0.60625 0.57421875 0.028125 0.0328125
2 0.603125 0.625 0.0375 0.03125
2 0.70234375 0.6078125 0.0296875 0.0203125
2 0.55390625 0.37578125 0.0234375 0.021875
2 0.59375 0.06953125 0.028125 0.0328125
2 0.56796875 0.05859375 0.021875 0.0296875
2 0.48828125 0.54140625 0.028125 0.025
2 0.540625 0.54765625 0.03125 0.0203125
2 0.53984375 0.596875 0.0234375 0.034375
2 0.50546875 0.65703125 0.028125 0.0234375