2 0.84375 0.4765625 0.0265625 0.0375
2 0.77578125 0.4890625 0.0265625 0.0328125
2 0.70078125 0.48671875 0.0296875 0.0359375
2 0.66015625 0.49140625 0.0203125 0.0359375
2 0.62734375 0.5234375 0.0265625 0.0328125
2 0.65390625 0.53515625 0.0265625 0.040625
2 0.68515625 0.53828125 0.0265625 0.0421875
2 0.715625 0.55 0.0234375 0.0296875
2 0.67265625 0.61953125 0.028125 0.0453125
2 0.64453125 0.60625 0.0265625 0.0484375
2 0.77109375 0.67109375 0.028125 0.0484375
2 0.7765625 0.565625 0.0265625 0.0328125
2 0.76875 0.51875 0.021875 0.0296875
2 0.82421875 0.53046875 0.0234375 0.0390625
2 0.88125 0.53359375 0.03125 0.0359375
2 0.87109375 0.59140625 0.0234375 0.0515625
2 0.840625 0.578125 0.0203125 0.0328125
2 0.809375 0.57109375 0.0234375 0.0453125
2 0.8140625 0.64140625 0.025 0.0390625
2 0.84609375 0.6484375 0.0234375 0.0359375
2 0.8609375 0.6703125 0.0234375 0.0484375
2 0.88515625 0.66796875 0.025 0.0375
2 0.859375 0.7875 0.0203125 0.034375
2 0.8171875 0.76953125 0.0234375 0.04375
2 0.784375 0.75859375 0.0296875 0.0546875
2 0.75078125 0.75234375 0.0265625 0.0546875
2 0.69140625 0.68046875 0.0171875 0.0328125
2 0.73671875 0.68671875 0.0265625 0.04375
2 0.7453125 0.61875 0.025 0.0421875
2 0.68984375 0.68046875 0.0234375 0.0328125
2 0.709375 0.73984375 0.0265625 0.03125
2 0.73671875 0.70703125 0.0203125 0.0296875
2 0.671875 0.7359375 0.0265625 0.0375
2 0.6390625 0.7328125 0.0265625 0.0296875