2 0.159375 0.5734375 0.0265625 0.0375
2 0.22578125 0.553125 0.0265625 0.0328125
2 0.30078125 0.54765625 0.0296875 0.0359375
2 0.34140625 0.5390625 0.0203125 0.034375
2 0.37109375 0.50390625 0.0265625 0.0328125
2 0.34375 0.49453125 0.0265625 0.040625
2 0.3125 0.4953125 0.0265625 0.0421875
2 0.28125 0.4859375 0.0234375 0.0296875
2 0.31875 0.4125 0.028125 0.0453125
2 0.3484375 0.4234375 0.0265625 0.0484375
2 0.2171875 0.37109375 0.028125 0.0484375
2 0.21953125 0.4765625 0.0265625 0.0328125
2 0.23125 0.5234375 0.021875 0.0296875
2 0.17421875 0.5171875 0.0234375 0.0390625
2 0.1171875 0.5203125 0.03125 0.0359375
2 0.1234375 0.4609375 0.0234375 0.0515625
2 0.1546875 0.471875 0.0203125 0.03125
2 0.18671875 0.475 0.0234375 0.0453125
2 0.17578125 0.40625 0.025 0.0390625
2 0.14375 0.4015625 0.0234375 0.0359375
2 0.12734375 0.38203125 0.0234375 0.0484375
2 0.103125 0.38671875 0.025 0.0375
2 0.1203125 0.26484375 0.0203125 0.0328125
2 0.1640625 0.278125 0.0234375 0.04375
2 0.196875 0.2859375 0.0296875 0.0546875
2 0.23046875 0.2890625 0.0265625 0.0546875
2 0.2953125 0.35390625 0.0171875 0.03125
2 0.25 0.353125 0.0265625 0.04375
2 0.24609375 0.42109375 0.025 0.0421875
2 0.296875 0.35390625 0.0234375 0.0328125
2 0.2734375 0.29609375 0.0265625 0.03125
2 0.2484375 0.3328125 0.0203125 0.028125
2 0.3109375 0.29609375 0.0265625 0.0375
2 0.34375 0.296875 0.0265625 0.0296875