2 0.5640625 0.82734375 0.0359375 0.0265625
2 0.54765625 0.7609375 0.03125 0.0265625
2 0.546875 0.6859375 0.034375 0.0296875
2 0.540625 0.64609375 0.034375 0.0203125
2 0.50703125 0.61640625 0.03125 0.0265625
2 0.49609375 0.64453125 0.0390625 0.0265625
2 0.49453125 0.67578125 0.040625 0.028125
2 0.484375 0.70703125 0.028125 0.0234375
2 0.4125 0.67109375 0.04375 0.0296875
2 0.425 0.64140625 0.046875 0.028125
2 0.365625 0.77421875 0.046875 0.0296875
2 0.47109375 0.76953125 0.03125 0.0265625
2 0.51796875 0.75625 0.028125 0.021875
2 0.50859375 0.81328125 0.0375 0.0234375
2 0.50859375 0.8703125 0.034375 0.03125
2 0.45 0.865625 0.05 0.025
2 0.4625 0.83359375 0.03125 0.0203125
2 0.4671875 0.80234375 0.04375 0.025
2 0.39765625 0.8140625 0.0375 0.025
2 0.3921875 0.846875 0.034375 0.0234375
2 0.37109375 0.86328125 0.046875 0.025
2 0.375 0.8875 0.0359375 0.025
2 0.25390625 0.8734375 0.0328125 0.0203125
2 0.26953125 0.8296875 0.0421875 0.025
2 0.2796875 0.79609375 0.053125 0.03125
2 0.284375 0.7625 0.053125 0.028125
2 0.353125 0.69609375 0.03125 0.0171875
2 0.34921875 0.74140625 0.0421875 0.028125
2 0.4171875 0.74375 0.040625 0.0265625
2 0.353125 0.69453125 0.03125 0.0234375
2 0.29453125 0.71953125 0.0296875 0.0265625
2 0.32890625 0.74296875 0.028125 0.0203125
2 0.29609375 0.68203125 0.0359375 0.0265625
2 0.2984375 0.64921875 0.028125 0.0265625