2 0.14609375 0.57265625 0.025 0.0375
2 0.2125 0.55234375 0.025 0.0328125
2 0.2875 0.54609375 0.028125 0.0359375
2 0.328125 0.5375 0.01875 0.0359375
2 0.359375 0.5015625 0.025 0.0328125
2 0.33203125 0.49296875 0.025 0.040625
2 0.30078125 0.49296875 0.025 0.0421875
2 0.26953125 0.484375 0.021875 0.0296875
2 0.30859375 0.4109375 0.0265625 0.0453125
2 0.33828125 0.42109375 0.025 0.0484375
2 0.20859375 0.3703125 0.0265625 0.0484375
2 0.2078125 0.47578125 0.025 0.0328125
2 0.21875 0.521875 0.0203125 0.0296875
2 0.1625 0.51640625 0.021875 0.0390625
2 0.10546875 0.51953125 0.0296875 0.0359375
2 0.1125 0.4609375 0.021875 0.0515625
2 0.14375 0.47109375 0.01875 0.0328125
2 0.175 0.47421875 0.021875 0.0453125
2 0.16640625 0.4046875 0.0234375 0.0390625
2 0.134375 0.40078125 0.021875 0.0359375
2 0.11875 0.38125 0.021875 0.0484375
2 0.09453125 0.38671875 0.0234375 0.0375
2 0.1140625 0.2640625 0.01875 0.034375
2 0.15703125 0.27734375 0.021875 0.04375
2 0.18984375 0.28515625 0.028125 0.0546875
2 0.2234375 0.2875 0.025 0.0546875
2 0.28671875 0.35234375 0.015625 0.03125
2 0.24140625 0.3515625 0.025 0.04375
2 0.2359375 0.41953125 0.0234375 0.0421875
2 0.28828125 0.35234375 0.021875 0.0328125
2 0.26640625 0.29453125 0.025 0.03125
2 0.240625 0.33125 0.01875 0.0296875
2 0.30390625 0.29453125 0.025 0.0375
2 0.33671875 0.29453125 0.025 0.0296875