2 0.64921875 0.83359375 0.0375 0.0265625
2 0.6265625 0.76796875 0.0328125 0.0265625
2 0.61796875 0.69296875 0.0359375 0.0296875
2 0.6078125 0.65234375 0.0359375 0.0203125
2 0.57109375 0.62265625 0.0328125 0.0265625
2 0.5625 0.65078125 0.040625 0.0265625
2 0.56484375 0.68203125 0.0421875 0.0265625
2 0.55703125 0.7125 0.0296875 0.0234375
2 0.48203125 0.6765625 0.0453125 0.028125
2 0.49140625 0.646875 0.0484375 0.0265625
2 0.44453125 0.778125 0.0484375 0.028125
2 0.55 0.775 0.0328125 0.0265625
2 0.59609375 0.7625 0.0296875 0.021875
2 0.5921875 0.81953125 0.0390625 0.0234375
2 0.59765625 0.8765625 0.0375 0.03125
2 0.53828125 0.87109375 0.0515625 0.0234375
2 0.54765625 0.83984375 0.0328125 0.0203125
2 0.55 0.8078125 0.0453125 0.0234375
2 0.48125 0.81875 0.0390625 0.025
2 0.478125 0.8515625 0.0359375 0.0234375
2 0.459375 0.86796875 0.0484375 0.0234375
2 0.46484375 0.8921875 0.0375 0.025
2 0.3421875 0.8765625 0.034375 0.0203125
2 0.353125 0.8328125 0.04375 0.0234375
2 0.36015625 0.79921875 0.0546875 0.03125
2 0.3609375 0.765625 0.0546875 0.028125
2 0.42421875 0.7 0.0328125 0.0171875
2 0.425 0.7453125 0.04375 0.0265625
2 0.49296875 0.7484375 0.0421875 0.025
2 0.42421875 0.6984375 0.0328125 0.0234375
2 0.3671875 0.7234375 0.03125 0.0265625
2 0.4046875 0.74765625 0.0296875 0.0203125
2 0.365625 0.6859375 0.0375 0.0265625
2 0.36484375 0.653125 0.0296875 0.0265625