2 0.52890625 0.8203125 0.0375 0.028125
2 0.515625 0.7546875 0.0328125 0.0265625
2 0.5171875 0.6796875 0.0359375 0.03125
2 0.5125 0.63984375 0.0359375 0.021875
2 0.48046875 0.6109375 0.0328125 0.0265625
2 0.46875 0.6390625 0.040625 0.028125
2 0.465625 0.6703125 0.0421875 0.028125
2 0.45390625 0.7015625 0.0296875 0.0234375
2 0.384375 0.66640625 0.0453125 0.0296875
2 0.39765625 0.63671875 0.0484375 0.028125
2 0.33359375 0.76953125 0.0484375 0.0296875
2 0.4390625 0.7640625 0.0328125 0.0265625
2 0.4859375 0.75 0.0296875 0.021875
2 0.47421875 0.80703125 0.0390625 0.025
2 0.471875 0.8640625 0.0359375 0.0328125
2 0.41328125 0.86015625 0.0515625 0.025
2 0.42734375 0.828125 0.0328125 0.0203125
2 0.43359375 0.796875 0.0453125 0.025
2 0.3640625 0.809375 0.0390625 0.0265625
2 0.35625 0.8421875 0.0359375 0.025
2 0.33515625 0.85859375 0.0484375 0.025
2 0.3375 0.8828125 0.0375 0.0265625
2 0.21796875 0.8703125 0.034375 0.0203125
2 0.23515625 0.8265625 0.04375 0.025
2 0.24609375 0.79296875 0.0546875 0.03125
2 0.25234375 0.75859375 0.0546875 0.028125
2 0.32421875 0.69140625 0.0328125 0.0171875
2 0.31796875 0.7375 0.04375 0.028125
2 0.3859375 0.73828125 0.0421875 0.0265625
2 0.32421875 0.68984375 0.0328125 0.0234375
2 0.2640625 0.71640625 0.03125 0.0265625
2 0.29765625 0.7390625 0.0296875 0.0203125
2 0.26796875 0.678125 0.0375 0.028125
2 0.27109375 0.6453125 0.0296875 0.0265625