2 0.14921875 0.565625 0.025 0.0375
2 0.21640625 0.5421875 0.025 0.0328125
2 0.290625 0.5328125 0.028125 0.0375
2 0.33125 0.52265625 0.01875 0.0359375
2 0.3625 0.48515625 0.025 0.0328125
2 0.334375 0.47734375 0.025 0.040625
2 0.303125 0.4796875 0.025 0.0421875
2 0.27265625 0.471875 0.021875 0.0296875
2 0.3109375 0.396875 0.0265625 0.046875
2 0.340625 0.40546875 0.0265625 0.0484375
2 0.21015625 0.3609375 0.028125 0.05
2 0.2109375 0.46640625 0.025 0.0328125
2 0.221875 0.5125 0.0203125 0.0296875
2 0.165625 0.50859375 0.021875 0.0390625
2 0.10859375 0.51484375 0.0296875 0.0375
2 0.11484375 0.45546875 0.0234375 0.0515625
2 0.146875 0.4640625 0.01875 0.0328125
2 0.178125 0.46640625 0.021875 0.0453125
2 0.16875 0.39765625 0.0234375 0.0390625
2 0.13671875 0.3953125 0.021875 0.0359375
2 0.12109375 0.37578125 0.0234375 0.0484375
2 0.096875 0.38203125 0.0234375 0.0375
2 0.115625 0.259375 0.01875 0.034375
2 0.15859375 0.2703125 0.021875 0.04375
2 0.1921875 0.2765625 0.0296875 0.05625
2 0.22578125 0.27734375 0.0265625 0.0546875
2 0.2890625 0.3390625 0.015625 0.0328125
2 0.24375 0.340625 0.025 0.04375
2 0.2390625 0.40859375 0.0234375 0.0421875
2 0.290625 0.3390625 0.021875 0.0328125
2 0.26796875 0.2828125 0.025 0.03125
2 0.24296875 0.3203125 0.01875 0.0296875
2 0.30546875 0.28046875 0.025 0.0375
2 0.33828125 0.27890625 0.025 0.0296875