2 0.12890625 0.5625 0.025 0.0390625
2 0.19609375 0.5375 0.025 0.034375
2 0.271875 0.5265625 0.028125 0.0375
2 0.3125 0.51484375 0.01875 0.0359375
2 0.34375 0.4765625 0.025 0.034375
2 0.3171875 0.46953125 0.025 0.0421875
2 0.2859375 0.47265625 0.025 0.04375
2 0.25546875 0.465625 0.021875 0.03125
2 0.296875 0.38984375 0.0265625 0.046875
2 0.325 0.39765625 0.0265625 0.05
2 0.19765625 0.35546875 0.028125 0.05
2 0.19375 0.46171875 0.025 0.034375
2 0.203125 0.50703125 0.0203125 0.03125
2 0.146875 0.50546875 0.021875 0.040625
2 0.08984375 0.5125 0.0296875 0.0375
2 0.09921875 0.453125 0.0234375 0.053125
2 0.1296875 0.4609375 0.01875 0.0328125
2 0.1609375 0.4625 0.021875 0.046875
2 0.1546875 0.39375 0.0234375 0.040625
2 0.12265625 0.3921875 0.021875 0.0375
2 0.10703125 0.3734375 0.0234375 0.05
2 0.0828125 0.38046875 0.0234375 0.0390625
2 0.10625 0.25625 0.01875 0.034375
2 0.14921875 0.26640625 0.021875 0.0453125
2 0.18125 0.271875 0.0296875 0.05625
2 0.21484375 0.271875 0.0265625 0.05625
2 0.2765625 0.3328125 0.015625 0.0328125
2 0.23125 0.334375 0.025 0.0453125
2 0.2234375 0.403125 0.0234375 0.04375
2 0.278125 0.33203125 0.021875 0.034375
2 0.25703125 0.2765625 0.025 0.0328125
2 0.23046875 0.31484375 0.01875 0.0296875
2 0.29453125 0.2734375 0.025 0.0390625
2 0.32734375 0.27109375 0.025 0.03125