2 0.121875 0.565625 0.0265625 0.0375
2 0.18984375 0.5421875 0.0265625 0.0328125
2 0.26484375 0.5328125 0.0296875 0.0375
2 0.30546875 0.52265625 0.0203125 0.0359375
2 0.33828125 0.48515625 0.0265625 0.0328125
2 0.3109375 0.47734375 0.0265625 0.040625
2 0.2796875 0.4796875 0.0265625 0.0421875
2 0.24921875 0.471875 0.0234375 0.0296875
2 0.29140625 0.396875 0.028125 0.046875
2 0.3203125 0.40546875 0.0265625 0.0484375
2 0.19296875 0.3609375 0.028125 0.05
2 0.18828125 0.46640625 0.0265625 0.0328125
2 0.196875 0.5125 0.021875 0.0296875
2 0.14140625 0.50859375 0.0234375 0.0390625
2 0.08359375 0.51484375 0.03125 0.0375
2 0.09375 0.45546875 0.0234375 0.0515625
2 0.12421875 0.4640625 0.0203125 0.0328125
2 0.15546875 0.46640625 0.0234375 0.0453125
2 0.15 0.39765625 0.025 0.0390625
2 0.11796875 0.3953125 0.0234375 0.0359375
2 0.103125 0.37578125 0.0234375 0.0484375
2 0.078125 0.38203125 0.025 0.0375
2 0.103125 0.259375 0.0203125 0.034375
2 0.1453125 0.2703125 0.0234375 0.04375
2 0.178125 0.2765625 0.0296875 0.05625
2 0.21171875 0.27734375 0.0265625 0.0546875
2 0.271875 0.3390625 0.0171875 0.0328125
2 0.2265625 0.340625 0.0265625 0.04375
2 0.21875 0.40859375 0.025 0.0421875
2 0.2734375 0.3390625 0.0234375 0.0328125
2 0.25390625 0.2828125 0.0265625 0.03125
2 0.2265625 0.3203125 0.0203125 0.0296875
2 0.29140625 0.28046875 0.0265625 0.0375
2 0.3234375 0.27890625 0.0265625 0.0296875