2 0.85390625 0.44140625 0.025 0.0359375
2 0.7859375 0.45703125 0.025 0.03125
2 0.7109375 0.45703125 0.028125 0.034375
2 0.6703125 0.46328125 0.01875 0.034375
2 0.63828125 0.496875 0.025 0.03125
2 0.665625 0.5078125 0.025 0.0390625
2 0.696875 0.509375 0.025 0.040625
2 0.72734375 0.5203125 0.021875 0.028125
2 0.6859375 0.59140625 0.0265625 0.04375
2 0.65703125 0.57890625 0.0265625 0.046875
2 0.78515625 0.6390625 0.028125 0.046875
2 0.78828125 0.53359375 0.025 0.03125
2 0.7796875 0.4859375 0.0203125 0.028125
2 0.83515625 0.49609375 0.021875 0.0375
2 0.8921875 0.496875 0.0296875 0.034375
2 0.88359375 0.55546875 0.0234375 0.05
2 0.85234375 0.54296875 0.01875 0.03125
2 0.82109375 0.5375 0.021875 0.04375
2 0.828125 0.60703125 0.0234375 0.0375
2 0.86015625 0.61328125 0.021875 0.034375
2 0.875 0.63359375 0.0234375 0.046875
2 0.89921875 0.63046875 0.0234375 0.0359375
2 0.8765625 0.75078125 0.01875 0.0328125
2 0.83359375 0.73515625 0.021875 0.0421875
2 0.80078125 0.725 0.0296875 0.053125
2 0.7671875 0.7203125 0.0265625 0.053125
2 0.70625 0.65078125 0.015625 0.03125
2 0.7515625 0.65546875 0.025 0.0421875
2 0.75859375 0.5875 0.0234375 0.040625
2 0.7046875 0.65078125 0.021875 0.03125
2 0.72578125 0.71015625 0.025 0.0296875
2 0.7515625 0.67578125 0.01875 0.028125
2 0.68828125 0.7078125 0.025 0.0359375
2 0.65546875 0.70546875 0.025 0.028125