2 0.16953125 0.571875 0.0265625 0.0375
2 0.2359375 0.55078125 0.0265625 0.0328125
2 0.3109375 0.54453125 0.0296875 0.0359375
2 0.35078125 0.53515625 0.0203125 0.0359375
2 0.38046875 0.49921875 0.0265625 0.0328125
2 0.35234375 0.490625 0.0265625 0.040625
2 0.32109375 0.49140625 0.0265625 0.0421875
2 0.28984375 0.4828125 0.0234375 0.0296875
2 0.3265625 0.409375 0.028125 0.0453125
2 0.35546875 0.41953125 0.028125 0.0484375
2 0.2234375 0.36875 0.0296875 0.0484375
2 0.228125 0.47421875 0.0265625 0.0328125
2 0.240625 0.52109375 0.021875 0.0296875
2 0.18359375 0.515625 0.0234375 0.0390625
2 0.1265625 0.51875 0.03125 0.0359375
2 0.13125 0.46015625 0.025 0.0515625
2 0.16328125 0.4703125 0.0203125 0.0328125
2 0.19453125 0.4734375 0.0234375 0.0453125
2 0.18359375 0.40390625 0.025 0.0390625
2 0.15078125 0.4 0.0234375 0.0359375
2 0.134375 0.38046875 0.025 0.0484375
2 0.11015625 0.3859375 0.025 0.0375
2 0.125 0.2640625 0.0203125 0.034375
2 0.16875 0.2765625 0.0234375 0.04375
2 0.20234375 0.28359375 0.03125 0.0546875
2 0.2359375 0.2859375 0.028125 0.0546875
2 0.30234375 0.35078125 0.0171875 0.0328125
2 0.25625 0.35 0.0265625 0.04375
2 0.25390625 0.41796875 0.025 0.0421875
2 0.30390625 0.35078125 0.0234375 0.0328125
2 0.27890625 0.29296875 0.0265625 0.03125
2 0.2546875 0.3296875 0.0203125 0.0296875
2 0.31640625 0.29296875 0.0265625 0.0375
2 0.34921875 0.29296875 0.0265625 0.0296875