2 0.10859375 0.56171875 0.0265625 0.0390625
2 0.1765625 0.53671875 0.0265625 0.034375
2 0.2515625 0.525 0.0296875 0.0375
2 0.29296875 0.5125 0.0203125 0.0359375
2 0.32578125 0.475 0.0265625 0.034375
2 0.29921875 0.46796875 0.0265625 0.0421875
2 0.26796875 0.47109375 0.0265625 0.04375
2 0.23828125 0.4640625 0.0234375 0.03125
2 0.28125 0.3875 0.028125 0.046875
2 0.31015625 0.39609375 0.028125 0.05
2 0.184375 0.3546875 0.0296875 0.05
2 0.1765625 0.46015625 0.0265625 0.034375
2 0.184375 0.50625 0.021875 0.03125
2 0.12890625 0.50390625 0.0234375 0.040625
2 0.071875 0.51171875 0.03125 0.0375
2 0.0828125 0.45234375 0.025 0.053125
2 0.11328125 0.46015625 0.0203125 0.0328125
2 0.14453125 0.4609375 0.0234375 0.046875
2 0.13984375 0.39296875 0.025 0.040625
2 0.10859375 0.39140625 0.0234375 0.0375
2 0.09375 0.37265625 0.025 0.05
2 0.06953125 0.3796875 0.025 0.0390625
2 0.096875 0.25625 0.0203125 0.034375
2 0.1390625 0.265625 0.0234375 0.0453125
2 0.17109375 0.27109375 0.03125 0.05625
2 0.2046875 0.2703125 0.028125 0.05625
2 0.26328125 0.33125 0.0171875 0.0328125
2 0.21875 0.33359375 0.0265625 0.0453125
2 0.20859375 0.40234375 0.025 0.04375
2 0.26484375 0.33046875 0.0234375 0.034375
2 0.24609375 0.275 0.0265625 0.0328125
2 0.21875 0.31328125 0.0203125 0.0296875
2 0.28359375 0.271875 0.0265625 0.0390625
2 0.31640625 0.26953125 0.0265625 0.03125