2 0.18984375 0.5828125 0.028125 0.0359375
2 0.25546875 0.56796875 0.028125 0.03125
2 0.33046875 0.5671875 0.03125 0.0359375
2 0.3703125 0.56171875 0.021875 0.034375
2 0.3984375 0.528125 0.028125 0.03125
2 0.3703125 0.5171875 0.028125 0.0390625
2 0.3390625 0.515625 0.028125 0.040625
2 0.3078125 0.5046875 0.025 0.028125
2 0.34140625 0.43359375 0.0296875 0.04375
2 0.37109375 0.44609375 0.0296875 0.046875
2 0.2375 0.3859375 0.03125 0.046875
2 0.24453125 0.49140625 0.028125 0.03125
2 0.259375 0.53828125 0.0234375 0.028125
2 0.20234375 0.528125 0.025 0.0375
2 0.1453125 0.52734375 0.0328125 0.0359375
2 0.14765625 0.46875 0.0265625 0.05
2 0.1796875 0.48125 0.021875 0.03125
2 0.21171875 0.48671875 0.025 0.04375
2 0.19765625 0.4171875 0.0265625 0.0375
2 0.165625 0.4109375 0.025 0.034375
2 0.14765625 0.38984375 0.0265625 0.046875
2 0.12421875 0.39296875 0.0265625 0.0359375
2 0.134375 0.27265625 0.021875 0.0328125
2 0.17890625 0.2890625 0.025 0.0421875
2 0.2125 0.29921875 0.0328125 0.0546875
2 0.24609375 0.30390625 0.0296875 0.053125
2 0.31484375 0.37421875 0.01875 0.03125
2 0.26953125 0.36953125 0.028125 0.0421875
2 0.26875 0.4375 0.0265625 0.040625
2 0.31640625 0.37421875 0.025 0.03125
2 0.2890625 0.31484375 0.028125 0.0296875
2 0.26640625 0.34921875 0.021875 0.028125
2 0.32734375 0.3171875 0.028125 0.0359375
2 0.36015625 0.31953125 0.028125 0.028125