2 0.10546875 0.590625 0.0265625 0.0375
2 0.1734375 0.57890625 0.0265625 0.0328125
2 0.2484375 0.58203125 0.0296875 0.0359375
2 0.28984375 0.57890625 0.0203125 0.0359375
2 0.32265625 0.546875 0.0265625 0.0328125
2 0.29609375 0.534375 0.0265625 0.040625
2 0.26484375 0.53125 0.028125 0.0421875
2 0.23515625 0.51875 0.0234375 0.0296875
2 0.27890625 0.45 0.0296875 0.0453125
2 0.30703125 0.4640625 0.028125 0.0484375
2 0.18203125 0.39609375 0.0296875 0.0484375
2 0.17421875 0.5015625 0.0265625 0.0328125
2 0.18125 0.54921875 0.021875 0.0296875
2 0.12578125 0.5359375 0.0234375 0.0390625
2 0.06875 0.53203125 0.03125 0.0375
2 0.0796875 0.47421875 0.025 0.0515625
2 0.11015625 0.48828125 0.0203125 0.0328125
2 0.14140625 0.49609375 0.025 0.0453125
2 0.1375 0.42578125 0.025 0.0390625
2 0.10625 0.41796875 0.0234375 0.0359375
2 0.09140625 0.39609375 0.025 0.0484375
2 0.0671875 0.39765625 0.025 0.0375
2 0.0953125 0.27890625 0.0203125 0.034375
2 0.1375 0.296875 0.025 0.04375
2 0.16953125 0.309375 0.03125 0.0546875
2 0.203125 0.315625 0.028125 0.0546875
2 0.26171875 0.3890625 0.0171875 0.0328125
2 0.21640625 0.38203125 0.028125 0.04375
2 0.20625 0.44921875 0.0265625 0.0421875
2 0.26328125 0.3890625 0.0234375 0.0328125
2 0.24453125 0.328125 0.0265625 0.03125
2 0.21640625 0.36171875 0.0203125 0.0296875
2 0.28203125 0.3328125 0.0265625 0.0375
2 0.31484375 0.3375 0.0265625 0.0296875