2 0.59921875 0.78671875 0.0359375 0.0296875
2 0.58046875 0.72109375 0.03125 0.0296875
2 0.57578125 0.646875 0.034375 0.0328125
2 0.56796875 0.60703125 0.034375 0.0234375
2 0.5328125 0.58046875 0.03125 0.0296875
2 0.5234375 0.60859375 0.0390625 0.0296875
2 0.5234375 0.63984375 0.040625 0.0296875
2 0.5140625 0.671875 0.028125 0.025
2 0.44140625 0.64140625 0.04375 0.0328125
2 0.45234375 0.6109375 0.046875 0.03125
2 0.3984375 0.746875 0.046875 0.0328125
2 0.50390625 0.73515625 0.03125 0.0296875
2 0.55 0.71875 0.028125 0.0234375
2 0.54296875 0.7765625 0.0375 0.0265625
2 0.5453125 0.83359375 0.034375 0.034375
2 0.48671875 0.8328125 0.05 0.028125
2 0.49765625 0.8 0.03125 0.0234375
2 0.5015625 0.76875 0.04375 0.028125
2 0.43203125 0.78515625 0.0375 0.028125
2 0.42734375 0.81796875 0.034375 0.0265625
2 0.40703125 0.8359375 0.046875 0.028125
2 0.41171875 0.86015625 0.0359375 0.028125
2 0.28984375 0.8546875 0.0328125 0.0234375
2 0.30390625 0.809375 0.0421875 0.0265625
2 0.3125 0.77578125 0.053125 0.034375
2 0.315625 0.74140625 0.053125 0.03125
2 0.38203125 0.6703125 0.03125 0.0203125
2 0.38046875 0.715625 0.0421875 0.0296875
2 0.4484375 0.71328125 0.040625 0.028125
2 0.38203125 0.66875 0.03125 0.0265625
2 0.32421875 0.69765625 0.0296875 0.028125
2 0.36015625 0.71953125 0.028125 0.021875
2 0.325 0.66015625 0.0359375 0.0296875
2 0.32578125 0.62734375 0.028125 0.028125