2 0.86328125 0.4609375 0.025 0.0375
2 0.79609375 0.475 0.025 0.0328125
2 0.72109375 0.47421875 0.028125 0.0359375
2 0.68046875 0.47890625 0.01875 0.0359375
2 0.65 0.5125 0.025 0.0328125
2 0.67734375 0.5234375 0.025 0.040625
2 0.70859375 0.52578125 0.025 0.0421875
2 0.7390625 0.5375 0.021875 0.0296875
2 0.69921875 0.60703125 0.0265625 0.0453125
2 0.6703125 0.59453125 0.025 0.0484375
2 0.8 0.65703125 0.0265625 0.0484375
2 0.80078125 0.55234375 0.025 0.0328125
2 0.78984375 0.5046875 0.0203125 0.0296875
2 0.846875 0.515625 0.021875 0.0390625
2 0.90390625 0.51796875 0.0296875 0.0359375
2 0.89609375 0.57578125 0.021875 0.0515625
2 0.86484375 0.5625 0.01875 0.0328125
2 0.83359375 0.55703125 0.021875 0.0453125
2 0.84140625 0.6265625 0.0234375 0.0390625
2 0.8734375 0.63359375 0.021875 0.0359375
2 0.88984375 0.6546875 0.021875 0.0484375
2 0.9140625 0.6515625 0.0234375 0.0375
2 0.89296875 0.771875 0.01875 0.034375
2 0.85 0.7546875 0.021875 0.04375
2 0.8171875 0.74375 0.028125 0.0546875
2 0.78359375 0.73828125 0.025 0.0546875
2 0.72109375 0.66796875 0.015625 0.03125
2 0.76640625 0.67265625 0.025 0.04375
2 0.771875 0.60546875 0.0234375 0.0421875
2 0.71953125 0.66796875 0.021875 0.0328125
2 0.74140625 0.72734375 0.025 0.03125
2 0.7671875 0.69375 0.01875 0.0296875
2 0.70390625 0.72421875 0.025 0.0375
2 0.67109375 0.72109375 0.025 0.0296875