2 0.8390625 0.340625 0.0265625 0.0375
2 0.77109375 0.3640625 0.0265625 0.0328125
2 0.6953125 0.3734375 0.0296875 0.0375
2 0.6546875 0.384375 0.0203125 0.0359375
2 0.621875 0.421875 0.0265625 0.0328125
2 0.6484375 0.42890625 0.0265625 0.040625
2 0.6796875 0.42734375 0.0265625 0.0421875
2 0.709375 0.434375 0.0234375 0.0296875
2 0.665625 0.51015625 0.028125 0.046875
2 0.6375 0.50078125 0.028125 0.0484375
2 0.76328125 0.54609375 0.0296875 0.05
2 0.7703125 0.440625 0.0265625 0.0328125
2 0.76328125 0.39453125 0.021875 0.0296875
2 0.81875 0.39765625 0.0234375 0.0390625
2 0.87578125 0.39140625 0.03125 0.0375
2 0.86484375 0.45078125 0.025 0.0515625
2 0.834375 0.4421875 0.0203125 0.0328125
2 0.803125 0.440625 0.0234375 0.0453125
2 0.8078125 0.509375 0.025 0.0390625
2 0.8390625 0.51171875 0.0234375 0.0359375
2 0.85390625 0.53046875 0.025 0.0484375
2 0.878125 0.52421875 0.025 0.0375
2 0.85078125 0.64765625 0.0203125 0.034375
2 0.80859375 0.63671875 0.0234375 0.04375
2 0.7765625 0.63046875 0.03125 0.05625
2 0.74296875 0.6296875 0.028125 0.0546875
2 0.68359375 0.5671875 0.0171875 0.0328125
2 0.72890625 0.56640625 0.0265625 0.04375
2 0.7390625 0.49765625 0.025 0.0421875
2 0.68203125 0.5671875 0.0234375 0.0328125
2 0.7015625 0.62421875 0.0265625 0.03125
2 0.72890625 0.58671875 0.0203125 0.0296875
2 0.6640625 0.62578125 0.0265625 0.0375
2 0.63125 0.62734375 0.0265625 0.0296875