2 0.84609375 0.49609375 0.0265625 0.0375
2 0.778125 0.5078125 0.0265625 0.0328125
2 0.703125 0.503125 0.0296875 0.0375
2 0.6625 0.50703125 0.0203125 0.0359375
2 0.6296875 0.53828125 0.0265625 0.0328125
2 0.65703125 0.5515625 0.0265625 0.040625
2 0.68828125 0.5546875 0.0265625 0.0421875
2 0.71875 0.5671875 0.0234375 0.0296875
2 0.67578125 0.6359375 0.028125 0.0453125
2 0.64765625 0.621875 0.0265625 0.0484375
2 0.77421875 0.68984375 0.028125 0.0484375
2 0.7796875 0.584375 0.0265625 0.0328125
2 0.77109375 0.53671875 0.021875 0.0296875
2 0.82734375 0.55 0.0234375 0.0390625
2 0.884375 0.5546875 0.03125 0.0375
2 0.87421875 0.6125 0.0234375 0.0515625
2 0.84375 0.59765625 0.0203125 0.0328125
2 0.8125 0.590625 0.0234375 0.0453125
2 0.81796875 0.6609375 0.025 0.0390625
2 0.84921875 0.66875 0.0234375 0.0359375
2 0.86484375 0.690625 0.0234375 0.0484375
2 0.8890625 0.6890625 0.025 0.0375
2 0.86328125 0.80859375 0.0203125 0.034375
2 0.82109375 0.78984375 0.0234375 0.04375
2 0.78828125 0.77734375 0.0296875 0.05625
2 0.75546875 0.7703125 0.0265625 0.0546875
2 0.6953125 0.696875 0.0171875 0.0328125
2 0.740625 0.70390625 0.0265625 0.04375
2 0.74921875 0.63671875 0.025 0.0421875
2 0.69375 0.696875 0.0234375 0.0328125
2 0.71328125 0.7578125 0.0265625 0.03125
2 0.740625 0.72421875 0.0203125 0.0296875
2 0.67578125 0.75234375 0.0265625 0.0375
2 0.64296875 0.7484375 0.0265625 0.0296875