2 0.62421875 0.8609375 0.0375 0.025
2 0.603125 0.79375 0.0328125 0.025
2 0.596875 0.71875 0.0359375 0.028125
2 0.5875 0.678125 0.0359375 0.01875
2 0.5515625 0.646875 0.0328125 0.025
2 0.54296875 0.67421875 0.040625 0.025
2 0.54375 0.70546875 0.0421875 0.025
2 0.53515625 0.7359375 0.0296875 0.021875
2 0.46171875 0.69609375 0.0453125 0.0265625
2 0.471875 0.6671875 0.0484375 0.025
2 0.42109375 0.79609375 0.0484375 0.0265625
2 0.52734375 0.79765625 0.0328125 0.025
2 0.5734375 0.7875 0.0296875 0.0203125
2 0.56796875 0.84375 0.0390625 0.021875
2 0.57109375 0.90078125 0.0359375 0.0296875
2 0.5125 0.89296875 0.0515625 0.021875
2 0.52265625 0.86171875 0.0328125 0.01875
2 0.52578125 0.83046875 0.0453125 0.021875
2 0.45625 0.83828125 0.0390625 0.0234375
2 0.45234375 0.8703125 0.0359375 0.021875
2 0.4328125 0.8859375 0.0484375 0.021875
2 0.43828125 0.91015625 0.0375 0.0234375
2 0.31640625 0.8890625 0.034375 0.01875
2 0.32890625 0.84609375 0.04375 0.021875
2 0.33671875 0.81328125 0.0546875 0.028125
2 0.33828125 0.7796875 0.0546875 0.025
2 0.403125 0.7171875 0.0328125 0.015625
2 0.40234375 0.7625 0.04375 0.025
2 0.47109375 0.76875 0.0421875 0.0234375
2 0.403125 0.715625 0.0328125 0.021875
2 0.3453125 0.7375 0.03125 0.025
2 0.38203125 0.76328125 0.0296875 0.01875
2 0.3453125 0.7 0.0375 0.025
2 0.3453125 0.6671875 0.0296875 0.025