2 0.89296875 0.41640625 0.028125 0.0359375
2 0.82734375 0.43359375 0.028125 0.03125
2 0.75234375 0.43671875 0.03125 0.034375
2 0.71171875 0.44375 0.021875 0.034375
2 0.68359375 0.478125 0.028125 0.03125
2 0.71171875 0.48828125 0.028125 0.0390625
2 0.74296875 0.4890625 0.028125 0.040625
2 0.77421875 0.49921875 0.0234375 0.028125
2 0.73984375 0.57109375 0.0296875 0.04375
2 0.71015625 0.559375 0.028125 0.046875
2 0.84296875 0.615625 0.0296875 0.046875
2 0.83671875 0.51015625 0.028125 0.03125
2 0.82265625 0.46328125 0.021875 0.028125
2 0.8796875 0.471875 0.025 0.0375
2 0.93671875 0.4703125 0.0328125 0.034375
2 0.93359375 0.52890625 0.025 0.05
2 0.9015625 0.51796875 0.021875 0.03125
2 0.86953125 0.51328125 0.025 0.04375
2 0.8828125 0.5828125 0.0265625 0.0375
2 0.915625 0.58828125 0.025 0.034375
2 0.93203125 0.6078125 0.025 0.046875
2 0.95625 0.60390625 0.0265625 0.0359375
2 0.94453125 0.725 0.021875 0.0328125
2 0.9 0.7109375 0.025 0.0421875
2 0.8671875 0.7015625 0.0328125 0.053125
2 0.8328125 0.69765625 0.0296875 0.053125
2 0.765625 0.63046875 0.01875 0.03125
2 0.8109375 0.6328125 0.028125 0.0421875
2 0.81171875 0.56484375 0.0265625 0.040625
2 0.7640625 0.63046875 0.025 0.03125
2 0.78984375 0.6890625 0.0265625 0.0296875
2 0.81328125 0.653125 0.0203125 0.028125
2 0.75234375 0.6875 0.028125 0.0359375
2 0.71953125 0.6859375 0.0265625 0.028125