2 0.090625 0.15 0.05 0.0515625
2 0.1625 0.51484375 0.0234375 0.0328125
2 0.20390625 0.346875 0.040625 0.0375
2 0.18203125 0.19921875 0.03125 0.040625
2 0.24296875 0.165625 0.0328125 0.0375
2 0.5625 0.4453125 0.0296875 0.0453125
2 0.59921875 0.79375 0.0390625 0.04375
2 0.646875 0.79921875 0.0515625 0.0421875
2 0.71328125 0.7171875 0.0421875 0.0484375
2 0.74375 0.7875 0.0375 0.046875
2 0.859375 0.75703125 0.0390625 0.05
2 0.84453125 0.65078125 0.040625 0.053125
2 0.75703125 0.6109375 0.0375 0.0375
2 0.78359375 0.57890625 0.0515625 0.0375
2 0.42734375 0.1578125 0.034375 0.0390625
2 0.46796875 0.2140625 0.0390625 0.05
2 0.40625 0.071875 0.0296875 0.0390625
2 0.51640625 0.57578125 0.0359375 0.0375
2 0.70859375 0.3921875 0.04375 0.03125
2 0.0890625 0.49609375 0.0328125 0.0359375
2 0.27265625 0.46796875 0.0359375 0.0421875
2 0.3140625 0.1390625 0.0359375 0.0375
2 0.1640625 0.70078125 0.0375 0.034375
2 0.21875 0.7796875 0.040625 0.034375
2 0.1875 0.78203125 0.034375 0.0296875
2 0.178125 0.54609375 0.034375 0.025
2 0.41953125 0.71796875 0.034375 0.0328125
2 0.159375 0.88828125 0.0359375 0.04375