2 0.096875 0.13359375 0.05 0.053125
2 0.1859375 0.4828125 0.021875 0.034375
2 0.21875 0.30859375 0.0390625 0.0390625
2 0.190625 0.16484375 0.0296875 0.0421875
2 0.25 0.12109375 0.03125 0.0390625
2 0.58125 0.34140625 0.028125 0.046875
2 0.634375 0.68125 0.0375 0.0453125
2 0.68203125 0.678125 0.05 0.0453125
2 0.74453125 0.584375 0.0421875 0.05
2 0.77734375 0.64921875 0.0359375 0.0484375
2 0.8921875 0.59765625 0.0390625 0.0515625
2 0.871875 0.4953125 0.040625 0.0546875
2 0.7828125 0.47109375 0.0359375 0.0390625
2 0.8078125 0.43515625 0.05 0.040625
2 0.43359375 0.0796875 0.0328125 0.040625
2 0.4765625 0.12890625 0.0390625 0.0515625
2 0.40859375 0.009375 0.028125 0.01875
2 0.54140625 0.47890625 0.034375 0.0375
2 0.725 0.2625 0.0421875 0.0328125
2 0.11171875 0.47734375 0.03125 0.0375
2 0.29375 0.415625 0.034375 0.0421875
2 0.31953125 0.08203125 0.034375 0.0375
2 0.19609375 0.6671875 0.0359375 0.0359375
2 0.25390625 0.7359375 0.0390625 0.0359375
2 0.2234375 0.74375 0.0328125 0.03125
2 0.203125 0.5109375 0.034375 0.025
2 0.4515625 0.6390625 0.0328125 0.034375
2 0.20078125 0.8546875 0.034375 0.04375