2 0.95 0.95703125 0.0515625 0.053125
2 0.8484375 0.5890625 0.0234375 0.034375
2 0.821875 0.75546875 0.040625 0.0390625
2 0.85546875 0.90390625 0.03125 0.0421875
2 0.796875 0.93515625 0.0328125 0.0390625
2 0.45703125 0.64140625 0.0296875 0.046875
2 0.3921875 0.2921875 0.0390625 0.0453125
2 0.34453125 0.284375 0.0515625 0.0453125
2 0.284375 0.3640625 0.04375 0.05
2 0.24921875 0.29140625 0.0375 0.0484375
2 0.1359375 0.31796875 0.040625 0.0515625
2 0.159375 0.425 0.0421875 0.0546875
2 0.25 0.46796875 0.0375 0.0390625
2 0.2265625 0.49921875 0.0515625 0.040625
2 0.61484375 0.9359375 0.034375 0.040625
2 0.56953125 0.87734375 0.040625 0.0515625
2 0.4921875 0.51328125 0.0359375 0.0375
2 0.315625 0.6890625 0.04375 0.0328125
2 0.9234375 0.61015625 0.0328125 0.0375
2 0.74296875 0.63125 0.0359375 0.0421875
2 0.72890625 0.95859375 0.0359375 0.0375
2 0.83203125 0.403125 0.0375 0.0359375
2 0.771875 0.321875 0.040625 0.0359375
2 0.80234375 0.3203125 0.034375 0.03125
2 0.83046875 0.55703125 0.0359375 0.025
2 0.5765625 0.375 0.034375 0.034375
2 0.82109375 0.215625 0.0359375 0.04375