2 0.93515625 0.85078125 0.05 0.0484375
2 0.83984375 0.49296875 0.0234375 0.03125
2 0.81015625 0.66328125 0.040625 0.034375
2 0.840625 0.809375 0.03125 0.0390625
2 0.78203125 0.846875 0.0328125 0.0359375
2 0.446875 0.5921875 0.0296875 0.04375
2 0.3875 0.24765625 0.0390625 0.040625
2 0.33984375 0.24609375 0.0515625 0.0390625
2 0.27890625 0.3328125 0.0421875 0.0453125
2 0.24453125 0.2640625 0.0375 0.04375
2 0.13125 0.30390625 0.0390625 0.046875
2 0.15234375 0.40859375 0.040625 0.05
2 0.2421875 0.44140625 0.0375 0.034375
2 0.21796875 0.475 0.0515625 0.034375
2 0.59921875 0.86953125 0.034375 0.0375
2 0.55546875 0.815625 0.0390625 0.046875
2 0.62578125 0.95390625 0.0296875 0.0390625
2 0.484375 0.459375 0.0359375 0.034375
2 0.30390625 0.65625 0.04375 0.028125
2 0.91484375 0.50546875 0.0328125 0.034375
2 0.73359375 0.5484375 0.0359375 0.0390625
2 0.71328125 0.87890625 0.0359375 0.034375
2 0.8265625 0.3078125 0.0375 0.03125
2 0.76796875 0.2328125 0.040625 0.03125
2 0.79765625 0.228125 0.034375 0.028125
2 0.82265625 0.4625 0.034375 0.021875
2 0.57109375 0.309375 0.034375 0.03125
2 0.81953125 0.1203125 0.0359375 0.040625