2 0.86015625 0.0109375 0.05 0.021875
2 0.5046875 0.11953125 0.0328125 0.025
2 0.6765625 0.13515625 0.0359375 0.04375
2 0.821875 0.0921875 0.040625 0.034375
2 0.86171875 0.1484375 0.0375 0.0359375
2 0.61796875 0.5046875 0.0453125 0.0328125
2 0.275 0.5921875 0.0421875 0.0421875
2 0.275 0.63984375 0.040625 0.0546875
2 0.3640625 0.69375 0.046875 0.0453125
2 0.296875 0.73359375 0.0453125 0.040625
2 0.340625 0.84375 0.0484375 0.04375
2 0.44453125 0.8140625 0.0515625 0.0453125
2 0.47421875 0.721875 0.0359375 0.040625
2 0.509375 0.74296875 0.0359375 0.0546875
2 0.88984375 0.32890625 0.0390625 0.0375
2 0.83828125 0.378125 0.0484375 0.04375
2 0.9734375 0.29609375 0.0390625 0.0328125
2 0.48359375 0.478125 0.0359375 0.0390625
2 0.68671875 0.6421875 0.0296875 0.0453125
2 0.51484375 0.04375 0.0359375 0.0359375
2 0.5640625 0.22109375 0.040625 0.0390625
2 0.89609375 0.2140625 0.0359375 0.0390625
2 0.3203125 0.14765625 0.0328125 0.0390625
2 0.24765625 0.2125 0.0328125 0.0421875
2 0.24140625 0.1828125 0.0296875 0.0359375
2 0.475 0.1390625 0.0234375 0.0375
2 0.33046875 0.403125 0.0328125 0.0359375
2 0.1328125 0.1703125 0.0421875 0.0390625