2 0.9703125 0.96171875 0.0515625 0.0546875
2 0.86015625 0.59375 0.025 0.034375
2 0.8375 0.76015625 0.0421875 0.0390625
2 0.87421875 0.909375 0.0328125 0.0421875
2 0.8171875 0.93984375 0.034375 0.0390625
2 0.47109375 0.64453125 0.03125 0.046875
2 0.39765625 0.29453125 0.040625 0.0453125
2 0.35 0.28671875 0.053125 0.0453125
2 0.2921875 0.365625 0.04375 0.05
2 0.25546875 0.29296875 0.0390625 0.0484375
2 0.14375 0.31875 0.040625 0.0515625
2 0.16953125 0.42578125 0.0421875 0.0546875
2 0.26015625 0.46953125 0.0390625 0.0390625
2 0.2375 0.5 0.053125 0.040625
2 0.63515625 0.9390625 0.0359375 0.040625
2 0.58828125 0.88046875 0.040625 0.0515625
2 0.503125 0.51640625 0.0375 0.0390625
2 0.33125 0.690625 0.04375 0.0328125
2 0.9359375 0.615625 0.034375 0.0375
2 0.75625 0.6359375 0.0375 0.04375
2 0.75 0.9625 0.0375 0.0390625
2 0.8390625 0.4078125 0.0390625 0.0359375
2 0.77734375 0.3265625 0.0421875 0.0359375
2 0.8078125 0.325 0.034375 0.03125
2 0.84140625 0.56171875 0.0359375 0.0265625
2 0.58359375 0.378125 0.0359375 0.034375
2 0.82421875 0.2203125 0.0375 0.0453125