2 0.96015625 0.871875 0.0515625 0.05
2 0.8546875 0.51171875 0.0234375 0.03125
2 0.8296875 0.68203125 0.040625 0.034375
2 0.86484375 0.828125 0.0328125 0.0390625
2 0.80703125 0.86484375 0.0328125 0.0359375
2 0.4640625 0.60234375 0.03125 0.04375
2 0.3953125 0.25625 0.040625 0.040625
2 0.346875 0.253125 0.053125 0.040625
2 0.28828125 0.3390625 0.04375 0.0453125
2 0.25234375 0.26953125 0.0390625 0.04375
2 0.13984375 0.30703125 0.040625 0.046875
2 0.16484375 0.41171875 0.0421875 0.05
2 0.2546875 0.446875 0.0375 0.034375
2 0.23203125 0.48046875 0.0515625 0.0359375
2 0.625 0.8828125 0.0359375 0.0375
2 0.57890625 0.828125 0.040625 0.046875
2 0.65390625 0.9671875 0.03125 0.0390625
2 0.49765625 0.46953125 0.0359375 0.034375
2 0.3234375 0.6625 0.04375 0.028125
2 0.9296875 0.5265625 0.0328125 0.034375
2 0.74921875 0.56484375 0.0375 0.0390625
2 0.7390625 0.89453125 0.0359375 0.034375
2 0.8359375 0.3265625 0.0375 0.03125
2 0.77421875 0.25078125 0.040625 0.03125
2 0.8046875 0.246875 0.034375 0.028125
2 0.8359375 0.48125 0.0359375 0.021875
2 0.58046875 0.32265625 0.034375 0.03125
2 0.82265625 0.1390625 0.0375 0.040625