2 0.09140625 0.14453125 0.05 0.0484375
2 0.165625 0.503125 0.021875 0.03125
2 0.20546875 0.33359375 0.040625 0.034375
2 0.1828125 0.18671875 0.03125 0.0390625
2 0.24453125 0.15 0.0328125 0.0359375
2 0.56484375 0.40859375 0.0296875 0.04375
2 0.60390625 0.75390625 0.0390625 0.040625
2 0.6515625 0.75625 0.0515625 0.0390625
2 0.7171875 0.66953125 0.0421875 0.0453125
2 0.74765625 0.7390625 0.0375 0.04375
2 0.86328125 0.70078125 0.0390625 0.046875
2 0.84765625 0.5953125 0.040625 0.05
2 0.76015625 0.56171875 0.0375 0.034375
2 0.7859375 0.528125 0.0515625 0.034375
2 0.428125 0.1296875 0.034375 0.0375
2 0.46953125 0.184375 0.0390625 0.046875
2 0.40703125 0.0453125 0.0296875 0.0375
2 0.51953125 0.54140625 0.0359375 0.034375
2 0.7109375 0.34609375 0.0421875 0.028125
2 0.09140625 0.48984375 0.0328125 0.034375
2 0.27578125 0.44921875 0.0359375 0.0390625
2 0.31484375 0.11875 0.0359375 0.034375
2 0.16875 0.68828125 0.0359375 0.03125
2 0.22265625 0.7640625 0.0390625 0.03125
2 0.1921875 0.76875 0.0328125 0.028125
2 0.18125 0.53359375 0.034375 0.021875
2 0.42421875 0.68984375 0.0328125 0.03125
2 0.16484375 0.87578125 0.0359375 0.040625