2 0.85546875 0.9140625 0.0515625 0.0515625
2 0.79375 0.55 0.0234375 0.0328125
2 0.74765625 0.71875 0.040625 0.0375
2 0.76484375 0.86640625 0.03125 0.040625
2 0.703125 0.9 0.0328125 0.0375
2 0.39140625 0.621875 0.03125 0.0453125
2 0.3640625 0.27421875 0.040625 0.04375
2 0.3171875 0.26875 0.0515625 0.0421875
2 0.24765625 0.3515625 0.04375 0.0484375
2 0.21953125 0.28046875 0.0390625 0.0453125
2 0.10234375 0.3125 0.040625 0.05
2 0.1140625 0.41796875 0.0421875 0.053125
2 0.20078125 0.4578125 0.0375 0.0359375
2 0.1734375 0.48984375 0.0515625 0.0375
2 0.51796875 0.909375 0.034375 0.0390625
2 0.47890625 0.85234375 0.040625 0.05
2 0.53671875 0.9875 0.0296875 0.025
2 0.44140625 0.49140625 0.0359375 0.0359375
2 0.24296875 0.67578125 0.04375 0.03125
2 0.8671875 0.56875 0.0328125 0.0359375
2 0.68203125 0.5984375 0.0359375 0.040625
2 0.63125 0.9265625 0.0359375 0.0359375
2 0.79765625 0.36484375 0.0375 0.0328125
2 0.7453125 0.2859375 0.040625 0.034375
2 0.7765625 0.28359375 0.034375 0.0296875
2 0.77890625 0.51875 0.0359375 0.0234375
2 0.5421875 0.3484375 0.034375 0.0328125
2 0.8078125 0.17734375 0.0375 0.0421875