2 0.09765625 0.13359375 0.05 0.053125
2 0.1890625 0.48359375 0.021875 0.0328125
2 0.22109375 0.309375 0.040625 0.0390625
2 0.1921875 0.16640625 0.03125 0.0421875
2 0.25078125 0.12265625 0.0328125 0.0390625
2 0.58359375 0.3453125 0.0296875 0.046875
2 0.63828125 0.684375 0.0390625 0.0453125
2 0.6859375 0.68203125 0.0515625 0.04375
2 0.7484375 0.58828125 0.0421875 0.05
2 0.78203125 0.65390625 0.0375 0.046875
2 0.89609375 0.603125 0.0390625 0.0515625
2 0.87578125 0.5 0.040625 0.0546875
2 0.78671875 0.47578125 0.0375 0.0375
2 0.8109375 0.43984375 0.0515625 0.0390625
2 0.434375 0.08203125 0.034375 0.040625
2 0.47734375 0.13125 0.0390625 0.0515625
2 0.40859375 0.01015625 0.0296875 0.0203125
2 0.54453125 0.48203125 0.0359375 0.0375
2 0.7265625 0.26640625 0.0421875 0.0328125
2 0.11484375 0.478125 0.0328125 0.0375
2 0.29609375 0.41796875 0.0359375 0.0421875
2 0.31953125 0.08359375 0.0359375 0.0375
2 0.2 0.66796875 0.0359375 0.034375
2 0.25859375 0.7375 0.0390625 0.0359375
2 0.228125 0.7453125 0.0328125 0.03125
2 0.20625 0.5125 0.034375 0.025
2 0.45546875 0.64140625 0.0328125 0.034375
2 0.20546875 0.85546875 0.0359375 0.04375