2 0.8703125 0.85625 0.05 0.0484375
2 0.80234375 0.49765625 0.0234375 0.03125
2 0.759375 0.66796875 0.040625 0.034375
2 0.7796875 0.8140625 0.03125 0.0390625
2 0.71796875 0.8515625 0.0328125 0.0359375
2 0.4015625 0.59453125 0.0296875 0.04375
2 0.36875 0.25 0.0390625 0.040625
2 0.32109375 0.24765625 0.0515625 0.0390625
2 0.25390625 0.334375 0.0421875 0.0453125
2 0.22421875 0.265625 0.0375 0.04375
2 0.1078125 0.3046875 0.0390625 0.046875
2 0.121875 0.409375 0.040625 0.05
2 0.20859375 0.44296875 0.0375 0.034375
2 0.18203125 0.4765625 0.0515625 0.034375
2 0.5328125 0.87265625 0.034375 0.0375
2 0.49296875 0.81875 0.0390625 0.046875
2 0.553125 0.95703125 0.0296875 0.0390625
2 0.44921875 0.46171875 0.0359375 0.034375
2 0.2546875 0.6578125 0.04375 0.028125
2 0.87578125 0.5109375 0.0328125 0.034375
2 0.69140625 0.55234375 0.0359375 0.0390625
2 0.646875 0.8828125 0.0359375 0.034375
2 0.803125 0.3125 0.0375 0.03125
2 0.75 0.2375 0.040625 0.03125
2 0.78046875 0.2328125 0.034375 0.028125
2 0.7875 0.4671875 0.0359375 0.021875
2 0.54765625 0.3125 0.034375 0.03125
2 0.809375 0.125 0.0359375 0.040625