2 0.85703125 0.2 0.0484375 0.0546875
2 0.5 0.23828125 0.03125 0.025
2 0.6703125 0.2953125 0.034375 0.04375
2 0.81640625 0.2875 0.0390625 0.034375
2 0.8546875 0.35234375 0.0359375 0.0359375
2 0.6015625 0.646875 0.04375 0.0328125
2 0.25703125 0.6515625 0.040625 0.0421875
2 0.25546875 0.69921875 0.0390625 0.0546875
2 0.34296875 0.77421875 0.0453125 0.046875
2 0.27421875 0.79765625 0.04375 0.040625
2 0.31484375 0.9171875 0.046875 0.04375
2 0.41953125 0.91171875 0.05 0.0453125
2 0.45234375 0.828125 0.034375 0.040625
2 0.4859375 0.85703125 0.034375 0.0546875
2 0.87734375 0.53828125 0.0375 0.0375
2 0.82421875 0.57421875 0.046875 0.04375
2 0.96171875 0.525 0.0375 0.0328125
2 0.46796875 0.5890625 0.034375 0.0390625
2 0.66640625 0.79921875 0.028125 0.0453125
2 0.5125 0.165625 0.034375 0.0359375
2 0.55546875 0.35390625 0.0390625 0.0390625
2 0.88671875 0.42578125 0.034375 0.0390625
2 0.31484375 0.22265625 0.03125 0.0390625
2 0.240625 0.26953125 0.03125 0.0421875
2 0.23515625 0.2390625 0.028125 0.0359375
2 0.46953125 0.25078125 0.021875 0.0375
2 0.31796875 0.478125 0.03125 0.0359375
2 0.12734375 0.20078125 0.040625 0.0390625