2 0.859375 0.2 0.05 0.0546875
2 0.50390625 0.23828125 0.03125 0.025
2 0.67578125 0.2953125 0.0359375 0.04375
2 0.8203125 0.2875 0.040625 0.034375
2 0.86015625 0.35234375 0.0375 0.0359375
2 0.61484375 0.646875 0.0453125 0.0328125
2 0.271875 0.6515625 0.0421875 0.0421875
2 0.27109375 0.69921875 0.040625 0.0546875
2 0.36015625 0.77421875 0.046875 0.046875
2 0.2921875 0.79765625 0.0453125 0.040625
2 0.33515625 0.9171875 0.0484375 0.04375
2 0.43984375 0.91171875 0.0515625 0.0453125
2 0.4703125 0.828125 0.0359375 0.040625
2 0.5046875 0.85703125 0.0359375 0.0546875
2 0.8875 0.53828125 0.0390625 0.0375
2 0.83515625 0.57421875 0.0484375 0.04375
2 0.97109375 0.525 0.0390625 0.0328125
2 0.48046875 0.5890625 0.0359375 0.0390625
2 0.6828125 0.79921875 0.0296875 0.0453125
2 0.51484375 0.165625 0.0359375 0.0359375
2 0.5625 0.35390625 0.040625 0.0390625
2 0.89375 0.42578125 0.0359375 0.0390625
2 0.31875 0.22265625 0.0328125 0.0390625
2 0.24609375 0.26953125 0.0328125 0.0421875
2 0.23984375 0.2390625 0.0296875 0.0359375
2 0.47421875 0.25078125 0.0234375 0.0375
2 0.328125 0.478125 0.0328125 0.0359375
2 0.13125 0.20078125 0.0421875 0.0390625