2 0.85703125 0.00546875 0.0484375 0.0109375
2 0.5 0.11328125 0.03125 0.0265625
2 0.6703125 0.12734375 0.034375 0.04375
2 0.81640625 0.0828125 0.0390625 0.034375
2 0.8546875 0.13828125 0.0359375 0.0359375
2 0.6015625 0.49765625 0.04375 0.034375
2 0.25703125 0.5890625 0.040625 0.0421875
2 0.25546875 0.63671875 0.0390625 0.0546875
2 0.34296875 0.68984375 0.0453125 0.046875
2 0.27421875 0.73046875 0.04375 0.0421875
2 0.31484375 0.840625 0.046875 0.04375
2 0.41953125 0.809375 0.05 0.0453125
2 0.45234375 0.71640625 0.034375 0.040625
2 0.4859375 0.73671875 0.034375 0.0546875
2 0.87734375 0.31875 0.0375 0.0375
2 0.82421875 0.36796875 0.046875 0.04375
2 0.96171875 0.284375 0.0375 0.0328125
2 0.46796875 0.47265625 0.034375 0.0390625
2 0.66640625 0.634375 0.028125 0.0453125
2 0.5125 0.0375 0.034375 0.0359375
2 0.55546875 0.21484375 0.0390625 0.0390625
2 0.88671875 0.20390625 0.034375 0.0390625
2 0.31484375 0.14453125 0.03125 0.040625
2 0.240625 0.21015625 0.03125 0.04375
2 0.23515625 0.18046875 0.028125 0.0359375
2 0.46953125 0.13359375 0.021875 0.0375
2 0.31796875 0.4 0.03125 0.0375
2 0.12734375 0.16875 0.040625 0.0390625