2 0.1046875 0.140625 0.0515625 0.05
2 0.2125 0.49609375 0.0234375 0.03125
2 0.23671875 0.32421875 0.0421875 0.0359375
2 0.20078125 0.1796875 0.0328125 0.040625
2 0.2578125 0.13984375 0.034375 0.0375
2 0.60234375 0.38515625 0.03125 0.0453125
2 0.6734375 0.728125 0.040625 0.0421875
2 0.72109375 0.72890625 0.053125 0.040625
2 0.7796875 0.63984375 0.04375 0.046875
2 0.81640625 0.7078125 0.0390625 0.0453125
2 0.928125 0.66484375 0.040625 0.0484375
2 0.903125 0.56015625 0.0421875 0.0515625
2 0.8125 0.5296875 0.0390625 0.0359375
2 0.83515625 0.4953125 0.053125 0.0359375
2 0.43984375 0.1125 0.0359375 0.0390625
2 0.4859375 0.16484375 0.040625 0.0484375
2 0.4109375 0.02890625 0.03125 0.0390625
2 0.56953125 0.51953125 0.0375 0.0359375
2 0.74296875 0.3171875 0.04375 0.0296875
2 0.1375 0.48515625 0.034375 0.0359375
2 0.3171875 0.4375 0.0375 0.040625
2 0.325 0.10625 0.0375 0.0359375
2 0.2328125 0.68125 0.0375 0.0328125
2 0.29375 0.75390625 0.040625 0.0328125
2 0.2640625 0.76015625 0.034375 0.0296875
2 0.23125 0.52578125 0.0359375 0.0234375
2 0.48828125 0.671875 0.034375 0.0328125
2 0.24609375 0.86875 0.0375 0.0421875