2 0.88046875 0.871875 0.05 0.05
2 0.8078125 0.51171875 0.0234375 0.03125
2 0.7671875 0.68203125 0.040625 0.034375
2 0.7890625 0.828125 0.03125 0.0390625
2 0.72734375 0.86484375 0.0328125 0.0359375
2 0.40859375 0.60234375 0.0296875 0.04375
2 0.371875 0.25625 0.0390625 0.040625
2 0.32421875 0.253125 0.0515625 0.040625
2 0.2578125 0.3390625 0.0421875 0.0453125
2 0.22734375 0.26953125 0.0375 0.04375
2 0.11171875 0.30703125 0.0390625 0.046875
2 0.1265625 0.41171875 0.040625 0.05
2 0.2140625 0.446875 0.0375 0.034375
2 0.1875 0.48046875 0.0515625 0.0359375
2 0.54296875 0.8828125 0.034375 0.0375
2 0.503125 0.828125 0.0390625 0.046875
2 0.5640625 0.9671875 0.0296875 0.0390625
2 0.4546875 0.46953125 0.0359375 0.034375
2 0.2625 0.6625 0.04375 0.028125
2 0.88203125 0.5265625 0.0328125 0.034375
2 0.69765625 0.56484375 0.0359375 0.0390625
2 0.65703125 0.89453125 0.0359375 0.034375
2 0.80625 0.3265625 0.0375 0.03125
2 0.75234375 0.25078125 0.040625 0.03125
2 0.7828125 0.246875 0.034375 0.028125
2 0.79296875 0.48125 0.034375 0.021875
2 0.55078125 0.32265625 0.034375 0.03125
2 0.8109375 0.1390625 0.0359375 0.040625