2 0.8625 0.09921875 0.0515625 0.0484375
2 0.51015625 0.18046875 0.0328125 0.021875
2 0.6828125 0.2171875 0.0375 0.0390625
2 0.82734375 0.1921875 0.040625 0.0296875
2 0.86875 0.25234375 0.0375 0.03125
2 0.634375 0.57734375 0.0453125 0.028125
2 0.29375 0.62265625 0.04375 0.0375
2 0.29453125 0.6703125 0.0421875 0.05
2 0.3859375 0.734375 0.0484375 0.040625
2 0.31875 0.76640625 0.046875 0.0359375
2 0.36640625 0.88125 0.05 0.0375
2 0.46953125 0.8640625 0.053125 0.0390625
2 0.496875 0.77578125 0.0375 0.0359375
2 0.53203125 0.8015625 0.0375 0.05
2 0.903125 0.4359375 0.0390625 0.0328125
2 0.8515625 0.478125 0.05 0.0375
2 0.9828125 0.41328125 0.034375 0.028125
2 0.49921875 0.534375 0.0375 0.034375
2 0.7078125 0.72265625 0.03125 0.0421875
2 0.51796875 0.10625 0.0359375 0.03125
2 0.57265625 0.2890625 0.0421875 0.034375
2 0.9046875 0.32265625 0.0375 0.034375
2 0.32578125 0.1859375 0.034375 0.0359375
2 0.2546875 0.2421875 0.034375 0.0390625
2 0.24765625 0.21171875 0.0296875 0.0328125
2 0.48046875 0.19609375 0.025 0.034375
2 0.34296875 0.44140625 0.0328125 0.0328125
2 0.13828125 0.1859375 0.04375 0.034375