2 0.84765625 0.02578125 0.053125 0.0515625
2 0.48203125 0.13671875 0.0328125 0.025
2 0.64921875 0.15859375 0.0375 0.0421875
2 0.79765625 0.12109375 0.0421875 0.0328125
2 0.8296875 0.178125 0.0390625 0.034375
2 0.54453125 0.52578125 0.046875 0.03125
2 0.1953125 0.60078125 0.04375 0.040625
2 0.1890625 0.6484375 0.04375 0.053125
2 0.2703125 0.70546875 0.0484375 0.04375
2 0.1984375 0.74296875 0.046875 0.0390625
2 0.22734375 0.8546875 0.05 0.040625
2 0.334375 0.828125 0.053125 0.04375
2 0.375 0.7375 0.0375 0.0390625
2 0.40703125 0.759375 0.0390625 0.053125
2 0.83515625 0.36015625 0.040625 0.0359375
2 0.77734375 0.40625 0.05 0.040625
2 0.92109375 0.3296875 0.040625 0.03125
2 0.41484375 0.49453125 0.0375 0.0375
2 0.5953125 0.66484375 0.03125 0.04375
2 0.5015625 0.06171875 0.0375 0.034375
2 0.52734375 0.240625 0.0421875 0.0375
2 0.8546875 0.2453125 0.0375 0.0375
2 0.29609375 0.15859375 0.034375 0.0390625
2 0.21640625 0.22109375 0.034375 0.0421875
2 0.2140625 0.19140625 0.03125 0.034375
2 0.45 0.15546875 0.025 0.0359375
2 0.27421875 0.4140625 0.034375 0.0359375
2 0.10859375 0.175 0.04375 0.0375