2 0.853125 0.015625 0.05 0.03125
2 0.49140625 0.125 0.03125 0.025
2 0.66015625 0.14296875 0.0359375 0.0421875
2 0.8078125 0.1015625 0.040625 0.034375
2 0.84296875 0.1578125 0.0375 0.034375
2 0.57421875 0.51171875 0.0453125 0.0328125
2 0.228125 0.59453125 0.0421875 0.0421875
2 0.22421875 0.64296875 0.040625 0.0546875
2 0.30859375 0.69765625 0.046875 0.0453125
2 0.2390625 0.73671875 0.0453125 0.040625
2 0.27421875 0.84765625 0.0484375 0.0421875
2 0.37890625 0.81875 0.0515625 0.04375
2 0.415625 0.7265625 0.0359375 0.0390625
2 0.4484375 0.7484375 0.0359375 0.053125
2 0.8578125 0.33984375 0.0390625 0.0375
2 0.80234375 0.3875 0.0484375 0.0421875
2 0.94296875 0.30703125 0.0390625 0.0328125
2 0.44296875 0.48359375 0.0359375 0.0375
2 0.6328125 0.65 0.0296875 0.0453125
2 0.50703125 0.04921875 0.0359375 0.034375
2 0.5421875 0.228125 0.040625 0.0390625
2 0.871875 0.22421875 0.0359375 0.0375
2 0.30625 0.1515625 0.0328125 0.0390625
2 0.22890625 0.215625 0.0328125 0.0421875
2 0.22578125 0.1859375 0.0296875 0.0359375
2 0.46015625 0.14453125 0.0234375 0.0359375
2 0.296875 0.40703125 0.0328125 0.0359375
2 0.11875 0.171875 0.0421875 0.0390625