2 0.90078125 0.825 0.0484375 0.05
2 0.81953125 0.46875 0.021875 0.03125
2 0.7828125 0.640625 0.0390625 0.0359375
2 0.8078125 0.7859375 0.0296875 0.040625
2 0.74765625 0.825 0.03125 0.0375
2 0.42265625 0.5796875 0.028125 0.0453125
2 0.37734375 0.23671875 0.0375 0.0421875
2 0.3296875 0.2359375 0.05 0.040625
2 0.265625 0.325 0.040625 0.046875
2 0.23359375 0.25703125 0.0359375 0.0453125
2 0.11875 0.30078125 0.0375 0.0484375
2 0.1359375 0.4046875 0.0390625 0.0515625
2 0.22421875 0.43515625 0.0359375 0.0359375
2 0.1984375 0.46953125 0.05 0.0359375
2 0.5640625 0.853125 0.0328125 0.0390625
2 0.521875 0.8 0.0375 0.0484375
2 0.58671875 0.93671875 0.028125 0.040625
2 0.465625 0.4453125 0.034375 0.0359375
2 0.27734375 0.64765625 0.0421875 0.0296875
2 0.89375 0.4796875 0.03125 0.0359375
2 0.7109375 0.52734375 0.034375 0.040625
2 0.67734375 0.85859375 0.034375 0.0359375
2 0.8140625 0.284375 0.0359375 0.0328125
2 0.7578125 0.2109375 0.0390625 0.0328125
2 0.78828125 0.20546875 0.0328125 0.0296875
2 0.80390625 0.4390625 0.034375 0.0234375
2 0.55859375 0.29296875 0.0328125 0.0328125
2 0.8140625 0.096875 0.034375 0.0421875