2 0.0890625 0.140625 0.05 0.05
2 0.15703125 0.49609375 0.0234375 0.03125
2 0.2 0.32421875 0.040625 0.0359375
2 0.1796875 0.1796875 0.03125 0.040625
2 0.24140625 0.13984375 0.0328125 0.0375
2 0.5578125 0.38515625 0.0296875 0.0453125
2 0.590625 0.728125 0.0390625 0.0421875
2 0.63828125 0.72890625 0.0515625 0.040625
2 0.70546875 0.63984375 0.0421875 0.046875
2 0.73515625 0.7078125 0.0375 0.0453125
2 0.8515625 0.66484375 0.0390625 0.0484375
2 0.8375 0.56015625 0.040625 0.0515625
2 0.75078125 0.5296875 0.0375 0.0359375
2 0.77734375 0.4953125 0.0515625 0.0359375
2 0.42578125 0.1125 0.034375 0.0390625
2 0.46640625 0.16484375 0.0390625 0.0484375
2 0.40625 0.02890625 0.0296875 0.0390625
2 0.51015625 0.51953125 0.0359375 0.0359375
2 0.7046875 0.3171875 0.04375 0.0296875
2 0.0828125 0.48515625 0.0328125 0.0359375
2 0.26796875 0.4375 0.0359375 0.040625
2 0.3125 0.10625 0.0359375 0.0359375
2 0.15625 0.68125 0.0375 0.0328125
2 0.209375 0.75390625 0.040625 0.0328125
2 0.17890625 0.76015625 0.034375 0.0296875
2 0.171875 0.52578125 0.0359375 0.0234375
2 0.41171875 0.671875 0.034375 0.0328125
2 0.14921875 0.86875 0.0359375 0.0421875