2 0.87578125 0.87734375 0.05 0.05
2 0.80546875 0.5171875 0.0234375 0.03125
2 0.76328125 0.6859375 0.040625 0.0359375
2 0.784375 0.8328125 0.03125 0.0390625
2 0.72265625 0.86875 0.0328125 0.0359375
2 0.4046875 0.6046875 0.0296875 0.04375
2 0.3703125 0.25859375 0.0390625 0.0421875
2 0.32265625 0.25546875 0.0515625 0.040625
2 0.25546875 0.340625 0.0421875 0.046875
2 0.22578125 0.27109375 0.0375 0.0453125
2 0.109375 0.3078125 0.0390625 0.0484375
2 0.12421875 0.4125 0.040625 0.0515625
2 0.2109375 0.4484375 0.0375 0.0359375
2 0.18515625 0.48125 0.0515625 0.0359375
2 0.53828125 0.8859375 0.034375 0.0375
2 0.49765625 0.83125 0.0390625 0.0484375
2 0.55859375 0.97109375 0.0296875 0.0390625
2 0.4515625 0.47265625 0.0359375 0.0359375
2 0.25859375 0.6640625 0.04375 0.0296875
2 0.87890625 0.53203125 0.0328125 0.034375
2 0.69453125 0.56875 0.0359375 0.040625
2 0.65234375 0.8984375 0.0359375 0.0359375
2 0.8046875 0.33125 0.0375 0.0328125
2 0.75078125 0.25546875 0.040625 0.0328125
2 0.78203125 0.2515625 0.034375 0.028125
2 0.78984375 0.4859375 0.034375 0.0234375
2 0.54921875 0.32578125 0.034375 0.03125
2 0.81015625 0.14375 0.0359375 0.0421875