2 0.8546875 0.02265625 0.05 0.0453125
2 0.49453125 0.13359375 0.03125 0.025
2 0.6640625 0.1546875 0.034375 0.0421875
2 0.8109375 0.11640625 0.0390625 0.0328125
2 0.846875 0.1734375 0.0359375 0.034375
2 0.584375 0.521875 0.04375 0.03125
2 0.2390625 0.59921875 0.040625 0.040625
2 0.2359375 0.646875 0.040625 0.053125
2 0.321875 0.70390625 0.0453125 0.0453125
2 0.25234375 0.74140625 0.04375 0.0390625
2 0.2890625 0.853125 0.046875 0.0421875
2 0.39453125 0.82578125 0.05 0.04375
2 0.4296875 0.734375 0.034375 0.0390625
2 0.4625 0.75703125 0.0359375 0.053125
2 0.86484375 0.3546875 0.0375 0.0359375
2 0.81015625 0.4015625 0.046875 0.0421875
2 0.95 0.32421875 0.0375 0.03125
2 0.45234375 0.49140625 0.034375 0.0375
2 0.6453125 0.6609375 0.028125 0.0453125
2 0.509375 0.05859375 0.034375 0.034375
2 0.54765625 0.2375 0.0390625 0.0375
2 0.87734375 0.23984375 0.034375 0.0375
2 0.309375 0.15703125 0.03125 0.0390625
2 0.23359375 0.21953125 0.03125 0.0421875
2 0.22890625 0.18984375 0.028125 0.0359375
2 0.4640625 0.153125 0.021875 0.0359375
2 0.3046875 0.4125 0.03125 0.0359375
2 0.121875 0.17421875 0.040625 0.0375