2 0.09453125 0.14296875 0.0484375 0.0484375
2 0.17734375 0.5015625 0.021875 0.03125
2 0.21328125 0.33046875 0.0390625 0.034375
2 0.1875 0.18515625 0.0296875 0.0390625
2 0.24765625 0.146875 0.03125 0.0359375
2 0.57421875 0.40234375 0.028125 0.04375
2 0.62109375 0.74609375 0.0375 0.040625
2 0.66875 0.7484375 0.05 0.0390625
2 0.7328125 0.66171875 0.040625 0.0453125
2 0.76484375 0.7296875 0.0359375 0.04375
2 0.8796875 0.68984375 0.0375 0.046875
2 0.86171875 0.5859375 0.0390625 0.05
2 0.7734375 0.55234375 0.0359375 0.034375
2 0.7984375 0.51875 0.05 0.034375
2 0.43125 0.125 0.0328125 0.0375
2 0.4734375 0.178125 0.0375 0.046875
2 0.4078125 0.040625 0.028125 0.0375
2 0.53203125 0.53515625 0.034375 0.034375
2 0.71875 0.33828125 0.0421875 0.028125
2 0.103125 0.48828125 0.03125 0.034375
2 0.2859375 0.44609375 0.034375 0.0390625
2 0.3171875 0.115625 0.034375 0.034375
2 0.184375 0.68671875 0.0359375 0.03125
2 0.240625 0.7609375 0.0390625 0.03125
2 0.21015625 0.765625 0.0328125 0.028125
2 0.19375 0.53203125 0.034375 0.021875
2 0.43984375 0.68515625 0.0328125 0.03125
2 0.18515625 0.87421875 0.034375 0.040625