2 0.09140625 0.13359375 0.05 0.053125
2 0.165625 0.48359375 0.021875 0.0328125
2 0.20546875 0.309375 0.040625 0.0390625
2 0.1828125 0.16640625 0.03125 0.0421875
2 0.24453125 0.12265625 0.0328125 0.0390625
2 0.56484375 0.3453125 0.0296875 0.046875
2 0.60390625 0.684375 0.0390625 0.0453125
2 0.6515625 0.68203125 0.0515625 0.04375
2 0.7171875 0.58828125 0.0421875 0.05
2 0.74765625 0.65390625 0.0375 0.046875
2 0.86328125 0.603125 0.0390625 0.0515625
2 0.84765625 0.5 0.040625 0.0546875
2 0.76015625 0.47578125 0.0375 0.0375
2 0.7859375 0.43984375 0.0515625 0.0390625
2 0.428125 0.08203125 0.034375 0.040625
2 0.46953125 0.13125 0.0390625 0.0515625
2 0.40703125 0.01015625 0.0296875 0.0203125
2 0.51953125 0.48203125 0.0359375 0.0375
2 0.7109375 0.26640625 0.0421875 0.0328125
2 0.09140625 0.478125 0.0328125 0.0375
2 0.27578125 0.41796875 0.0359375 0.0421875
2 0.31484375 0.08359375 0.0359375 0.0375
2 0.16875 0.66796875 0.0359375 0.034375
2 0.22265625 0.7375 0.0390625 0.0359375
2 0.1921875 0.7453125 0.0328125 0.03125
2 0.18125 0.5125 0.034375 0.025
2 0.42421875 0.64140625 0.0328125 0.034375
2 0.16484375 0.85546875 0.0359375 0.04375