2 0.91015625 0.803125 0.0484375 0.0515625
2 0.82578125 0.45 0.021875 0.0328125
2 0.790625 0.621875 0.0390625 0.0359375
2 0.8171875 0.76640625 0.0296875 0.040625
2 0.75703125 0.8078125 0.03125 0.0375
2 0.42890625 0.56953125 0.028125 0.0453125
2 0.38046875 0.228125 0.0375 0.0421875
2 0.3328125 0.228125 0.05 0.0421875
2 0.26875 0.31875 0.040625 0.0484375
2 0.23671875 0.2515625 0.0359375 0.0453125
2 0.121875 0.29765625 0.0375 0.0484375
2 0.140625 0.4015625 0.0390625 0.0515625
2 0.22890625 0.4296875 0.0359375 0.0359375
2 0.2046875 0.46484375 0.05 0.0375
2 0.5734375 0.83984375 0.0328125 0.0390625
2 0.53125 0.78828125 0.0375 0.0484375
2 0.59765625 0.92265625 0.028125 0.040625
2 0.4703125 0.434375 0.034375 0.0359375
2 0.28515625 0.64140625 0.0421875 0.03125
2 0.9 0.45859375 0.03125 0.0359375
2 0.7171875 0.5109375 0.034375 0.040625
2 0.68828125 0.84296875 0.034375 0.0359375
2 0.8171875 0.26484375 0.0359375 0.0328125
2 0.7609375 0.19296875 0.0390625 0.0328125
2 0.79140625 0.18671875 0.0328125 0.0296875
2 0.80859375 0.4203125 0.034375 0.0234375
2 0.56171875 0.2796875 0.0328125 0.0328125
2 0.815625 0.07734375 0.034375 0.0421875