2 0.8484375 0.14921875 0.053125 0.0515625
2 0.4828125 0.209375 0.0328125 0.0234375
2 0.65078125 0.25625 0.0375 0.040625
2 0.7984375 0.23984375 0.0421875 0.0328125
2 0.83125 0.30234375 0.0390625 0.0328125
2 0.54765625 0.6125 0.0453125 0.03125
2 0.19921875 0.6375 0.04375 0.040625
2 0.19296875 0.684375 0.04375 0.053125
2 0.27421875 0.75390625 0.0484375 0.04375
2 0.203125 0.78203125 0.046875 0.0390625
2 0.2328125 0.89921875 0.05 0.040625
2 0.3390625 0.88828125 0.053125 0.0421875
2 0.3796875 0.8015625 0.0375 0.0375
2 0.41171875 0.82890625 0.0390625 0.0515625
2 0.8375 0.4875 0.040625 0.0359375
2 0.78046875 0.52578125 0.05 0.040625
2 0.9234375 0.46953125 0.0390625 0.03125
2 0.41796875 0.56171875 0.0375 0.0359375
2 0.59921875 0.7609375 0.03125 0.04375
2 0.50234375 0.1359375 0.0375 0.0328125
2 0.52890625 0.32109375 0.0421875 0.0375
2 0.85703125 0.3734375 0.0375 0.0359375
2 0.29765625 0.2046875 0.034375 0.0375
2 0.21796875 0.25546875 0.034375 0.040625
2 0.215625 0.225 0.03125 0.034375
2 0.4515625 0.2234375 0.025 0.0359375
2 0.2765625 0.46015625 0.034375 0.034375
2 0.11015625 0.19296875 0.04375 0.0375