2 0.90078125 0.85078125 0.0484375 0.0484375
2 0.81953125 0.49296875 0.021875 0.03125
2 0.7828125 0.66328125 0.0390625 0.034375
2 0.8078125 0.809375 0.0296875 0.0390625
2 0.74765625 0.846875 0.03125 0.0359375
2 0.42265625 0.5921875 0.028125 0.04375
2 0.37734375 0.24765625 0.0375 0.040625
2 0.3296875 0.24609375 0.05 0.0390625
2 0.265625 0.3328125 0.040625 0.0453125
2 0.23359375 0.2640625 0.0359375 0.04375
2 0.11875 0.30390625 0.0375 0.046875
2 0.1359375 0.40859375 0.0390625 0.05
2 0.22421875 0.44140625 0.0359375 0.034375
2 0.1984375 0.475 0.05 0.034375
2 0.5640625 0.86953125 0.0328125 0.0375
2 0.521875 0.815625 0.0375 0.046875
2 0.58671875 0.95390625 0.028125 0.0390625
2 0.465625 0.459375 0.034375 0.034375
2 0.27734375 0.65625 0.0421875 0.028125
2 0.89375 0.50546875 0.03125 0.034375
2 0.7109375 0.5484375 0.034375 0.0390625
2 0.67734375 0.87890625 0.034375 0.034375
2 0.8140625 0.3078125 0.0359375 0.03125
2 0.7578125 0.2328125 0.0390625 0.03125
2 0.78828125 0.228125 0.0328125 0.028125
2 0.80390625 0.4625 0.034375 0.021875
2 0.55859375 0.309375 0.0328125 0.03125
2 0.8140625 0.1203125 0.034375 0.040625