2 0.8953125 0.8140625 0.0484375 0.05
2 0.8171875 0.459375 0.021875 0.0328125
2 0.77890625 0.63125 0.0390625 0.0359375
2 0.803125 0.7765625 0.0296875 0.040625
2 0.7421875 0.81640625 0.03125 0.0375
2 0.41875 0.575 0.028125 0.0453125
2 0.37578125 0.23203125 0.0375 0.0421875
2 0.328125 0.23203125 0.05 0.040625
2 0.26328125 0.321875 0.040625 0.046875
2 0.23203125 0.2546875 0.0359375 0.0453125
2 0.11640625 0.29921875 0.0375 0.0484375
2 0.13359375 0.403125 0.0390625 0.0515625
2 0.22109375 0.43203125 0.0359375 0.0359375
2 0.19609375 0.4671875 0.05 0.0359375
2 0.55859375 0.84609375 0.0328125 0.0390625
2 0.5171875 0.79453125 0.0375 0.0484375
2 0.58125 0.9296875 0.028125 0.040625
2 0.4625 0.43984375 0.034375 0.0359375
2 0.2734375 0.64453125 0.0421875 0.0296875
2 0.890625 0.46953125 0.03125 0.0359375
2 0.7078125 0.51875 0.034375 0.040625
2 0.67265625 0.85078125 0.034375 0.0359375
2 0.81171875 0.27421875 0.0359375 0.0328125
2 0.75625 0.20234375 0.0390625 0.0328125
2 0.7875 0.19609375 0.0328125 0.0296875
2 0.80078125 0.4296875 0.034375 0.0234375
2 0.55625 0.28671875 0.0328125 0.0328125
2 0.81328125 0.08671875 0.034375 0.0421875