2 0.0890625 0.134375 0.05 0.053125
2 0.15703125 0.484375 0.0234375 0.0328125
2 0.2 0.3109375 0.040625 0.0375
2 0.1796875 0.1671875 0.03125 0.0421875
2 0.24140625 0.12421875 0.0328125 0.0390625
2 0.5578125 0.3484375 0.0296875 0.046875
2 0.590625 0.68828125 0.0390625 0.04375
2 0.63828125 0.6859375 0.0515625 0.04375
2 0.70546875 0.59296875 0.0421875 0.05
2 0.73515625 0.65859375 0.0375 0.046875
2 0.8515625 0.6078125 0.0390625 0.05
2 0.8375 0.50546875 0.040625 0.053125
2 0.75078125 0.48046875 0.0375 0.0375
2 0.77734375 0.44453125 0.0515625 0.0390625
2 0.42578125 0.084375 0.034375 0.040625
2 0.46640625 0.134375 0.0390625 0.05
2 0.40625 0.0109375 0.0296875 0.021875
2 0.51015625 0.48515625 0.0359375 0.0375
2 0.7046875 0.27109375 0.04375 0.0328125
2 0.0828125 0.47890625 0.0328125 0.0375
2 0.26796875 0.41953125 0.0359375 0.0421875
2 0.3125 0.0859375 0.0359375 0.0375
2 0.15625 0.66953125 0.0375 0.034375
2 0.209375 0.73828125 0.040625 0.034375
2 0.17890625 0.74609375 0.034375 0.03125
2 0.171875 0.51328125 0.0359375 0.025
2 0.41171875 0.64375 0.034375 0.034375
2 0.14921875 0.85625 0.0359375 0.04375