2 0.459375 0.32109375 0.0234375 0.021875
2 0.521875 0.36953125 0.0390625 0.025
2 0.5 0.42890625 0.0390625 0.0296875
2 0.39140625 0.42421875 0.0296875 0.0171875
2 0.421875 0.4078125 0.0265625 0.0234375
2 0.440625 0.46796875 0.0359375 0.025
2 0.61953125 0.46015625 0.0265625 0.0296875
2 0.68515625 0.39765625 0.0234375 0.0296875
2 0.72734375 0.528125 0.0390625 0.03125
2 0.690625 0.4515625 0.0296875 0.028125
2 0.4828125 0.28515625 0.0328125 0.025
2 0.51328125 0.23984375 0.0359375 0.028125
2 0.53046875 0.26015625 0.0328125 0.0265625
2 0.6234375 0.31953125 0.0328125 0.01875
2 0.428125 0.3546875 0.0390625 0.0203125
2 0.35859375 0.46171875 0.03125 0.0265625
2 0.5734375 0.59375 0.025 0.0234375
2 0.6015625 0.6125 0.0234375 0.0203125
2 0.4625 0.58828125 0.0265625 0.0203125
2 0.4203125 0.58359375 0.0296875 0.0171875
2 0.38984375 0.59296875 0.0296875 0.0140625
2 0.3890625 0.61640625 0.01875 0.01875