2 0.4265625 0.37421875 0.021875 0.021875
2 0.484375 0.4296875 0.0375 0.0234375
2 0.45703125 0.48515625 0.0375 0.028125
2 0.34921875 0.46796875 0.028125 0.0171875
2 0.38203125 0.45546875 0.025 0.0234375
2 0.39453125 0.5171875 0.034375 0.0234375
2 0.5734375 0.53125 0.025 0.0296875
2 0.64375 0.47734375 0.021875 0.0296875
2 0.6734375 0.61171875 0.0375 0.0296875
2 0.64453125 0.53125 0.028125 0.028125
2 0.453125 0.34140625 0.03125 0.025
2 0.4875 0.3 0.034375 0.0265625
2 0.503125 0.321875 0.03125 0.0265625
2 0.58984375 0.3921875 0.03125 0.01875
2 0.3921875 0.40390625 0.0375 0.01875
2 0.31328125 0.50078125 0.0296875 0.0265625
2 0.51484375 0.6578125 0.0234375 0.0234375
2 0.540625 0.6796875 0.021875 0.0203125
2 0.40546875 0.6390625 0.025 0.0203125
2 0.36328125 0.62890625 0.028125 0.0171875
2 0.3328125 0.634375 0.028125 0.0140625
2 0.32890625 0.6578125 0.0171875 0.01875