2 0.43671875 0.36640625 0.021875 0.0203125
2 0.49609375 0.42109375 0.0375 0.0234375
2 0.4703125 0.47734375 0.0375 0.028125
2 0.3625 0.46171875 0.028125 0.0171875
2 0.39453125 0.4484375 0.025 0.0234375
2 0.40859375 0.51015625 0.034375 0.0234375
2 0.5875 0.52109375 0.025 0.0296875
2 0.65703125 0.465625 0.021875 0.028125
2 0.690625 0.59921875 0.0375 0.0296875
2 0.65859375 0.51953125 0.028125 0.028125
2 0.4625 0.3328125 0.03125 0.025
2 0.4953125 0.29140625 0.034375 0.0265625
2 0.51171875 0.31328125 0.03125 0.0265625
2 0.6 0.38203125 0.03125 0.01875
2 0.40390625 0.396875 0.0375 0.01875
2 0.32734375 0.4953125 0.0296875 0.0265625
2 0.5328125 0.6484375 0.0234375 0.0234375
2 0.56015625 0.6703125 0.021875 0.01875
2 0.4234375 0.63125 0.025 0.0203125
2 0.38125 0.62265625 0.028125 0.0171875
2 0.35078125 0.628125 0.028125 0.0140625
2 0.34765625 0.6515625 0.0171875 0.0171875