2 0.40390625 0.34140625 0.0234375 0.0203125
2 0.45859375 0.3921875 0.0390625 0.0234375
2 0.42734375 0.45 0.0390625 0.028125
2 0.3203125 0.440625 0.0296875 0.015625
2 0.35390625 0.42578125 0.0265625 0.021875
2 0.3625 0.48671875 0.0359375 0.0234375
2 0.540625 0.4875 0.0265625 0.028125
2 0.615625 0.428125 0.0234375 0.028125
2 0.63671875 0.56015625 0.0390625 0.0296875
2 0.6125 0.48203125 0.0296875 0.0265625
2 0.4328125 0.30625 0.0328125 0.0234375
2 0.46953125 0.2625 0.0359375 0.0265625
2 0.48359375 0.28359375 0.0328125 0.025
2 0.56640625 0.346875 0.0328125 0.0171875
2 0.36796875 0.3734375 0.0390625 0.01875
2 0.28203125 0.47734375 0.03125 0.025
2 0.47421875 0.61796875 0.025 0.021875
2 0.49921875 0.63828125 0.0234375 0.01875
2 0.365625 0.6078125 0.0265625 0.01875
2 0.32421875 0.60078125 0.0296875 0.015625
2 0.29296875 0.60859375 0.0296875 0.0125
2 0.28828125 0.63203125 0.01875 0.0171875