2 0.453125 0.37890625 0.0234375 0.021875
2 0.51484375 0.43515625 0.0390625 0.025
2 0.4921875 0.490625 0.0390625 0.0296875
2 0.38359375 0.471875 0.0296875 0.0171875
2 0.41484375 0.46015625 0.0265625 0.0234375
2 0.43203125 0.521875 0.0359375 0.0234375
2 0.6109375 0.5375 0.0265625 0.0296875
2 0.67734375 0.484375 0.0234375 0.0296875
2 0.7171875 0.61953125 0.0390625 0.03125
2 0.68203125 0.53828125 0.0296875 0.028125
2 0.47734375 0.34609375 0.0328125 0.025
2 0.5078125 0.30546875 0.0359375 0.0265625
2 0.525 0.328125 0.0328125 0.0265625
2 0.6171875 0.39921875 0.0328125 0.01875
2 0.42109375 0.40859375 0.0390625 0.0203125
2 0.35 0.5046875 0.03125 0.0265625
2 0.5625 0.6640625 0.025 0.0234375
2 0.58984375 0.6859375 0.0234375 0.0203125
2 0.45234375 0.64375 0.0265625 0.0203125
2 0.409375 0.6328125 0.0296875 0.0171875
2 0.3796875 0.63828125 0.0296875 0.0140625
2 0.37734375 0.66171875 0.01875 0.01875