2 0.33125 0.446875 0.021875 0.0234375
2 0.38125 0.5078125 0.0234375 0.0390625
2 0.4390625 0.48359375 0.028125 0.0390625
2 0.4328125 0.37578125 0.0171875 0.028125
2 0.4171875 0.40703125 0.0234375 0.0265625
2 0.47734375 0.4234375 0.0234375 0.0359375
2 0.4734375 0.60234375 0.0296875 0.0265625
2 0.4125 0.66953125 0.0296875 0.0234375
2 0.54375 0.70703125 0.0296875 0.0390625
2 0.46640625 0.6734375 0.028125 0.0296875
2 0.29609375 0.471875 0.025 0.0328125
2 0.2515625 0.503125 0.0265625 0.0359375
2 0.271875 0.5203125 0.0265625 0.0328125
2 0.33359375 0.6109375 0.01875 0.0328125
2 0.3640625 0.41484375 0.01875 0.0390625
2 0.46953125 0.34140625 0.0265625 0.03125
2 0.60625 0.5515625 0.0234375 0.025
2 0.625 0.57890625 0.0203125 0.0234375
2 0.59765625 0.44140625 0.0203125 0.0265625
2 0.5921875 0.3984375 0.0171875 0.028125
2 0.60078125 0.36875 0.0140625 0.028125
2 0.62421875 0.36640625 0.01875 0.01875