2 0.41796875 0.3390625 0.021875 0.0203125
2 0.475 0.38984375 0.0375 0.0234375
2 0.44609375 0.44765625 0.0390625 0.028125
2 0.3390625 0.4390625 0.028125 0.0171875
2 0.371875 0.42421875 0.025 0.021875
2 0.3828125 0.484375 0.034375 0.0234375
2 0.56171875 0.48359375 0.0265625 0.028125
2 0.63359375 0.42421875 0.0234375 0.028125
2 0.66015625 0.55625 0.0390625 0.0296875
2 0.6328125 0.478125 0.0296875 0.028125
2 0.44609375 0.30390625 0.0328125 0.025
2 0.48125 0.26015625 0.0359375 0.0265625
2 0.49609375 0.28046875 0.0328125 0.0265625
2 0.58125 0.34375 0.03125 0.01875
2 0.38359375 0.37109375 0.0375 0.01875
2 0.3015625 0.475 0.03125 0.0265625
2 0.5 0.615625 0.0234375 0.021875
2 0.52578125 0.63515625 0.021875 0.01875
2 0.390625 0.60546875 0.025 0.01875
2 0.34921875 0.5984375 0.028125 0.0171875
2 0.31796875 0.60625 0.028125 0.0140625
2 0.3140625 0.6296875 0.0171875 0.0171875