2 0.35625 0.41171875 0.0203125 0.0234375
2 0.409375 0.46796875 0.021875 0.0390625
2 0.46640625 0.43828125 0.0265625 0.0390625
2 0.453125 0.33125 0.015625 0.0296875
2 0.43984375 0.3640625 0.021875 0.0265625
2 0.50078125 0.37421875 0.021875 0.0359375
2 0.5078125 0.55234375 0.028125 0.0265625
2 0.45078125 0.62578125 0.028125 0.0234375
2 0.58359375 0.65 0.028125 0.0390625
2 0.5046875 0.62421875 0.0265625 0.0296875
2 0.32265625 0.440625 0.0234375 0.0328125
2 0.2796875 0.4765625 0.025 0.0359375
2 0.3015625 0.490625 0.025 0.0328125
2 0.36796875 0.575 0.0171875 0.0328125
2 0.3875 0.3765625 0.0171875 0.0390625
2 0.48828125 0.29375 0.025 0.03125
2 0.63671875 0.4890625 0.021875 0.025
2 0.65703125 0.5140625 0.01875 0.0234375
2 0.621875 0.38046875 0.01875 0.0265625
2 0.6140625 0.33828125 0.015625 0.0296875
2 0.6203125 0.3078125 0.0125 0.028125
2 0.64375 0.303125 0.0171875 0.01875