2 0.42265625 0.34375 0.021875 0.0203125
2 0.4796875 0.3953125 0.0375 0.021875
2 0.4515625 0.453125 0.0375 0.0265625
2 0.34453125 0.44296875 0.028125 0.015625
2 0.3765625 0.428125 0.025 0.021875
2 0.38828125 0.4890625 0.034375 0.021875
2 0.5671875 0.490625 0.025 0.028125
2 0.6390625 0.43125 0.021875 0.028125
2 0.6671875 0.5640625 0.0375 0.028125
2 0.63828125 0.48515625 0.028125 0.0265625
2 0.45 0.309375 0.03125 0.0234375
2 0.484375 0.265625 0.034375 0.025
2 0.49921875 0.28671875 0.03125 0.025
2 0.58515625 0.35078125 0.03125 0.0171875
2 0.38828125 0.37578125 0.0375 0.0171875
2 0.3078125 0.47890625 0.0296875 0.025
2 0.50703125 0.62109375 0.0234375 0.021875
2 0.53359375 0.64140625 0.021875 0.01875
2 0.3984375 0.61015625 0.025 0.01875
2 0.35625 0.603125 0.028125 0.015625
2 0.32578125 0.61015625 0.028125 0.0125
2 0.321875 0.63359375 0.0171875 0.0171875