2 0.38203125 0.4140625 0.021875 0.0234375
2 0.43828125 0.4703125 0.025 0.0390625
2 0.49296875 0.44140625 0.0296875 0.0390625
2 0.47421875 0.33359375 0.0171875 0.028125
2 0.4625 0.36640625 0.0234375 0.0265625
2 0.52421875 0.3765625 0.025 0.0359375
2 0.54140625 0.55546875 0.0296875 0.0265625
2 0.48828125 0.62890625 0.0296875 0.0234375
2 0.6234375 0.65390625 0.03125 0.0390625
2 0.5421875 0.6265625 0.028125 0.0296875
2 0.34921875 0.4421875 0.025 0.0328125
2 0.30859375 0.478125 0.028125 0.0359375
2 0.33046875 0.4921875 0.0265625 0.0328125
2 0.40234375 0.5765625 0.01875 0.0328125
2 0.4109375 0.37890625 0.0203125 0.0390625
2 0.50703125 0.29609375 0.0265625 0.03125
2 0.6671875 0.4921875 0.0234375 0.025
2 0.6890625 0.51796875 0.0203125 0.0234375
2 0.64609375 0.38359375 0.0203125 0.0265625
2 0.63515625 0.3421875 0.0171875 0.028125
2 0.63984375 0.3109375 0.0140625 0.028125
2 0.66328125 0.30703125 0.01875 0.01875