2 0.440625 0.4046875 0.021875 0.0234375
2 0.50078125 0.4640625 0.0375 0.0265625
2 0.47578125 0.51796875 0.0375 0.03125
2 0.36796875 0.49296875 0.028125 0.01875
2 0.39921875 0.4828125 0.025 0.025
2 0.4140625 0.5453125 0.034375 0.0265625
2 0.59375 0.571875 0.0265625 0.03125
2 0.66171875 0.52265625 0.0234375 0.03125
2 0.696875 0.659375 0.0390625 0.0328125
2 0.66484375 0.5765625 0.028125 0.0296875
2 0.46640625 0.3734375 0.03125 0.0265625
2 0.4984375 0.334375 0.034375 0.0296875
2 0.51484375 0.3578125 0.03125 0.028125
2 0.60390625 0.43359375 0.03125 0.0203125
2 0.4078125 0.43125 0.0375 0.021875
2 0.3328125 0.5234375 0.0296875 0.028125
2 0.53984375 0.69453125 0.0234375 0.025
2 0.5671875 0.71796875 0.021875 0.021875
2 0.43046875 0.66796875 0.025 0.021875
2 0.38828125 0.6546875 0.028125 0.01875
2 0.3578125 0.6578125 0.028125 0.015625
2 0.35546875 0.68125 0.0171875 0.01875