2 0.44921875 0.3640625 0.0234375 0.0203125
2 0.51015625 0.41796875 0.0390625 0.0234375
2 0.48671875 0.47421875 0.0390625 0.028125
2 0.378125 0.459375 0.0296875 0.0171875
2 0.409375 0.44609375 0.0265625 0.021875
2 0.42578125 0.5078125 0.0359375 0.0234375
2 0.60546875 0.51796875 0.0265625 0.028125
2 0.67265625 0.46171875 0.0234375 0.028125
2 0.7109375 0.5953125 0.0390625 0.0296875
2 0.67578125 0.515625 0.0296875 0.028125
2 0.4734375 0.33046875 0.0328125 0.025
2 0.5046875 0.28828125 0.0359375 0.0265625
2 0.521875 0.31015625 0.0328125 0.0265625
2 0.6125 0.378125 0.0328125 0.01875
2 0.4171875 0.39453125 0.0390625 0.01875
2 0.34375 0.49375 0.03125 0.0265625
2 0.5546875 0.6453125 0.025 0.021875
2 0.5828125 0.66640625 0.0234375 0.01875
2 0.44453125 0.62890625 0.0265625 0.01875
2 0.40234375 0.6203125 0.0296875 0.0171875
2 0.371875 0.6265625 0.028125 0.0140625
2 0.3703125 0.65 0.01875 0.0171875