2 0.528125 0.71484375 0.0234375 0.0234375
2 0.47265625 0.65546875 0.0390625 0.0265625
2 0.503125 0.6015625 0.0390625 0.03125
2 0.61015625 0.6265625 0.0296875 0.01875
2 0.57734375 0.63671875 0.0265625 0.025
2 0.56796875 0.57421875 0.0359375 0.0265625
2 0.3890625 0.5484375 0.0265625 0.03125
2 0.31484375 0.59765625 0.0234375 0.03125
2 0.2921875 0.46171875 0.0390625 0.0328125
2 0.31796875 0.54375 0.0296875 0.0296875
2 0.49921875 0.74609375 0.0328125 0.0265625
2 0.4625 0.78515625 0.0359375 0.0296875
2 0.4484375 0.7625 0.0328125 0.028125
2 0.365625 0.68671875 0.0328125 0.0203125
2 0.56328125 0.6875 0.0390625 0.021875
2 0.6484375 0.5953125 0.03125 0.028125
2 0.4546875 0.42578125 0.025 0.025
2 0.42890625 0.40234375 0.0234375 0.021875
2 0.56328125 0.4515625 0.0265625 0.021875
2 0.6046875 0.4640625 0.0296875 0.01875
2 0.6359375 0.4609375 0.0296875 0.015625
2 0.63984375 0.4375 0.01875 0.01875