2 0.61484375 0.71171875 0.0234375 0.0234375
2 0.55234375 0.653125 0.0390625 0.0265625
2 0.575 0.5984375 0.0390625 0.03125
2 0.68359375 0.62265625 0.0296875 0.01875
2 0.653125 0.6328125 0.0265625 0.025
2 0.63515625 0.5703125 0.0359375 0.025
2 0.45625 0.54609375 0.0265625 0.03125
2 0.38984375 0.59609375 0.0234375 0.03125
2 0.34921875 0.459375 0.0390625 0.0328125
2 0.38515625 0.5421875 0.0296875 0.0296875
2 0.590625 0.74296875 0.0328125 0.0265625
2 0.56015625 0.78203125 0.0359375 0.028125
2 0.54296875 0.759375 0.0328125 0.028125
2 0.45078125 0.684375 0.0328125 0.0203125
2 0.64609375 0.684375 0.0390625 0.021875
2 0.7171875 0.59140625 0.03125 0.028125
2 0.50390625 0.42265625 0.025 0.025
2 0.47578125 0.39921875 0.0234375 0.021875
2 0.6140625 0.44765625 0.0265625 0.021875
2 0.65703125 0.46015625 0.0296875 0.01875
2 0.68671875 0.45703125 0.0296875 0.015625
2 0.68828125 0.43359375 0.01875 0.01875