2 0.36171875 0.42265625 0.0203125 0.021875
2 0.415625 0.4796875 0.0234375 0.0375
2 0.471875 0.4515625 0.028125 0.0375
2 0.4578125 0.34453125 0.015625 0.028125
2 0.44453125 0.3765625 0.021875 0.025
2 0.50546875 0.38828125 0.0234375 0.034375
2 0.5140625 0.5671875 0.028125 0.025
2 0.4578125 0.6390625 0.028125 0.021875
2 0.59140625 0.6671875 0.0296875 0.0375
2 0.51171875 0.63828125 0.0265625 0.028125
2 0.328125 0.45 0.0234375 0.03125
2 0.2859375 0.484375 0.0265625 0.034375
2 0.30703125 0.49921875 0.025 0.03125
2 0.375 0.58515625 0.0171875 0.03125
2 0.3921875 0.38828125 0.01875 0.0375
2 0.49140625 0.3078125 0.025 0.0296875
2 0.64296875 0.50703125 0.021875 0.0234375
2 0.66328125 0.53359375 0.01875 0.021875
2 0.6265625 0.3984375 0.01875 0.025
2 0.61796875 0.35625 0.015625 0.028125
2 0.62421875 0.32578125 0.0125 0.028125
2 0.64765625 0.321875 0.0171875 0.0171875