2 0.36171875 0.459375 0.0203125 0.0234375
2 0.415625 0.521875 0.0234375 0.0390625
2 0.471875 0.5 0.028125 0.0390625
2 0.4578125 0.39140625 0.015625 0.0296875
2 0.44453125 0.421875 0.021875 0.0265625
2 0.50546875 0.440625 0.0234375 0.0359375
2 0.5140625 0.61953125 0.028125 0.0265625
2 0.4578125 0.68515625 0.028125 0.0234375
2 0.59140625 0.72734375 0.0296875 0.0390625
2 0.51171875 0.690625 0.0265625 0.0296875
2 0.328125 0.4828125 0.0234375 0.0328125
2 0.2859375 0.51328125 0.0265625 0.0359375
2 0.30703125 0.53046875 0.025 0.0328125
2 0.375 0.6234375 0.0171875 0.0328125
2 0.3921875 0.428125 0.01875 0.0390625
2 0.49140625 0.35859375 0.025 0.03125
2 0.64296875 0.5734375 0.021875 0.025
2 0.66328125 0.6015625 0.01875 0.0234375
2 0.6265625 0.4625 0.01875 0.0265625
2 0.61796875 0.4203125 0.015625 0.0296875
2 0.62421875 0.38984375 0.0125 0.0296875
2 0.64765625 0.3890625 0.0171875 0.01875