2 0.34921875 0.45703125 0.0203125 0.0234375
2 0.40078125 0.51953125 0.021875 0.0390625
2 0.45859375 0.49765625 0.0265625 0.0390625
2 0.446875 0.3890625 0.015625 0.0296875
2 0.4328125 0.41953125 0.021875 0.0265625
2 0.49375 0.4375 0.021875 0.0359375
2 0.49765625 0.6171875 0.028125 0.0265625
2 0.4390625 0.6828125 0.028125 0.0234375
2 0.571875 0.72421875 0.028125 0.0390625
2 0.49296875 0.6875 0.0265625 0.0296875
2 0.31484375 0.48125 0.0234375 0.0328125
2 0.27109375 0.51171875 0.025 0.0359375
2 0.2921875 0.52890625 0.025 0.0328125
2 0.3578125 0.62109375 0.0171875 0.0328125
2 0.38046875 0.42578125 0.0171875 0.0390625
2 0.4828125 0.35546875 0.025 0.03125
2 0.62734375 0.56953125 0.021875 0.025
2 0.64765625 0.59765625 0.01875 0.0234375
2 0.61484375 0.459375 0.01875 0.0265625
2 0.60703125 0.41640625 0.015625 0.0296875
2 0.6140625 0.38671875 0.0125 0.0296875
2 0.6375 0.38515625 0.0171875 0.01875