2 0.371875 0.4328125 0.021875 0.021875
2 0.4265625 0.49140625 0.0234375 0.0375
2 0.4828125 0.46484375 0.028125 0.0375
2 0.465625 0.35703125 0.0171875 0.028125
2 0.453125 0.3890625 0.0234375 0.025
2 0.51484375 0.403125 0.0234375 0.034375
2 0.528125 0.58203125 0.0296875 0.025
2 0.4734375 0.6515625 0.0296875 0.021875
2 0.6078125 0.68359375 0.0296875 0.0375
2 0.52734375 0.653125 0.028125 0.028125
2 0.33828125 0.45859375 0.025 0.03125
2 0.296875 0.4921875 0.0265625 0.034375
2 0.31875 0.5078125 0.0265625 0.03125
2 0.38828125 0.59609375 0.01875 0.03125
2 0.4015625 0.39921875 0.01875 0.0375
2 0.49921875 0.321875 0.0265625 0.0296875
2 0.6546875 0.52578125 0.0234375 0.0234375
2 0.6765625 0.55234375 0.0203125 0.021875
2 0.63671875 0.41640625 0.0203125 0.025
2 0.6265625 0.37421875 0.0171875 0.028125
2 0.63203125 0.34375 0.0140625 0.028125
2 0.65546875 0.340625 0.01875 0.0171875