2 0.33125 0.39375 0.021875 0.0234375
2 0.38125 0.446875 0.0234375 0.0390625
2 0.4390625 0.4140625 0.028125 0.040625
2 0.4328125 0.3078125 0.0171875 0.0296875
2 0.4171875 0.340625 0.0234375 0.0265625
2 0.47734375 0.34765625 0.0234375 0.0359375
2 0.4734375 0.5265625 0.0296875 0.028125
2 0.4125 0.60234375 0.0296875 0.025
2 0.54375 0.6203125 0.0296875 0.040625
2 0.46640625 0.59765625 0.028125 0.03125
2 0.29609375 0.4234375 0.025 0.034375
2 0.2515625 0.46171875 0.0265625 0.0375
2 0.271875 0.475 0.0265625 0.034375
2 0.33359375 0.55546875 0.01875 0.0328125
2 0.3640625 0.35625 0.01875 0.0390625
2 0.46953125 0.26796875 0.0265625 0.0328125
2 0.60625 0.45546875 0.0234375 0.025
2 0.625 0.4796875 0.0203125 0.0234375
2 0.59765625 0.34765625 0.0203125 0.0265625
2 0.5921875 0.30625 0.0171875 0.0296875
2 0.60078125 0.275 0.0140625 0.0296875
2 0.62421875 0.26953125 0.01875 0.01875