2 0.44453125 0.31875 0.0234375 0.021875
2 0.50546875 0.3671875 0.0390625 0.025
2 0.48125 0.42578125 0.0390625 0.0296875
2 0.37265625 0.42265625 0.028125 0.0171875
2 0.4046875 0.40546875 0.0265625 0.0234375
2 0.4203125 0.465625 0.0359375 0.025
2 0.59921875 0.45703125 0.0265625 0.0296875
2 0.6671875 0.39375 0.0234375 0.0296875
2 0.70390625 0.52421875 0.0390625 0.03125
2 0.6703125 0.44765625 0.0296875 0.028125
2 0.4703125 0.2828125 0.0328125 0.0265625
2 0.5015625 0.23671875 0.0359375 0.028125
2 0.51796875 0.25703125 0.0328125 0.028125
2 0.60859375 0.315625 0.03125 0.0203125
2 0.4125 0.353125 0.0375 0.0203125
2 0.33828125 0.46015625 0.03125 0.0265625
2 0.54765625 0.590625 0.025 0.0234375
2 0.575 0.609375 0.021875 0.0203125
2 0.4375 0.5859375 0.025 0.0203125
2 0.3953125 0.58125 0.028125 0.0171875
2 0.36484375 0.590625 0.028125 0.0140625
2 0.3625 0.6140625 0.0171875 0.01875