2 0.440625 0.359375 0.021875 0.0203125
2 0.50078125 0.4125 0.0375 0.021875
2 0.47578125 0.46875 0.0375 0.0265625
2 0.36796875 0.45546875 0.028125 0.015625
2 0.39921875 0.4421875 0.025 0.021875
2 0.4140625 0.503125 0.034375 0.021875
2 0.59375 0.5109375 0.0265625 0.028125
2 0.66171875 0.4546875 0.0234375 0.028125
2 0.696875 0.5875 0.0390625 0.028125
2 0.66484375 0.50859375 0.028125 0.0265625
2 0.46640625 0.325 0.03125 0.0234375
2 0.4984375 0.2828125 0.034375 0.025
2 0.51484375 0.30390625 0.03125 0.025
2 0.60390625 0.37109375 0.03125 0.0171875
2 0.4078125 0.38984375 0.0375 0.0171875
2 0.3328125 0.48984375 0.0296875 0.025
2 0.53984375 0.63984375 0.0234375 0.021875
2 0.5671875 0.66015625 0.021875 0.01875
2 0.43046875 0.62421875 0.025 0.01875
2 0.38828125 0.615625 0.028125 0.015625
2 0.3578125 0.62265625 0.028125 0.0125
2 0.35546875 0.64609375 0.0171875 0.0171875