2 0.31640625 0.434375 0.021875 0.021875
2 0.3640625 0.49375 0.025 0.0375
2 0.4234375 0.46796875 0.0296875 0.0375
2 0.4203125 0.36015625 0.0171875 0.028125
2 0.40390625 0.39140625 0.0234375 0.025
2 0.46328125 0.40546875 0.025 0.034375
2 0.45390625 0.584375 0.0296875 0.025
2 0.38984375 0.6546875 0.0296875 0.021875
2 0.5203125 0.6875 0.03125 0.0375
2 0.44375 0.65546875 0.028125 0.028125
2 0.2796875 0.4609375 0.0265625 0.03125
2 0.234375 0.49375 0.028125 0.034375
2 0.25390625 0.509375 0.028125 0.03125
2 0.3125 0.59765625 0.0203125 0.03125
2 0.35078125 0.4015625 0.0203125 0.0375
2 0.45859375 0.32421875 0.028125 0.0296875
2 0.5875 0.52890625 0.0234375 0.0234375
2 0.60625 0.55625 0.0203125 0.021875
2 0.58359375 0.41953125 0.0203125 0.025
2 0.57890625 0.37734375 0.0171875 0.028125
2 0.58828125 0.346875 0.0140625 0.028125
2 0.6125 0.34453125 0.01875 0.0171875