2 0.40625 0.30390625 0.0234375 0.0234375
2 0.4609375 0.35 0.0390625 0.0265625
2 0.43046875 0.409375 0.0390625 0.03125
2 0.3234375 0.41015625 0.0296875 0.01875
2 0.35625 0.3921875 0.0265625 0.025
2 0.365625 0.4515625 0.0359375 0.025
2 0.54375 0.43671875 0.0265625 0.03125
2 0.61796875 0.37109375 0.0234375 0.03125
2 0.63984375 0.5 0.0390625 0.0328125
2 0.615625 0.425 0.0296875 0.0296875
2 0.43515625 0.26640625 0.0328125 0.0265625
2 0.47109375 0.21953125 0.0359375 0.028125
2 0.4859375 0.2390625 0.0328125 0.028125
2 0.56875 0.2953125 0.0328125 0.0203125
2 0.3703125 0.3390625 0.0390625 0.021875
2 0.28515625 0.44921875 0.03125 0.028125
2 0.478125 0.57265625 0.025 0.025
2 0.503125 0.58984375 0.0234375 0.021875
2 0.36953125 0.57109375 0.0265625 0.021875
2 0.32734375 0.56796875 0.0296875 0.01875
2 0.296875 0.57890625 0.0296875 0.015625
2 0.2921875 0.60234375 0.01875 0.01875