2 0.584375 0.61171875 0.021875 0.021875
2 0.525 0.56328125 0.0375 0.025
2 0.55 0.5046875 0.0375 0.0296875
2 0.6578125 0.509375 0.028125 0.0171875
2 0.6265625 0.52578125 0.025 0.0234375
2 0.61171875 0.465625 0.034375 0.0234375
2 0.4328125 0.471875 0.025 0.0296875
2 0.3640625 0.534375 0.021875 0.0296875
2 0.3296875 0.40390625 0.0375 0.03125
2 0.36171875 0.48046875 0.028125 0.028125
2 0.55859375 0.64765625 0.03125 0.025
2 0.5265625 0.69296875 0.034375 0.0265625
2 0.51015625 0.67265625 0.03125 0.0265625
2 0.42109375 0.61328125 0.03125 0.01875
2 0.6171875 0.57890625 0.0375 0.0203125
2 0.69296875 0.471875 0.0296875 0.0265625
2 0.48671875 0.3390625 0.0234375 0.0234375
2 0.459375 0.3203125 0.021875 0.0203125
2 0.59609375 0.3453125 0.025 0.0203125
2 0.6390625 0.35 0.028125 0.0171875
2 0.66875 0.34140625 0.028125 0.0140625
2 0.671875 0.31796875 0.0171875 0.01875