2 0.53203125 0.66796875 0.0234375 0.0203125
2 0.4765625 0.6140625 0.0390625 0.0234375
2 0.50625 0.5578125 0.0390625 0.028125
2 0.61328125 0.5734375 0.0296875 0.0171875
2 0.58046875 0.5859375 0.0265625 0.0234375
2 0.5703125 0.525 0.0359375 0.0234375
2 0.3921875 0.5140625 0.0265625 0.0296875
2 0.31796875 0.56953125 0.0234375 0.028125
2 0.29453125 0.43515625 0.0390625 0.0296875
2 0.3203125 0.515625 0.0296875 0.028125
2 0.503125 0.7015625 0.0328125 0.025
2 0.4671875 0.74375 0.0359375 0.0265625
2 0.45234375 0.721875 0.0328125 0.0265625
2 0.36875 0.653125 0.0328125 0.01875
2 0.5671875 0.63828125 0.0390625 0.01875
2 0.6515625 0.5390625 0.03125 0.0265625
2 0.45625 0.3859375 0.025 0.0234375
2 0.43125 0.36484375 0.0234375 0.01875
2 0.56484375 0.403125 0.0265625 0.0203125
2 0.60703125 0.4125 0.0296875 0.0171875
2 0.6375 0.40703125 0.028125 0.0140625
2 0.6421875 0.38359375 0.01875 0.0171875