2 0.565625 0.58515625 0.021875 0.0234375
2 0.5078125 0.5390625 0.0375 0.0265625
2 0.534375 0.4796875 0.0375 0.03125
2 0.6421875 0.47890625 0.028125 0.01875
2 0.61015625 0.496875 0.025 0.025
2 0.596875 0.4375 0.034375 0.025
2 0.41796875 0.45234375 0.025 0.03125
2 0.34765625 0.51796875 0.021875 0.03125
2 0.3171875 0.3890625 0.0375 0.0328125
2 0.346875 0.4640625 0.028125 0.0296875
2 0.5390625 0.62265625 0.03125 0.0265625
2 0.50546875 0.66953125 0.034375 0.028125
2 0.48984375 0.65 0.03125 0.028125
2 0.40234375 0.59375 0.03125 0.0203125
2 0.59921875 0.55 0.0375 0.021875
2 0.678125 0.43984375 0.0296875 0.028125
2 0.47578125 0.31640625 0.0234375 0.025
2 0.44921875 0.29921875 0.021875 0.021875
2 0.58515625 0.31796875 0.025 0.021875
2 0.62734375 0.32109375 0.028125 0.01875
2 0.6578125 0.31015625 0.028125 0.015625
2 0.6609375 0.28671875 0.0171875 0.01875