2 0.61484375 0.6984375 0.0234375 0.021875
2 0.55234375 0.640625 0.0390625 0.025
2 0.575 0.5859375 0.0390625 0.0296875
2 0.68359375 0.60703125 0.0296875 0.01875
2 0.653125 0.61875 0.0265625 0.0234375
2 0.63515625 0.55625 0.0359375 0.025
2 0.45625 0.5359375 0.0265625 0.0296875
2 0.38984375 0.5875 0.0234375 0.0296875
2 0.34921875 0.45234375 0.0390625 0.03125
2 0.38515625 0.53359375 0.0296875 0.0296875
2 0.590625 0.73046875 0.0328125 0.0265625
2 0.56015625 0.7703125 0.0359375 0.028125
2 0.54296875 0.74765625 0.0328125 0.028125
2 0.45078125 0.67421875 0.0328125 0.0203125
2 0.64609375 0.6703125 0.0390625 0.0203125
2 0.7171875 0.575 0.03125 0.028125
2 0.50390625 0.41171875 0.025 0.0234375
2 0.47578125 0.3890625 0.0234375 0.0203125
2 0.6140625 0.434375 0.0265625 0.0203125
2 0.65703125 0.44609375 0.0296875 0.01875
2 0.68671875 0.44140625 0.0296875 0.015625
2 0.68828125 0.41796875 0.01875 0.01875