2 0.53203125 0.62734375 0.0203125 0.01875
2 0.5015625 0.59140625 0.0140625 0.021875
2 0.50078125 0.5640625 0.0140625 0.021875
2 0.47421875 0.625 0.0140625 0.0171875
2 0.4921875 0.64140625 0.0171875 0.021875
2 0.45078125 0.63671875 0.0171875 0.025
2 0.4546875 0.56640625 0.0171875 0.01875
2 0.440625 0.49296875 0.0171875 0.0171875
2 0.4359375 0.41171875 0.0140625 0.021875
2 0.50546875 0.38125 0.0171875 0.0109375
2 0.53984375 0.6453125 0.0140625 0.015625
2 0.54609375 0.7078125 0.0140625 0.0140625
2 0.5234375 0.71953125 0.0140625 0.015625
2 0.56875 0.565625 0.0203125 0.0171875
2 0.5796875 0.43203125 0.0234375 0.0171875
2 0.57265625 0.62734375 0.0171875 0.021875
2 0.5578125 0.59296875 0.0140625 0.015625