2 0.51328125 0.434375 0.01875 0.021875
2 0.53984375 0.4734375 0.0125 0.0234375
2 0.53828125 0.50078125 0.0125 0.0234375
2 0.57109375 0.44453125 0.0125 0.01875
2 0.5546875 0.425 0.015625 0.0234375
2 0.5953125 0.4359375 0.015625 0.0265625
2 0.584375 0.50546875 0.015625 0.0203125
2 0.59140625 0.5796875 0.015625 0.01875
2 0.58828125 0.6609375 0.0125 0.0234375
2 0.51484375 0.68125 0.015625 0.0125
2 0.50703125 0.415625 0.0125 0.0171875
2 0.5078125 0.35234375 0.0125 0.015625
2 0.53125 0.34375 0.0125 0.0171875
2 0.4703125 0.48984375 0.01875 0.0203125
2 0.44609375 0.6203125 0.021875 0.0203125
2 0.47265625 0.428125 0.015625 0.0234375
2 0.484375 0.4640625 0.0125 0.0171875