2 0.6078125 0.41796875 0.0203125 0.0203125
2 0.5734375 0.39375 0.021875 0.0140625
2 0.54609375 0.39765625 0.021875 0.0140625
2 0.6078125 0.36015625 0.0171875 0.0140625
2 0.62421875 0.375 0.0234375 0.0171875
2 0.6203125 0.33515625 0.0265625 0.01875
2 0.55 0.35078125 0.0203125 0.0171875
2 0.4765625 0.35078125 0.01875 0.0171875
2 0.3953125 0.36015625 0.021875 0.0140625
2 0.36171875 0.4359375 0.0125 0.0171875
2 0.625 0.421875 0.015625 0.0140625
2 0.6875 0.41640625 0.0140625 0.0140625
2 0.70078125 0.3921875 0.015625 0.0140625
2 0.54453125 0.46484375 0.01875 0.0203125
2 0.41015625 0.5 0.01875 0.0234375
2 0.60625 0.45859375 0.0234375 0.0171875
2 0.57265625 0.44921875 0.015625 0.0140625