2 0.521875 0.4125 0.01875 0.0203125
2 0.54921875 0.45078125 0.0125 0.0234375
2 0.5484375 0.478125 0.0125 0.0234375
2 0.5796875 0.42109375 0.0125 0.01875
2 0.56328125 0.40234375 0.015625 0.0234375
2 0.60390625 0.4109375 0.015625 0.0265625
2 0.59453125 0.48046875 0.015625 0.0203125
2 0.603125 0.5546875 0.015625 0.01875
2 0.6015625 0.6359375 0.0125 0.0234375
2 0.5296875 0.659375 0.015625 0.0125
2 0.515625 0.39375 0.0125 0.0171875
2 0.5140625 0.33125 0.0125 0.015625
2 0.5375 0.321875 0.0125 0.0171875
2 0.48046875 0.4703125 0.01875 0.01875
2 0.459375 0.6015625 0.021875 0.01875
2 0.48125 0.40859375 0.015625 0.0234375
2 0.49375 0.44375 0.0125 0.0171875