2 0.525 0.59375 0.0203125 0.0203125
2 0.49453125 0.56015625 0.0140625 0.0234375
2 0.49375 0.5328125 0.0140625 0.0234375
2 0.46640625 0.5953125 0.0140625 0.01875
2 0.484375 0.6109375 0.0171875 0.0234375
2 0.44296875 0.60859375 0.0171875 0.0265625
2 0.44765625 0.5375 0.0171875 0.0203125
2 0.43515625 0.46484375 0.0171875 0.01875
2 0.43046875 0.38359375 0.0140625 0.0234375
2 0.5015625 0.34765625 0.015625 0.0125
2 0.53203125 0.6109375 0.0140625 0.0171875
2 0.5375 0.6734375 0.0140625 0.015625
2 0.51484375 0.6875 0.0140625 0.0171875
2 0.56171875 0.52890625 0.0203125 0.01875
2 0.57421875 0.39375 0.0234375 0.01875
2 0.565625 0.59140625 0.0171875 0.0234375
2 0.55078125 0.5578125 0.0140625 0.0171875