2 0.4546875 0.646875 0.01875 0.01875
2 0.42890625 0.61015625 0.0140625 0.021875
2 0.43046875 0.5828125 0.0140625 0.021875
2 0.396875 0.6421875 0.0125 0.0171875
2 0.4125 0.659375 0.0171875 0.021875
2 0.37265625 0.653125 0.0171875 0.025
2 0.384375 0.5828125 0.015625 0.01875
2 0.3796875 0.509375 0.015625 0.0171875
2 0.384375 0.428125 0.0140625 0.021875
2 0.45859375 0.40078125 0.015625 0.0109375
2 0.46015625 0.66484375 0.0125 0.015625
2 0.45859375 0.72734375 0.0125 0.0140625
2 0.434375 0.73828125 0.0125 0.015625
2 0.4984375 0.58671875 0.01875 0.0171875
2 0.52578125 0.45390625 0.021875 0.0171875
2 0.4953125 0.6484375 0.0171875 0.021875
2 0.484375 0.6140625 0.0125 0.015625