2 0.534375 0.3578125 0.01875 0.01875
2 0.56328125 0.39375 0.0140625 0.021875
2 0.56328125 0.42109375 0.0140625 0.021875
2 0.5921875 0.36015625 0.0125 0.0171875
2 0.575 0.34296875 0.0171875 0.021875
2 0.61640625 0.3484375 0.0171875 0.025
2 0.609375 0.41875 0.015625 0.01875
2 0.6203125 0.4921875 0.015625 0.0171875
2 0.621875 0.5734375 0.0140625 0.021875
2 0.55078125 0.60390625 0.015625 0.0109375
2 0.52734375 0.340625 0.0125 0.015625
2 0.52421875 0.278125 0.0125 0.0140625
2 0.546875 0.265625 0.0125 0.015625
2 0.4953125 0.41953125 0.01875 0.0171875
2 0.47890625 0.55390625 0.021875 0.0171875
2 0.49375 0.3578125 0.0171875 0.021875
2 0.5078125 0.3921875 0.0125 0.015625