2 0.59375 0.42109375 0.0203125 0.0203125
2 0.56015625 0.39765625 0.0234375 0.0140625
2 0.5328125 0.40078125 0.0234375 0.0140625
2 0.5953125 0.3640625 0.01875 0.0140625
2 0.6109375 0.37890625 0.0234375 0.0171875
2 0.60859375 0.33828125 0.0265625 0.0171875
2 0.5375 0.3546875 0.0203125 0.0171875
2 0.46484375 0.35390625 0.01875 0.0171875
2 0.38359375 0.3625 0.0234375 0.0140625
2 0.34765625 0.43828125 0.0125 0.0171875
2 0.6109375 0.42578125 0.0171875 0.0140625
2 0.6734375 0.42109375 0.015625 0.0140625
2 0.6875 0.39609375 0.0171875 0.0140625
2 0.52890625 0.46875 0.01875 0.0203125
2 0.39375 0.503125 0.01875 0.0234375
2 0.59140625 0.46171875 0.0234375 0.0171875
2 0.5578125 0.45234375 0.0171875 0.0140625