2 0.671875 0.49921875 0.0203125 0.01875
2 0.63359375 0.4703125 0.0234375 0.0125
2 0.60625 0.4703125 0.0234375 0.0125
2 0.6640625 0.440625 0.01875 0.0125
2 0.6828125 0.4578125 0.0234375 0.015625
2 0.67421875 0.4171875 0.0265625 0.015625
2 0.6046875 0.42421875 0.0203125 0.015625
2 0.53046875 0.41484375 0.01875 0.015625
2 0.44921875 0.4140625 0.0234375 0.0125
2 0.42578125 0.48515625 0.0125 0.015625
2 0.690625 0.50546875 0.0171875 0.0125
2 0.753125 0.50859375 0.015625 0.0125
2 0.7625 0.48515625 0.0171875 0.0125
2 0.61484375 0.53828125 0.01875 0.01875
2 0.4828125 0.55625 0.01875 0.021875
2 0.67578125 0.53984375 0.0234375 0.015625
2 0.640625 0.52578125 0.0171875 0.0125