2 0.64921875 0.546875 0.01875 0.0203125
2 0.6125 0.515625 0.021875 0.0140625
2 0.58515625 0.5140625 0.021875 0.0140625
2 0.64453125 0.4890625 0.0171875 0.0140625
2 0.6625 0.50703125 0.021875 0.0171875
2 0.65546875 0.465625 0.025 0.01875
2 0.58515625 0.46796875 0.01875 0.0171875
2 0.51171875 0.45234375 0.0171875 0.0171875
2 0.43046875 0.4453125 0.021875 0.0140625
2 0.403125 0.51484375 0.0109375 0.0171875
2 0.66796875 0.55546875 0.015625 0.0140625
2 0.73046875 0.5625 0.0140625 0.0140625
2 0.74140625 0.540625 0.015625 0.0140625
2 0.58984375 0.58203125 0.0171875 0.0203125
2 0.45703125 0.58984375 0.0171875 0.0234375
2 0.6515625 0.5875 0.021875 0.0171875
2 0.6171875 0.571875 0.015625 0.0140625