2 0.59609375 0.41796875 0.0203125 0.0203125
2 0.5625 0.39375 0.0234375 0.0140625
2 0.53515625 0.39765625 0.0234375 0.0140625
2 0.59765625 0.36015625 0.01875 0.0140625
2 0.61328125 0.375 0.0234375 0.0171875
2 0.6109375 0.33515625 0.0265625 0.01875
2 0.53984375 0.35078125 0.0203125 0.0171875
2 0.4671875 0.35078125 0.01875 0.0171875
2 0.3859375 0.36015625 0.0234375 0.0140625
2 0.35078125 0.4359375 0.0125 0.0171875
2 0.6140625 0.421875 0.0171875 0.0140625
2 0.6765625 0.41640625 0.015625 0.0140625
2 0.68984375 0.3921875 0.0171875 0.0140625
2 0.53203125 0.46484375 0.01875 0.0203125
2 0.396875 0.5 0.01875 0.0234375
2 0.59375 0.45859375 0.0234375 0.0171875
2 0.5609375 0.44921875 0.0171875 0.0140625