2 0.51328125 0.64375 0.0203125 0.01875
2 0.484375 0.60703125 0.0140625 0.021875
2 0.48359375 0.58046875 0.0140625 0.021875
2 0.45546875 0.63984375 0.0140625 0.0171875
2 0.47265625 0.65703125 0.0171875 0.021875
2 0.43203125 0.65078125 0.0171875 0.025
2 0.4375 0.58046875 0.0171875 0.01875
2 0.42578125 0.50703125 0.0171875 0.0171875
2 0.4234375 0.42578125 0.0140625 0.021875
2 0.49453125 0.39765625 0.015625 0.0109375
2 0.52109375 0.6625 0.0140625 0.015625
2 0.525 0.725 0.0125 0.0140625
2 0.50234375 0.7359375 0.0140625 0.015625
2 0.5515625 0.584375 0.0203125 0.0171875
2 0.56640625 0.45078125 0.0234375 0.0171875
2 0.5546875 0.64609375 0.0171875 0.021875
2 0.53984375 0.6109375 0.0140625 0.015625