2 0.51015625 0.66640625 0.0203125 0.0203125
2 0.48125 0.62890625 0.0140625 0.0234375
2 0.48046875 0.6015625 0.0140625 0.0234375
2 0.45234375 0.659375 0.0140625 0.01875
2 0.46953125 0.67734375 0.0171875 0.0234375
2 0.428125 0.66953125 0.0171875 0.0265625
2 0.434375 0.6 0.0171875 0.0203125
2 0.4234375 0.52578125 0.0171875 0.01875
2 0.42109375 0.44453125 0.0140625 0.0234375
2 0.4921875 0.41953125 0.015625 0.0125
2 0.5171875 0.68515625 0.0125 0.0171875
2 0.52109375 0.74765625 0.0125 0.015625
2 0.49765625 0.7578125 0.0125 0.0171875
2 0.5484375 0.60859375 0.0203125 0.01875
2 0.5640625 0.4765625 0.0234375 0.01875
2 0.55078125 0.6703125 0.0171875 0.0234375
2 0.53671875 0.63515625 0.0125 0.0171875