2 0.50625 0.621875 0.01875 0.01875
2 0.47734375 0.58671875 0.0140625 0.021875
2 0.47734375 0.55859375 0.0140625 0.021875
2 0.4484375 0.61953125 0.0125 0.0171875
2 0.465625 0.63671875 0.0171875 0.021875
2 0.42421875 0.63203125 0.0171875 0.025
2 0.43125 0.56171875 0.015625 0.01875
2 0.4203125 0.48828125 0.015625 0.0171875
2 0.41875 0.40703125 0.0140625 0.021875
2 0.48984375 0.37578125 0.015625 0.0109375
2 0.51328125 0.6390625 0.0125 0.015625
2 0.51640625 0.7015625 0.0125 0.0140625
2 0.49375 0.7140625 0.0125 0.015625
2 0.5453125 0.559375 0.01875 0.0171875
2 0.56171875 0.42578125 0.021875 0.0171875
2 0.546875 0.62109375 0.0171875 0.021875
2 0.5328125 0.5875 0.0125 0.015625