2 0.4546875 0.59609375 0.01875 0.0203125
2 0.42890625 0.5625 0.0140625 0.0234375
2 0.43046875 0.53515625 0.0140625 0.0234375
2 0.396875 0.59765625 0.0125 0.01875
2 0.4125 0.61328125 0.0171875 0.0234375
2 0.37265625 0.6109375 0.0171875 0.0265625
2 0.384375 0.53984375 0.015625 0.0203125
2 0.3796875 0.4671875 0.015625 0.01875
2 0.384375 0.3859375 0.0140625 0.0234375
2 0.45859375 0.35078125 0.015625 0.0125
2 0.46015625 0.6140625 0.0125 0.0171875
2 0.45859375 0.6765625 0.0125 0.015625
2 0.434375 0.68984375 0.0125 0.0171875
2 0.4984375 0.53203125 0.01875 0.01875
2 0.52578125 0.396875 0.021875 0.01875
2 0.4953125 0.59375 0.0171875 0.0234375
2 0.484375 0.5609375 0.0125 0.0171875