2 0.63828125 0.403125 0.01875 0.0203125
2 0.60234375 0.3796875 0.021875 0.015625
2 0.575 0.38359375 0.021875 0.015625
2 0.634375 0.3453125 0.0171875 0.0140625
2 0.65234375 0.359375 0.021875 0.01875
2 0.64609375 0.31953125 0.025 0.01875
2 0.57578125 0.3375 0.01875 0.0171875
2 0.50234375 0.3390625 0.0171875 0.0171875
2 0.42109375 0.35078125 0.021875 0.015625
2 0.3921875 0.4265625 0.0109375 0.0171875
2 0.65625 0.40703125 0.015625 0.0140625
2 0.71875 0.4 0.0140625 0.0140625
2 0.73046875 0.375 0.015625 0.0140625
2 0.578125 0.4515625 0.0171875 0.0203125
2 0.44453125 0.48984375 0.0171875 0.0234375
2 0.63984375 0.44296875 0.021875 0.01875
2 0.60546875 0.43515625 0.015625 0.0140625