2 0.4953125 0.59375 0.01875 0.0203125
2 0.4671875 0.56015625 0.0125 0.0234375
2 0.4671875 0.5328125 0.0125 0.0234375
2 0.4375 0.5953125 0.0125 0.01875
2 0.45390625 0.6109375 0.015625 0.0234375
2 0.41328125 0.60859375 0.015625 0.0265625
2 0.42109375 0.5375 0.015625 0.0203125
2 0.41171875 0.46484375 0.015625 0.01875
2 0.4109375 0.38359375 0.0125 0.0234375
2 0.48359375 0.34765625 0.015625 0.0125
2 0.5015625 0.6109375 0.0125 0.0171875
2 0.50390625 0.6734375 0.0125 0.015625
2 0.48125 0.6875 0.0125 0.0171875
2 0.53515625 0.52890625 0.01875 0.01875
2 0.55390625 0.39375 0.021875 0.01875
2 0.5359375 0.59140625 0.015625 0.0234375
2 0.52265625 0.5578125 0.0125 0.0171875