2 0.5234375 0.303125 0.01875 0.0203125
2 0.5515625 0.3359375 0.0125 0.0234375
2 0.55078125 0.36328125 0.0125 0.0234375
2 0.58203125 0.29921875 0.0125 0.01875
2 0.56484375 0.284375 0.015625 0.0234375
2 0.60546875 0.284375 0.015625 0.0265625
2 0.596875 0.35625 0.015625 0.0203125
2 0.60546875 0.42890625 0.015625 0.01875
2 0.60546875 0.51015625 0.0125 0.0234375
2 0.5328125 0.5484375 0.015625 0.0125
2 0.5171875 0.2859375 0.0125 0.0171875
2 0.515625 0.2234375 0.0125 0.015625
2 0.5390625 0.209375 0.0125 0.0171875
2 0.4828125 0.36953125 0.01875 0.01875
2 0.4625 0.50546875 0.021875 0.0203125
2 0.4828125 0.3078125 0.015625 0.0234375
2 0.49609375 0.340625 0.0125 0.0171875