2 0.6078125 0.528125 0.0203125 0.0203125
2 0.5734375 0.4984375 0.021875 0.0140625
2 0.54609375 0.496875 0.021875 0.0140625
2 0.6078125 0.4703125 0.0171875 0.0140625
2 0.62421875 0.48828125 0.0234375 0.0171875
2 0.6203125 0.446875 0.0265625 0.0171875
2 0.55 0.45078125 0.0203125 0.0171875
2 0.4765625 0.4375 0.01875 0.0171875
2 0.3953125 0.4328125 0.021875 0.0140625
2 0.36171875 0.50390625 0.0125 0.0171875
2 0.625 0.5359375 0.015625 0.0140625
2 0.6875 0.54140625 0.0140625 0.0140625
2 0.70078125 0.51875 0.015625 0.0140625
2 0.54453125 0.56484375 0.01875 0.0203125
2 0.41015625 0.57734375 0.01875 0.0234375
2 0.60625 0.56875 0.0234375 0.0171875
2 0.57265625 0.55390625 0.015625 0.0140625