2 0.46171875 0.62421875 0.01875 0.01875
2 0.4359375 0.5890625 0.0125 0.021875
2 0.4375 0.56171875 0.0125 0.021875
2 0.4046875 0.62265625 0.0125 0.0171875
2 0.4203125 0.6390625 0.015625 0.021875
2 0.3796875 0.634375 0.015625 0.025
2 0.39140625 0.5640625 0.015625 0.01875
2 0.38515625 0.490625 0.015625 0.0171875
2 0.3890625 0.409375 0.0125 0.021875
2 0.46328125 0.378125 0.015625 0.0109375
2 0.46796875 0.6421875 0.0125 0.015625
2 0.46640625 0.7046875 0.0125 0.0140625
2 0.44296875 0.7171875 0.0125 0.015625
2 0.50546875 0.5625 0.01875 0.0171875
2 0.53125 0.42890625 0.021875 0.0171875
2 0.50234375 0.62421875 0.015625 0.021875
2 0.49140625 0.590625 0.0125 0.015625