2 0.61640625 0.4765625 0.01875 0.01875
2 0.58125 0.45 0.021875 0.0125
2 0.55390625 0.45078125 0.021875 0.0125
2 0.61484375 0.41875 0.0171875 0.0125
2 0.63125 0.43515625 0.021875 0.015625
2 0.62734375 0.39453125 0.025 0.015625
2 0.55703125 0.4046875 0.01875 0.015625
2 0.48359375 0.396875 0.0171875 0.015625
2 0.40234375 0.39921875 0.021875 0.0125
2 0.3703125 0.471875 0.0109375 0.015625
2 0.63359375 0.4828125 0.015625 0.0125
2 0.69609375 0.48359375 0.0140625 0.0125
2 0.70859375 0.46015625 0.015625 0.0125
2 0.55390625 0.51875 0.0171875 0.01875
2 0.41953125 0.54140625 0.0171875 0.021875
2 0.615625 0.5171875 0.021875 0.015625
2 0.58125 0.50546875 0.015625 0.0125