2 0.53046875 0.3734375 0.01875 0.01875
2 0.55859375 0.409375 0.0125 0.021875
2 0.55859375 0.43671875 0.0125 0.021875
2 0.58828125 0.37734375 0.0125 0.0171875
2 0.57109375 0.359375 0.015625 0.021875
2 0.61171875 0.365625 0.015625 0.025
2 0.6046875 0.4359375 0.015625 0.01875
2 0.61484375 0.509375 0.015625 0.0171875
2 0.615625 0.590625 0.0125 0.021875
2 0.54375 0.61953125 0.015625 0.0109375
2 0.5234375 0.35546875 0.0125 0.015625
2 0.52109375 0.29296875 0.0125 0.0140625
2 0.54375 0.28125 0.0125 0.015625
2 0.490625 0.43359375 0.01875 0.0171875
2 0.47265625 0.5671875 0.021875 0.0171875
2 0.48984375 0.371875 0.015625 0.021875
2 0.503125 0.40625 0.0125 0.015625