2 0.5 0.328125 0.0203125 0.0203125
2 0.52578125 0.36171875 0.0140625 0.0234375
2 0.5234375 0.3890625 0.0140625 0.0234375
2 0.5578125 0.3265625 0.0140625 0.01875
2 0.5421875 0.3109375 0.0171875 0.0234375
2 0.5828125 0.31328125 0.0171875 0.0265625
2 0.56953125 0.384375 0.0171875 0.0203125
2 0.5734375 0.45703125 0.0171875 0.01875
2 0.56796875 0.53828125 0.0140625 0.0234375
2 0.49375 0.5734375 0.015625 0.0125
2 0.4953125 0.31015625 0.0140625 0.0171875
2 0.49765625 0.24765625 0.0125 0.015625
2 0.521875 0.234375 0.0140625 0.0171875
2 0.45546875 0.3921875 0.0203125 0.01875
2 0.4265625 0.52734375 0.0234375 0.01875
2 0.459375 0.33046875 0.0171875 0.0234375
2 0.4703125 0.36328125 0.0140625 0.0171875