2 0.4 0.0390625 0.0234375 0.0265625
2 0.4265625 0.065625 0.0328125 0.0265625
2 0.45 0.08203125 0.0203125 0.0171875
2 0.4828125 0.128125 0.028125 0.0328125
2 0.49921875 0.15078125 0.0328125 0.025
2 0.50859375 0.17421875 0.0265625 0.0234375
2 0.52109375 0.190625 0.021875 0.0140625
2 0.53046875 0.2046875 0.0234375 0.0265625
2 0.584375 0.28046875 0.028125 0.0234375
2 0.63828125 0.33359375 0.0328125 0.0390625
2 0.71484375 0.41015625 0.0265625 0.0265625
2 0.39140625 0.17421875 0.0265625 0.0140625
2 0.36953125 0.12890625 0.025 0.028125
2 0.2859375 0.07109375 0.0234375 0.0203125
2 0.271875 0.08828125 0.0375 0.0234375
2 0.33046875 0.15 0.0328125 0.0234375
2 0.5671875 0.38046875 0.0265625 0.0296875
2 0.5359375 0.34765625 0.0328125 0.0265625
2 0.4890625 0.30546875 0.0296875 0.0265625
2 0.58515625 0.3984375 0.0171875 0.0265625
2 0.61015625 0.41640625 0.0265625 0.0296875
2 0.63046875 0.44453125 0.0203125 0.0265625