2 0.03671875 0.40234375 0.0265625 0.025
2 0.06328125 0.43046875 0.0265625 0.034375
2 0.0796875 0.45390625 0.0171875 0.0203125
2 0.12578125 0.4890625 0.0328125 0.0296875
2 0.1484375 0.50703125 0.025 0.034375
2 0.17109375 0.5171875 0.0234375 0.0265625
2 0.1875 0.5296875 0.0140625 0.021875
2 0.20234375 0.53984375 0.0265625 0.025
2 0.27734375 0.59765625 0.0234375 0.028125
2 0.3296875 0.653125 0.0390625 0.034375
2 0.40625 0.7328125 0.0265625 0.028125
2 0.171875 0.39921875 0.0140625 0.0265625
2 0.1265625 0.37578125 0.028125 0.0265625
2 0.06953125 0.28984375 0.0203125 0.0234375
2 0.08671875 0.2765625 0.0234375 0.0375
2 0.14765625 0.33671875 0.0234375 0.0328125
2 0.37734375 0.58359375 0.0296875 0.028125
2 0.34453125 0.55078125 0.0265625 0.034375
2 0.30234375 0.50234375 0.0265625 0.03125
2 0.39453125 0.60234375 0.0265625 0.01875
2 0.41328125 0.628125 0.0296875 0.028125
2 0.440625 0.65 0.0265625 0.021875