2 0.9671875 0.50625 0.0265625 0.025
2 0.9421875 0.528125 0.0265625 0.034375
2 0.92578125 0.54765625 0.0171875 0.0203125
2 0.8796875 0.571875 0.0328125 0.0296875
2 0.8578125 0.584375 0.025 0.034375
2 0.834375 0.58984375 0.0234375 0.028125
2 0.81796875 0.5984375 0.0140625 0.021875
2 0.80390625 0.60546875 0.0265625 0.025
2 0.7296875 0.6453125 0.0234375 0.0296875
2 0.67734375 0.6890625 0.0390625 0.034375
2 0.6015625 0.75078125 0.0265625 0.028125
2 0.8328125 0.4734375 0.0140625 0.0265625
2 0.87734375 0.46015625 0.028125 0.0265625
2 0.93359375 0.3875 0.0203125 0.0234375
2 0.91640625 0.3703125 0.025 0.0390625
2 0.85625 0.4171875 0.0234375 0.034375
2 0.62890625 0.609375 0.0296875 0.028125
2 0.66171875 0.58515625 0.0265625 0.034375
2 0.703125 0.54609375 0.0265625 0.03125
2 0.61171875 0.625 0.0265625 0.01875
2 0.59375 0.64609375 0.0296875 0.028125
2 0.56640625 0.6609375 0.0265625 0.021875