2 0.071875 0.39609375 0.025 0.021875
2 0.1 0.4203125 0.0265625 0.03125
2 0.11796875 0.4421875 0.015625 0.01875
2 0.1671875 0.471875 0.03125 0.0265625
2 0.190625 0.4875 0.025 0.03125
2 0.2140625 0.4953125 0.021875 0.025
2 0.23203125 0.50546875 0.0125 0.0203125
2 0.246875 0.5140625 0.025 0.021875
2 0.3265625 0.56328125 0.021875 0.0265625
2 0.38359375 0.6125 0.0390625 0.0296875
2 0.46640625 0.68359375 0.025 0.025
2 0.2046875 0.378125 0.0125 0.025
2 0.1578125 0.359375 0.0265625 0.0234375
2 0.09375 0.2796875 0.01875 0.021875
2 0.11015625 0.26484375 0.0234375 0.0359375
2 0.17578125 0.31875 0.0234375 0.03125
2 0.42421875 0.53828125 0.028125 0.025
2 0.3890625 0.509375 0.0265625 0.03125
2 0.34296875 0.46640625 0.0265625 0.028125
2 0.44375 0.55546875 0.025 0.015625
2 0.4640625 0.57890625 0.028125 0.025
2 0.49296875 0.596875 0.025 0.01875