2 0.39921875 0.096875 0.0234375 0.0265625
2 0.425 0.1265625 0.0328125 0.028125
2 0.44765625 0.146875 0.01875 0.0171875
2 0.4796875 0.196875 0.028125 0.034375
2 0.496875 0.221875 0.0328125 0.0265625
2 0.50546875 0.24609375 0.0265625 0.0234375
2 0.5171875 0.26484375 0.0203125 0.0140625
2 0.5265625 0.28046875 0.0234375 0.0265625
2 0.57890625 0.3625 0.028125 0.025
2 0.63203125 0.42265625 0.03125 0.040625
2 0.70703125 0.51015625 0.0265625 0.0265625
2 0.38828125 0.22890625 0.025 0.0140625
2 0.3671875 0.18125 0.025 0.028125
2 0.284375 0.1125 0.0234375 0.0203125
2 0.2703125 0.12734375 0.0375 0.025
2 0.32734375 0.19609375 0.0328125 0.025
2 0.559375 0.459375 0.0265625 0.0296875
2 0.52890625 0.421875 0.0328125 0.028125
2 0.48359375 0.3734375 0.0296875 0.028125
2 0.57734375 0.4796875 0.0171875 0.0265625
2 0.60234375 0.50078125 0.0265625 0.0296875
2 0.621875 0.53203125 0.0203125 0.0265625