2 0.0328125 0.4 0.0265625 0.0234375
2 0.0578125 0.42734375 0.0265625 0.0328125
2 0.07421875 0.45 0.0171875 0.0203125
2 0.1203125 0.48359375 0.0328125 0.028125
2 0.1421875 0.50078125 0.025 0.0328125
2 0.165625 0.51015625 0.0234375 0.0265625
2 0.18203125 0.521875 0.0140625 0.021875
2 0.19609375 0.53203125 0.0265625 0.0234375
2 0.2703125 0.58671875 0.0234375 0.028125
2 0.32265625 0.640625 0.0390625 0.0328125
2 0.3984375 0.7171875 0.0265625 0.0265625
2 0.1671875 0.3921875 0.0140625 0.0265625
2 0.12265625 0.3703125 0.028125 0.025
2 0.06640625 0.28671875 0.0203125 0.0234375
2 0.08359375 0.27265625 0.025 0.0375
2 0.14375 0.33125 0.0234375 0.0328125
2 0.37109375 0.56953125 0.0296875 0.0265625
2 0.33828125 0.5375 0.0265625 0.0328125
2 0.296875 0.49140625 0.0265625 0.0296875
2 0.38828125 0.5875 0.0265625 0.0171875
2 0.40625 0.6125 0.0296875 0.0265625
2 0.43359375 0.63359375 0.0265625 0.0203125