2 0.39453125 0.08359375 0.021875 0.0265625
2 0.41875 0.11171875 0.03125 0.0265625
2 0.440625 0.13125 0.01875 0.0171875
2 0.46875 0.18046875 0.0265625 0.0328125
2 0.484375 0.2046875 0.03125 0.025
2 0.49140625 0.22890625 0.025 0.0234375
2 0.50234375 0.246875 0.0203125 0.0140625
2 0.51015625 0.26171875 0.021875 0.0265625
2 0.5578125 0.34296875 0.0265625 0.0234375
2 0.60625 0.4015625 0.03125 0.0390625
2 0.67578125 0.4859375 0.025 0.0265625
2 0.37421875 0.215625 0.025 0.0140625
2 0.35703125 0.16875 0.0234375 0.028125
2 0.278125 0.10234375 0.021875 0.0203125
2 0.26328125 0.11796875 0.0359375 0.0234375
2 0.315625 0.18515625 0.03125 0.0234375
2 0.53125 0.43984375 0.025 0.0296875
2 0.503125 0.40390625 0.03125 0.0265625
2 0.46015625 0.35703125 0.028125 0.0265625
2 0.54765625 0.46015625 0.015625 0.0265625
2 0.57109375 0.48046875 0.025 0.0296875
2 0.5890625 0.5109375 0.01875 0.0265625