2 0.9078125 0.30859375 0.0265625 0.0234375
2 0.878125 0.3359375 0.028125 0.0328125
2 0.85859375 0.359375 0.0171875 0.0203125
2 0.80859375 0.39375 0.0328125 0.0296875
2 0.78359375 0.41171875 0.0265625 0.0328125
2 0.759375 0.42109375 0.0234375 0.0265625
2 0.74140625 0.43359375 0.0140625 0.021875
2 0.72578125 0.44375 0.0265625 0.0234375
2 0.64375 0.50078125 0.0234375 0.028125
2 0.584375 0.55546875 0.040625 0.0328125
2 0.49765625 0.634375 0.0265625 0.0265625
2 0.775 0.30390625 0.0140625 0.0265625
2 0.82265625 0.28046875 0.028125 0.0265625
2 0.89140625 0.1953125 0.0203125 0.0234375
2 0.87578125 0.18203125 0.025 0.0375
2 0.8078125 0.24140625 0.025 0.0328125
2 0.54765625 0.48515625 0.0296875 0.028125
2 0.584375 0.453125 0.028125 0.0328125
2 0.63203125 0.40546875 0.0265625 0.0296875
2 0.52734375 0.5046875 0.0265625 0.0171875
2 0.50546875 0.5296875 0.0296875 0.028125
2 0.475 0.55078125 0.0265625 0.0203125