2 0.39140625 0.01640625 0.0234375 0.028125
2 0.4140625 0.040625 0.0328125 0.028125
2 0.434375 0.05625 0.0203125 0.0171875
2 0.46015625 0.10078125 0.0296875 0.034375
2 0.47421875 0.12265625 0.0328125 0.0265625
2 0.4796875 0.1453125 0.0265625 0.025
2 0.4890625 0.1609375 0.021875 0.0140625
2 0.496875 0.175 0.0234375 0.028125
2 0.53984375 0.24765625 0.028125 0.025
2 0.58515625 0.29765625 0.0328125 0.040625
2 0.64921875 0.3703125 0.0265625 0.028125
2 0.36328125 0.1515625 0.0265625 0.015625
2 0.3484375 0.1078125 0.025 0.0296875
2 0.2734375 0.0546875 0.0234375 0.021875
2 0.25703125 0.07265625 0.0375 0.0265625
2 0.30625 0.13125 0.0328125 0.025
2 0.50703125 0.3484375 0.0265625 0.03125
2 0.48125 0.3171875 0.0328125 0.028125
2 0.44140625 0.278125 0.0296875 0.028125
2 0.52265625 0.365625 0.0171875 0.0265625
2 0.54453125 0.38203125 0.0265625 0.03125
2 0.5609375 0.409375 0.0203125 0.0265625