2 0.03515625 0.396875 0.0265625 0.021875
2 0.06015625 0.42265625 0.0265625 0.03125
2 0.07734375 0.44453125 0.0171875 0.01875
2 0.12265625 0.475 0.0328125 0.0265625
2 0.1453125 0.49140625 0.025 0.03125
2 0.16796875 0.49921875 0.0234375 0.025
2 0.184375 0.5109375 0.0140625 0.0203125
2 0.19921875 0.51953125 0.0265625 0.021875
2 0.27421875 0.5703125 0.0234375 0.0265625
2 0.3265625 0.62109375 0.0390625 0.0296875
2 0.40234375 0.69375 0.0265625 0.025
2 0.16953125 0.38203125 0.0140625 0.025
2 0.12421875 0.3625 0.028125 0.0234375
2 0.06796875 0.28203125 0.0203125 0.021875
2 0.08515625 0.2671875 0.0234375 0.0359375
2 0.14609375 0.32265625 0.0234375 0.03125
2 0.37421875 0.54765625 0.0296875 0.025
2 0.34140625 0.51796875 0.0265625 0.03125
2 0.3 0.4734375 0.0265625 0.028125
2 0.39140625 0.565625 0.0265625 0.015625
2 0.409375 0.5890625 0.0296875 0.025
2 0.4375 0.60859375 0.0265625 0.01875