2 0.95625 0.50078125 0.0265625 0.025
2 0.9296875 0.52265625 0.0265625 0.034375
2 0.9125 0.5421875 0.015625 0.0203125
2 0.86640625 0.56640625 0.0328125 0.0296875
2 0.84296875 0.5796875 0.025 0.034375
2 0.8203125 0.58515625 0.0234375 0.028125
2 0.803125 0.59375 0.0140625 0.021875
2 0.7890625 0.60078125 0.0265625 0.025
2 0.7125 0.64140625 0.0234375 0.0296875
2 0.659375 0.68515625 0.0390625 0.034375
2 0.58203125 0.74765625 0.0265625 0.028125
2 0.821875 0.46875 0.0140625 0.0265625
2 0.8671875 0.4546875 0.028125 0.0265625
2 0.92578125 0.38203125 0.0203125 0.0234375
2 0.90859375 0.365625 0.0234375 0.0390625
2 0.846875 0.41171875 0.0234375 0.034375
2 0.61328125 0.60625 0.0296875 0.028125
2 0.646875 0.58125 0.0265625 0.034375
2 0.6890625 0.5421875 0.0265625 0.03125
2 0.5953125 0.62109375 0.025 0.01875
2 0.5765625 0.64296875 0.0296875 0.028125
2 0.5484375 0.6578125 0.025 0.021875