2 0.4015625 0.05546875 0.0234375 0.025
2 0.42890625 0.0828125 0.0328125 0.025
2 0.45234375 0.1 0.0203125 0.015625
2 0.4859375 0.14765625 0.0296875 0.03125
2 0.50390625 0.17109375 0.0328125 0.0234375
2 0.51328125 0.19453125 0.0265625 0.021875
2 0.52578125 0.2109375 0.021875 0.0125
2 0.5359375 0.22578125 0.0234375 0.025
2 0.5921875 0.30390625 0.028125 0.021875
2 0.646875 0.35859375 0.0328125 0.0375
2 0.725 0.43828125 0.0265625 0.025
2 0.39609375 0.1890625 0.0265625 0.0125
2 0.3734375 0.14375 0.025 0.0265625
2 0.28828125 0.0828125 0.0234375 0.01875
2 0.27421875 0.09921875 0.0375 0.021875
2 0.334375 0.1625 0.0328125 0.021875
2 0.5765625 0.40234375 0.028125 0.028125
2 0.54453125 0.36796875 0.0328125 0.025
2 0.496875 0.32421875 0.0296875 0.025
2 0.5953125 0.42109375 0.0171875 0.025
2 0.6203125 0.43984375 0.028125 0.028125
2 0.64140625 0.46875 0.0203125 0.025