2 0.39453125 0.0765625 0.021875 0.0265625
2 0.41875 0.1046875 0.03125 0.0265625
2 0.43984375 0.1234375 0.01875 0.015625
2 0.46796875 0.17265625 0.028125 0.0328125
2 0.4828125 0.19609375 0.03125 0.025
2 0.490625 0.2203125 0.025 0.0234375
2 0.50078125 0.2375 0.0203125 0.0140625
2 0.50859375 0.253125 0.021875 0.0265625
2 0.55546875 0.3328125 0.0265625 0.0234375
2 0.60390625 0.390625 0.03125 0.0390625
2 0.67265625 0.47421875 0.025 0.0265625
2 0.3734375 0.209375 0.025 0.0140625
2 0.35625 0.1625 0.0234375 0.028125
2 0.278125 0.09765625 0.021875 0.0203125
2 0.2625 0.11328125 0.0359375 0.0234375
2 0.31484375 0.1796875 0.03125 0.0234375
2 0.52890625 0.43046875 0.0265625 0.0296875
2 0.50078125 0.3953125 0.03125 0.0265625
2 0.45859375 0.3484375 0.028125 0.0265625
2 0.5453125 0.45 0.015625 0.025
2 0.56796875 0.4703125 0.0265625 0.0296875
2 0.5859375 0.5 0.01875 0.025