2 0.9375 0.29765625 0.025 0.025
2 0.91015625 0.325 0.025 0.034375
2 0.8921875 0.34921875 0.015625 0.0203125
2 0.84375 0.38359375 0.03125 0.0296875
2 0.8203125 0.4015625 0.0234375 0.034375
2 0.796875 0.41171875 0.021875 0.0265625
2 0.7796875 0.425 0.0125 0.021875
2 0.76484375 0.43515625 0.025 0.025
2 0.68671875 0.4921875 0.021875 0.028125
2 0.63046875 0.5484375 0.0375 0.034375
2 0.55 0.62734375 0.025 0.028125
2 0.80390625 0.29453125 0.0125 0.0265625
2 0.85 0.2703125 0.0265625 0.0265625
2 0.9125 0.184375 0.01875 0.0234375
2 0.89609375 0.17109375 0.021875 0.0375
2 0.83203125 0.23203125 0.021875 0.0328125
2 0.58828125 0.478125 0.028125 0.028125
2 0.62265625 0.44609375 0.025 0.034375
2 0.66796875 0.39765625 0.025 0.03125
2 0.56953125 0.49765625 0.025 0.01875
2 0.55 0.5234375 0.028125 0.028125
2 0.52109375 0.54453125 0.025 0.021875