2 0.0875 0.3984375 0.0265625 0.0234375
2 0.1171875 0.425 0.0265625 0.0328125
2 0.13671875 0.44765625 0.0171875 0.01875
2 0.1859375 0.47890625 0.0328125 0.028125
2 0.2109375 0.4953125 0.025 0.0328125
2 0.234375 0.50390625 0.0234375 0.0265625
2 0.25234375 0.515625 0.0140625 0.0203125
2 0.26796875 0.525 0.0265625 0.0234375
2 0.35 0.57734375 0.0234375 0.028125
2 0.40859375 0.6296875 0.0390625 0.03125
2 0.49375 0.70390625 0.0265625 0.0265625
2 0.2203125 0.38671875 0.0140625 0.025
2 0.17265625 0.36640625 0.028125 0.025
2 0.10546875 0.28359375 0.0203125 0.021875
2 0.12109375 0.26953125 0.025 0.0375
2 0.1890625 0.3265625 0.0234375 0.0328125
2 0.44609375 0.55703125 0.0296875 0.0265625
2 0.41015625 0.52734375 0.0265625 0.0328125
2 0.3625 0.48125 0.0265625 0.0296875
2 0.46640625 0.575 0.0265625 0.0171875
2 0.4875 0.59921875 0.0296875 0.0265625
2 0.51796875 0.61953125 0.0265625 0.0203125