2 0.93515625 0.41796875 0.025 0.021875
2 0.9078125 0.4421875 0.025 0.03125
2 0.8890625 0.4640625 0.015625 0.01875
2 0.84140625 0.4921875 0.03125 0.0265625
2 0.81796875 0.5078125 0.0234375 0.03125
2 0.79453125 0.51484375 0.021875 0.025
2 0.7765625 0.525 0.0125 0.0203125
2 0.76171875 0.53359375 0.025 0.021875
2 0.68359375 0.58125 0.021875 0.0265625
2 0.62734375 0.6296875 0.0375 0.03125
2 0.54609375 0.69921875 0.025 0.025
2 0.8015625 0.39765625 0.0125 0.025
2 0.8484375 0.3796875 0.0265625 0.0234375
2 0.9109375 0.3015625 0.01875 0.021875
2 0.89453125 0.28671875 0.021875 0.0359375
2 0.8296875 0.3390625 0.021875 0.03125
2 0.58515625 0.5546875 0.028125 0.025
2 0.61953125 0.5265625 0.025 0.03125
2 0.66484375 0.48359375 0.025 0.028125
2 0.56640625 0.57109375 0.025 0.015625
2 0.54609375 0.59375 0.028125 0.025
2 0.5171875 0.6125 0.025 0.01875