2 0.3984375 0.02578125 0.0234375 0.0265625
2 0.42421875 0.05078125 0.0328125 0.028125
2 0.446875 0.06640625 0.01875 0.0171875
2 0.478125 0.11171875 0.028125 0.0328125
2 0.49453125 0.13359375 0.0328125 0.0265625
2 0.503125 0.15625 0.025 0.0234375
2 0.51484375 0.17265625 0.0203125 0.0140625
2 0.5234375 0.18671875 0.0234375 0.0265625
2 0.57578125 0.2609375 0.0265625 0.0234375
2 0.62734375 0.31171875 0.03125 0.040625
2 0.7015625 0.3859375 0.0265625 0.0265625
2 0.3859375 0.1609375 0.025 0.0140625
2 0.365625 0.11640625 0.025 0.028125
2 0.28359375 0.06171875 0.021875 0.0203125
2 0.26953125 0.07890625 0.0359375 0.025
2 0.325 0.13828125 0.03125 0.025
2 0.5546875 0.3609375 0.0265625 0.0296875
2 0.525 0.3296875 0.0328125 0.028125
2 0.4796875 0.2890625 0.0296875 0.028125
2 0.57265625 0.37890625 0.0171875 0.0265625
2 0.596875 0.39609375 0.0265625 0.0296875
2 0.61640625 0.4234375 0.0203125 0.0265625