2 0.39609375 0.0625 0.021875 0.025
2 0.421875 0.08984375 0.03125 0.025
2 0.44375 0.1078125 0.01875 0.015625
2 0.4734375 0.15625 0.0265625 0.03125
2 0.4890625 0.1796875 0.03125 0.0234375
2 0.496875 0.203125 0.025 0.021875
2 0.50859375 0.2203125 0.0203125 0.0125
2 0.5171875 0.23515625 0.021875 0.025
2 0.56640625 0.31328125 0.0265625 0.021875
2 0.6171875 0.36953125 0.0296875 0.0375
2 0.68828125 0.45 0.025 0.025
2 0.3796875 0.19609375 0.025 0.0125
2 0.3609375 0.15 0.0234375 0.0265625
2 0.28125 0.0875 0.021875 0.01875
2 0.26640625 0.10390625 0.0359375 0.021875
2 0.3203125 0.16796875 0.03125 0.021875
2 0.54296875 0.41171875 0.025 0.028125
2 0.5140625 0.37734375 0.03125 0.025
2 0.46953125 0.33203125 0.028125 0.025
2 0.56015625 0.43046875 0.015625 0.025
2 0.58359375 0.45 0.025 0.028125
2 0.603125 0.47890625 0.01875 0.025