2 0.39453125 0.09921875 0.021875 0.0265625
2 0.41875 0.12890625 0.03125 0.028125
2 0.440625 0.14921875 0.01875 0.0171875
2 0.46875 0.2 0.0265625 0.034375
2 0.484375 0.225 0.03125 0.0265625
2 0.49140625 0.24921875 0.025 0.025
2 0.50234375 0.2671875 0.0203125 0.0140625
2 0.51015625 0.2828125 0.021875 0.0265625
2 0.5578125 0.36640625 0.0265625 0.025
2 0.60625 0.4265625 0.03125 0.040625
2 0.67578125 0.5140625 0.025 0.028125
2 0.37421875 0.23125 0.025 0.015625
2 0.35703125 0.18359375 0.0234375 0.028125
2 0.278125 0.1140625 0.021875 0.0203125
2 0.26328125 0.12890625 0.0359375 0.025
2 0.315625 0.1984375 0.03125 0.025
2 0.53125 0.4625 0.025 0.03125
2 0.503125 0.425 0.03125 0.028125
2 0.46015625 0.37578125 0.028125 0.028125
2 0.54765625 0.4828125 0.015625 0.0265625
2 0.57109375 0.5046875 0.025 0.03125
2 0.5890625 0.53515625 0.01875 0.0265625