2 0.9328125 0.33046875 0.025 0.0234375
2 0.90546875 0.35703125 0.025 0.0328125
2 0.88671875 0.38046875 0.015625 0.0203125
2 0.83828125 0.41328125 0.03125 0.028125
2 0.81484375 0.43046875 0.0234375 0.0328125
2 0.79140625 0.43984375 0.021875 0.0265625
2 0.77421875 0.45234375 0.0125 0.021875
2 0.75859375 0.46171875 0.025 0.0234375
2 0.6796875 0.51640625 0.021875 0.028125
2 0.6234375 0.5703125 0.0375 0.0328125
2 0.5421875 0.646875 0.025 0.0265625
2 0.8 0.32265625 0.0125 0.0265625
2 0.84609375 0.30078125 0.0265625 0.025
2 0.909375 0.21640625 0.01875 0.0234375
2 0.89296875 0.203125 0.021875 0.0375
2 0.828125 0.2609375 0.021875 0.0328125
2 0.58203125 0.49921875 0.028125 0.0265625
2 0.6171875 0.46796875 0.025 0.0328125
2 0.6625 0.42109375 0.025 0.0296875
2 0.56328125 0.51796875 0.025 0.0171875
2 0.54296875 0.5421875 0.028125 0.0265625
2 0.5140625 0.56328125 0.025 0.0203125