2 0.04609375 0.3890625 0.025 0.025
2 0.07265625 0.41171875 0.0265625 0.034375
2 0.08984375 0.43125 0.015625 0.0203125
2 0.13671875 0.45546875 0.0328125 0.0296875
2 0.159375 0.46875 0.025 0.034375
2 0.1828125 0.47421875 0.0234375 0.028125
2 0.19921875 0.4828125 0.0125 0.021875
2 0.2140625 0.48984375 0.025 0.025
2 0.290625 0.53046875 0.0234375 0.0296875
2 0.34453125 0.57421875 0.0390625 0.034375
2 0.421875 0.63671875 0.0265625 0.028125
2 0.18046875 0.35703125 0.0140625 0.0265625
2 0.13515625 0.34375 0.028125 0.0265625
2 0.07578125 0.27109375 0.01875 0.0234375
2 0.09296875 0.25390625 0.0234375 0.0390625
2 0.15546875 0.30078125 0.0234375 0.034375
2 0.38984375 0.4953125 0.0296875 0.028125
2 0.35625 0.4703125 0.0265625 0.034375
2 0.31328125 0.43125 0.0265625 0.03125
2 0.4078125 0.51015625 0.025 0.01875
2 0.4265625 0.53203125 0.0296875 0.028125
2 0.4546875 0.546875 0.025 0.021875