2 0.73046875 0.4484375 0.021875 0.03125
2 0.728125 0.2765625 0.0171875 0.028125
2 0.67421875 0.48359375 0.01875 0.0265625
2 0.6515625 0.48671875 0.0203125 0.021875
2 0.64140625 0.4671875 0.021875 0.0296875
2 0.65 0.36875 0.01875 0.01875
2 0.59453125 0.3703125 0.0140625 0.025
2 0.584375 0.41484375 0.0171875 0.0265625
2 0.56796875 0.4171875 0.0125 0.0234375
2 0.51484375 0.39453125 0.0171875 0.0203125
2 0.4640625 0.46015625 0.0171875 0.021875
2 0.44765625 0.50859375 0.0171875 0.028125
2 0.4109375 0.43125 0.01875 0.025
2 0.38515625 0.48515625 0.0171875 0.021875
2 0.36328125 0.4875 0.0203125 0.028125
2 0.32578125 0.43984375 0.0203125 0.0234375
2 0.28203125 0.40234375 0.0140625 0.025