2 0.78984375 0.47109375 0.0203125 0.0296875
2 0.76640625 0.2984375 0.015625 0.028125
2 0.7375 0.5046875 0.01875 0.025
2 0.71484375 0.50703125 0.01875 0.0203125
2 0.70234375 0.4875 0.0203125 0.028125
2 0.69921875 0.3890625 0.0171875 0.0171875
2 0.64375 0.3890625 0.0140625 0.025
2 0.6390625 0.4328125 0.0171875 0.0265625
2 0.62265625 0.434375 0.0125 0.0234375
2 0.56640625 0.4109375 0.015625 0.0203125
2 0.5234375 0.475 0.015625 0.021875
2 0.5125 0.52265625 0.015625 0.028125
2 0.46640625 0.44453125 0.01875 0.0234375
2 0.44765625 0.49765625 0.015625 0.021875
2 0.42578125 0.49921875 0.0203125 0.0265625
2 0.38125 0.45078125 0.01875 0.021875
2 0.33359375 0.41171875 0.0140625 0.025