2 0.7390625 0.42578125 0.0203125 0.03125
2 0.73359375 0.2546875 0.015625 0.0296875
2 0.68359375 0.4625 0.01875 0.0265625
2 0.66015625 0.46640625 0.0203125 0.021875
2 0.65 0.44765625 0.0203125 0.0296875
2 0.65703125 0.34921875 0.01875 0.01875
2 0.6015625 0.35234375 0.0140625 0.0265625
2 0.5921875 0.396875 0.0171875 0.028125
2 0.57578125 0.39921875 0.0125 0.025
2 0.521875 0.37890625 0.0171875 0.021875
2 0.47265625 0.4453125 0.0171875 0.0234375
2 0.45625 0.49375 0.015625 0.0296875
2 0.41953125 0.41796875 0.01875 0.025
2 0.39453125 0.47265625 0.0171875 0.0234375
2 0.37265625 0.475 0.0203125 0.028125
2 0.33359375 0.4296875 0.0203125 0.0234375
2 0.28984375 0.39296875 0.0140625 0.0265625