2 0.75859375 0.41640625 0.0203125 0.03125
2 0.74609375 0.2453125 0.015625 0.0296875
2 0.7046875 0.45390625 0.0171875 0.0265625
2 0.68203125 0.45859375 0.01875 0.021875
2 0.6703125 0.4390625 0.0203125 0.0296875
2 0.6734375 0.340625 0.0171875 0.01875
2 0.61796875 0.34453125 0.0125 0.0265625
2 0.61015625 0.3890625 0.015625 0.028125
2 0.59375 0.3921875 0.0109375 0.025
2 0.5390625 0.371875 0.015625 0.021875
2 0.4921875 0.4390625 0.015625 0.0234375
2 0.478125 0.48828125 0.015625 0.0296875
2 0.4375 0.41328125 0.0171875 0.025
2 0.41484375 0.46796875 0.015625 0.0234375
2 0.39296875 0.4703125 0.01875 0.028125
2 0.35234375 0.425 0.01875 0.0234375
2 0.30625 0.3890625 0.0125 0.0265625