2 0.7921875 0.515625 0.0203125 0.0296875
2 0.76796875 0.3421875 0.015625 0.028125
2 0.740625 0.546875 0.01875 0.025
2 0.71796875 0.54765625 0.0203125 0.0203125
2 0.70546875 0.52734375 0.0203125 0.028125
2 0.7015625 0.42890625 0.0171875 0.0171875
2 0.64609375 0.42578125 0.0140625 0.025
2 0.64140625 0.46953125 0.0171875 0.0265625
2 0.625 0.4703125 0.0125 0.0234375
2 0.56875 0.44296875 0.0171875 0.0203125
2 0.52578125 0.50390625 0.0171875 0.021875
2 0.515625 0.5515625 0.015625 0.028125
2 0.46953125 0.47109375 0.01875 0.0234375
2 0.45 0.52265625 0.0171875 0.021875
2 0.428125 0.52265625 0.0203125 0.0265625
2 0.384375 0.471875 0.0203125 0.021875
2 0.3359375 0.43046875 0.0140625 0.025