2 0.7921875 0.45703125 0.0203125 0.0296875
2 0.76796875 0.28515625 0.015625 0.028125
2 0.740625 0.4921875 0.01875 0.025
2 0.71796875 0.4953125 0.0203125 0.0203125
2 0.70546875 0.475 0.0203125 0.028125
2 0.7015625 0.3765625 0.0171875 0.0171875
2 0.64609375 0.378125 0.0140625 0.025
2 0.64140625 0.421875 0.0171875 0.0265625
2 0.625 0.42421875 0.0125 0.0234375
2 0.56875 0.40078125 0.0171875 0.0203125
2 0.52578125 0.465625 0.0171875 0.021875
2 0.515625 0.5140625 0.015625 0.028125
2 0.46953125 0.43671875 0.01875 0.0234375
2 0.45 0.490625 0.0171875 0.021875
2 0.428125 0.4921875 0.0203125 0.0265625
2 0.384375 0.44453125 0.0203125 0.021875
2 0.3359375 0.40625 0.0140625 0.025