1 0.46796875 0.1984375 0.09375 0.0796875
1 0.6015625 0.17421875 0.0828125 0.084375
1 0.5921875 0.40078125 0.0703125 0.071875
1 0.5875 0.3015625 0.0875 0.09375
1 0.475 0.32109375 0.090625 0.0796875
1 0.46953125 0.42734375 0.090625 0.0765625
1 0.465625 0.534375 0.1015625 0.0796875
1 0.584375 0.50390625 0.109375 0.078125
1 0.5921875 0.62421875 0.090625 0.0734375
1 0.47734375 0.64375 0.06875 0.075
1 0.47890625 0.73203125 0.090625 0.0609375
1 0.584375 0.71875 0.1 0.0703125
1 0.59140625 0.80859375 0.075 0.0625
1 0.4765625 0.83203125 0.08125 0.0703125