1 0.45546875 0.21484375 0.096875 0.0765625
1 0.58984375 0.1953125 0.0859375 0.08125
1 0.56875 0.421875 0.0734375 0.06875
1 0.56875 0.321875 0.0921875 0.090625
1 0.45625 0.3375 0.09375 0.0765625
1 0.4453125 0.44375 0.09375 0.0734375
1 0.4359375 0.55 0.1046875 0.0765625
1 0.55546875 0.52421875 0.1125 0.0734375
1 0.55703125 0.64453125 0.09375 0.0703125
1 0.44140625 0.66015625 0.071875 0.071875
1 0.43828125 0.74921875 0.09375 0.0578125
1 0.54375 0.7390625 0.103125 0.0671875
1 0.546875 0.82890625 0.078125 0.059375
1 0.43125 0.8484375 0.084375 0.0671875