1 0.47109375 0.725 0.09375 0.0796875
1 0.6046875 0.72734375 0.0828125 0.084375
1 0.59296875 0.50234375 0.0703125 0.071875
1 0.5890625 0.603125 0.0875 0.09375
1 0.4765625 0.60234375 0.090625 0.0796875
1 0.4703125 0.49609375 0.090625 0.0765625
1 0.46484375 0.390625 0.1015625 0.0796875
1 0.58359375 0.40078125 0.109375 0.078125
1 0.58984375 0.28046875 0.090625 0.0734375
1 0.475 0.2796875 0.06875 0.075
1 0.47578125 0.18984375 0.090625 0.0609375
1 0.58125 0.1859375 0.1 0.0703125
1 0.5875 0.09609375 0.075 0.0625
1 0.47265625 0.09140625 0.08125 0.0703125