1 0.446875 0.23125 0.1 0.0734375
1 0.58203125 0.21640625 0.0890625 0.0796875
1 0.553125 0.4421875 0.075 0.0671875
1 0.55703125 0.3421875 0.09375 0.0875
1 0.44296875 0.35390625 0.096875 0.0734375
1 0.42890625 0.46015625 0.096875 0.0703125
1 0.415625 0.56640625 0.1078125 0.0734375
1 0.5359375 0.54453125 0.115625 0.0703125
1 0.53359375 0.66484375 0.0953125 0.0671875
1 0.41796875 0.6765625 0.075 0.0703125
1 0.4109375 0.765625 0.0953125 0.0546875
1 0.5171875 0.759375 0.1046875 0.0640625
1 0.5171875 0.84921875 0.0796875 0.0578125
1 0.40078125 0.86484375 0.0859375 0.065625