1 0.5109375 0.7140625 0.0984375 0.08125
1 0.6453125 0.71328125 0.0875 0.0875
1 0.621875 0.4890625 0.0734375 0.0734375
1 0.6234375 0.5890625 0.0921875 0.0953125
1 0.51015625 0.590625 0.0953125 0.08125
1 0.4984375 0.48515625 0.0953125 0.078125
1 0.4875 0.3796875 0.10625 0.0828125
1 0.60703125 0.3875 0.1140625 0.0796875
1 0.60703125 0.26640625 0.09375 0.075
1 0.4921875 0.26796875 0.0734375 0.0765625
1 0.4875 0.17890625 0.09375 0.0625
1 0.59296875 0.17265625 0.103125 0.0734375
1 0.5953125 0.08203125 0.078125 0.0640625
1 0.4796875 0.08046875 0.084375 0.071875