1 0.453125 0.78203125 0.0953125 0.075
1 0.58671875 0.80078125 0.084375 0.08125
1 0.58046875 0.575 0.071875 0.06875
1 0.5734375 0.675 0.0890625 0.0890625
1 0.46171875 0.66015625 0.0921875 0.075
1 0.4578125 0.553125 0.0921875 0.071875
1 0.4546875 0.446875 0.103125 0.0765625
1 0.5734375 0.471875 0.1109375 0.0734375
1 0.5828125 0.35234375 0.0921875 0.06875
1 0.46796875 0.3375 0.0703125 0.071875
1 0.4703125 0.2484375 0.0921875 0.05625
1 0.57578125 0.25703125 0.1015625 0.0671875
1 0.584375 0.16796875 0.0765625 0.059375
1 0.46953125 0.14921875 0.0828125 0.0671875