2 0.0515625 0.60390625 0.021875 0.0640625
2 0.0390625 0.72109375 0.025 0.071875
2 0.00390625 0.8109375 0.0078125 0.0703125
2 0.2390625 0.75546875 0.028125 0.065625
2 0.12421875 0.87265625 0.0265625 0.0609375
2 0.36875 0.62421875 0.028125 0.06875
2 0.384375 0.66015625 0.0296875 0.06875
2 0.434375 0.63359375 0.0328125 0.078125
2 0.47109375 0.590625 0.028125 0.0828125
2 0.49140625 0.5 0.0296875 0.075
2 0.49921875 0.41484375 0.0234375 0.0640625
2 0.51484375 0.4625 0.0234375 0.06875
2 0.50078125 0.65859375 0.025 0.0671875
2 0.46015625 0.7875 0.0328125 0.0734375
2 0.4703125 0.65625 0.025 0.065625