2 0.1265625 0.61015625 0.0203125 0.0625
2 0.128125 0.728125 0.021875 0.0703125
2 0.09375 0.81484375 0.025 0.06875
2 0.33515625 0.77421875 0.0265625 0.065625
2 0.23359375 0.88515625 0.025 0.059375
2 0.45078125 0.6515625 0.025 0.0671875
2 0.47109375 0.68828125 0.0265625 0.06875
2 0.51796875 0.66484375 0.0296875 0.0765625
2 0.54921875 0.62421875 0.025 0.08125
2 0.559375 0.534375 0.0265625 0.075
2 0.55625 0.44921875 0.021875 0.0625
2 0.578125 0.4984375 0.0203125 0.0671875
2 0.58828125 0.69453125 0.0234375 0.065625
2 0.56328125 0.82109375 0.0296875 0.071875
2 0.55703125 0.68984375 0.0234375 0.0640625