2 0.05859375 0.6265625 0.021875 0.0640625
2 0.04765625 0.74296875 0.0234375 0.071875
2 0.0078125 0.82421875 0.015625 0.071875
2 0.2484375 0.82265625 0.028125 0.0671875
2 0.134375 0.91640625 0.0265625 0.0625
2 0.3765625 0.71875 0.0265625 0.0703125
2 0.39296875 0.7578125 0.028125 0.0703125
2 0.4421875 0.7421875 0.03125 0.078125
2 0.47890625 0.70625 0.028125 0.084375
2 0.49765625 0.61875 0.028125 0.0765625
2 0.5046875 0.53359375 0.0234375 0.0640625
2 0.52109375 0.58671875 0.021875 0.06875
2 0.509375 0.7828125 0.025 0.06875
2 0.4703125 0.9046875 0.03125 0.0734375
2 0.47890625 0.7734375 0.025 0.0671875