2 0.56640625 0.35078125 0.03125 0.0359375
2 0.334375 0.346875 0.0375 0.0328125
2 0.3328125 0.27109375 0.0265625 0.03125
2 0.321875 0.20390625 0.0234375 0.021875
2 0.24140625 0.240625 0.0234375 0.0234375
2 0.7296875 0.3140625 0.01875 0.0234375
2 0.48046875 0.51015625 0.025 0.0265625
2 0.5859375 0.5140625 0.025 0.028125
2 0.67734375 0.5 0.028125 0.0234375
2 0.68046875 0.5234375 0.028125 0.0296875
2 0.74140625 0.56015625 0.0234375 0.0203125
2 0.7484375 0.4984375 0.0203125 0.025
2 0.65390625 0.596875 0.025 0.021875
2 0.73828125 0.59140625 0.015625 0.021875
2 0.6203125 0.6234375 0.0234375 0.0203125
2 0.57734375 0.6078125 0.0234375 0.0265625
2 0.2859375 0.6234375 0.0203125 0.0171875
2 0.2375 0.55234375 0.0265625 0.0234375
2 0.225 0.5703125 0.01875 0.01875
2 0.22109375 0.61796875 0.0234375 0.0140625
2 0.31875 0.66640625 0.0171875 0.0171875
2 0.32265625 0.68515625 0.021875 0.025
2 0.14609375 0.3890625 0.015625 0.01875
2 0.1890625 0.54765625 0.0203125 0.021875
2 0.1765625 0.5703125 0.015625 0.025