2 0.54296875 0.36015625 0.0328125 0.034375
2 0.3125 0.35234375 0.0390625 0.0328125
2 0.315625 0.2765625 0.028125 0.03125
2 0.30859375 0.209375 0.025 0.021875
2 0.22578125 0.24453125 0.025 0.0234375
2 0.7078125 0.32734375 0.0203125 0.0234375
2 0.4484375 0.51875 0.0265625 0.0265625
2 0.553125 0.525 0.0265625 0.028125
2 0.64453125 0.51171875 0.0296875 0.021875
2 0.646875 0.53515625 0.0296875 0.028125
2 0.7046875 0.5734375 0.025 0.0203125
2 0.715625 0.51171875 0.021875 0.025
2 0.615625 0.6078125 0.0265625 0.021875
2 0.7 0.6046875 0.0171875 0.021875
2 0.58125 0.63359375 0.025 0.0203125
2 0.5390625 0.61796875 0.025 0.0265625
2 0.2484375 0.628125 0.021875 0.0171875
2 0.20390625 0.55703125 0.028125 0.0234375
2 0.190625 0.57421875 0.0203125 0.01875
2 0.18359375 0.621875 0.0234375 0.0140625
2 0.278125 0.671875 0.01875 0.0171875
2 0.28125 0.690625 0.0234375 0.025
2 0.12265625 0.39140625 0.0171875 0.01875
2 0.15625 0.55078125 0.021875 0.021875
2 0.1421875 0.5734375 0.0171875 0.025