2 0.56875 0.41953125 0.03125 0.034375
2 0.33671875 0.3875 0.0375 0.03125
2 0.334375 0.31171875 0.0265625 0.03125
2 0.3234375 0.24296875 0.0234375 0.021875
2 0.24296875 0.2703125 0.0234375 0.0234375
2 0.73203125 0.40390625 0.01875 0.021875
2 0.48359375 0.56875 0.025 0.0265625
2 0.5890625 0.5859375 0.025 0.028125
2 0.68046875 0.5828125 0.028125 0.021875
2 0.68359375 0.60625 0.028125 0.028125
2 0.7453125 0.65078125 0.0234375 0.0203125
2 0.7515625 0.58984375 0.0203125 0.0234375
2 0.6578125 0.6765625 0.025 0.021875
2 0.7421875 0.68203125 0.015625 0.0203125
2 0.62421875 0.69921875 0.0234375 0.0203125
2 0.58125 0.67890625 0.0234375 0.0265625
2 0.28984375 0.65859375 0.0203125 0.015625
2 0.240625 0.58203125 0.0265625 0.0234375
2 0.228125 0.59765625 0.01875 0.0171875
2 0.225 0.6453125 0.0234375 0.0140625
2 0.32265625 0.70546875 0.0171875 0.015625
2 0.3265625 0.72421875 0.021875 0.0234375
2 0.1484375 0.40703125 0.015625 0.0171875
2 0.1921875 0.5703125 0.0203125 0.0203125
2 0.1796875 0.5921875 0.015625 0.0234375