2 0.5546875 0.403125 0.0328125 0.0328125
2 0.3234375 0.37734375 0.0390625 0.0296875
2 0.32421875 0.3015625 0.028125 0.0296875
2 0.31484375 0.23359375 0.0234375 0.0203125
2 0.23359375 0.26328125 0.0234375 0.021875
2 0.71875 0.38203125 0.01875 0.021875
2 0.4640625 0.55546875 0.025 0.025
2 0.56953125 0.56875 0.025 0.0265625
2 0.6609375 0.56328125 0.028125 0.0203125
2 0.66328125 0.58671875 0.028125 0.0265625
2 0.7234375 0.6296875 0.0234375 0.01875
2 0.73203125 0.56875 0.0203125 0.0234375
2 0.63515625 0.6578125 0.025 0.0203125
2 0.71953125 0.66015625 0.015625 0.0203125
2 0.60078125 0.68125 0.0234375 0.01875
2 0.5578125 0.66171875 0.0234375 0.025
2 0.2671875 0.65 0.0203125 0.015625
2 0.22109375 0.575 0.0265625 0.021875
2 0.2078125 0.59140625 0.01875 0.0171875
2 0.20234375 0.6390625 0.0234375 0.0125
2 0.2984375 0.69609375 0.0171875 0.015625
2 0.3015625 0.71484375 0.021875 0.0234375
2 0.134375 0.40234375 0.015625 0.0171875
2 0.17265625 0.56484375 0.0203125 0.0203125
2 0.159375 0.58671875 0.015625 0.0234375