2 0.57578125 0.35703125 0.03125 0.0359375
2 0.34296875 0.35078125 0.0375 0.0328125
2 0.33984375 0.275 0.0265625 0.03125
2 0.32734375 0.2078125 0.0234375 0.021875
2 0.24765625 0.24375 0.0234375 0.0234375
2 0.73828125 0.32265625 0.01875 0.0234375
2 0.49296875 0.515625 0.025 0.0265625
2 0.59921875 0.52109375 0.025 0.028125
2 0.690625 0.5078125 0.028125 0.021875
2 0.69375 0.53125 0.028125 0.028125
2 0.75625 0.56875 0.0234375 0.0203125
2 0.76171875 0.50703125 0.0203125 0.025
2 0.66875 0.6046875 0.025 0.021875
2 0.75390625 0.6 0.015625 0.021875
2 0.6359375 0.63046875 0.0234375 0.0203125
2 0.59296875 0.61484375 0.0234375 0.0265625
2 0.30078125 0.6265625 0.0203125 0.0171875
2 0.25078125 0.55546875 0.0265625 0.0234375
2 0.2390625 0.57265625 0.01875 0.01875
2 0.2359375 0.62109375 0.0234375 0.0140625
2 0.33515625 0.6703125 0.0171875 0.0171875
2 0.3390625 0.6890625 0.021875 0.025
2 0.15546875 0.390625 0.015625 0.01875
2 0.20234375 0.55 0.0203125 0.021875
2 0.18984375 0.57265625 0.015625 0.025