2 0.58046875 0.44921875 0.0328125 0.0359375
2 0.34765625 0.4046875 0.0390625 0.0328125
2 0.34296875 0.32890625 0.028125 0.03125
2 0.3296875 0.26015625 0.0234375 0.021875
2 0.25078125 0.2828125 0.0234375 0.0234375
2 0.74296875 0.4421875 0.01875 0.0234375
2 0.5 0.59453125 0.0265625 0.0265625
2 0.60546875 0.6171875 0.0265625 0.028125
2 0.696875 0.61875 0.028125 0.0234375
2 0.70078125 0.6421875 0.0296875 0.0296875
2 0.76328125 0.68984375 0.0234375 0.0203125
2 0.76796875 0.6296875 0.021875 0.025
2 0.6765625 0.7109375 0.025 0.021875
2 0.7609375 0.72109375 0.015625 0.021875
2 0.64375 0.73125 0.0234375 0.0203125
2 0.6 0.709375 0.025 0.0265625
2 0.30859375 0.6734375 0.0203125 0.0171875
2 0.2578125 0.59453125 0.0265625 0.0234375
2 0.2453125 0.609375 0.01875 0.01875
2 0.24296875 0.65703125 0.0234375 0.0140625
2 0.34296875 0.72265625 0.0171875 0.0171875
2 0.34765625 0.74140625 0.0234375 0.025
2 0.16015625 0.4140625 0.015625 0.01875
2 0.20859375 0.58046875 0.0203125 0.021875
2 0.196875 0.6015625 0.0171875 0.025