2 0.715625 0.19765625 0.0296875 0.0484375
2 0.67578125 0.225 0.021875 0.040625
2 0.7203125 0.2953125 0.0234375 0.0234375
2 0.69609375 0.40078125 0.01875 0.025
2 0.6578125 0.3609375 0.0140625 0.0296875
2 0.68984375 0.28125 0.015625 0.0234375
2 0.67578125 0.2984375 0.0171875 0.0265625
2 0.625 0.1640625 0.0140625 0.0203125
2 0.61328125 0.1390625 0.0125 0.01875
2 0.59609375 0.1640625 0.0109375 0.0203125
2 0.58671875 0.13828125 0.0109375 0.0234375
2 0.5609375 0.16328125 0.0109375 0.0203125
2 0.54296875 0.17734375 0.015625 0.0203125
2 0.5453125 0.15703125 0.0125 0.0171875
2 0.50703125 0.246875 0.0203125 0.0265625
2 0.49765625 0.2328125 0.0203125 0.0265625
2 0.61015625 0.365625 0.015625 0.0203125
2 0.559375 0.36015625 0.0140625 0.0171875
2 0.54765625 0.39453125 0.015625 0.025
2 0.49609375 0.32421875 0.0140625 0.021875
2 0.45859375 0.31640625 0.015625 0.0234375
2 0.37578125 0.215625 0.021875 0.0296875
2 0.36953125 0.2578125 0.015625 0.0296875
2 0.39765625 0.1984375 0.015625 0.0296875
2 0.50234375 0.4421875 0.0171875 0.025
2 0.57734375 0.44296875 0.01875 0.025
2 0.60234375 0.44453125 0.021875 0.0234375
2 0.69375 0.44609375 0.021875 0.0203125
2 0.8015625 0.4140625 0.01875 0.028125
2 0.41328125 0.3640625 0.01875 0.0203125
2 0.46015625 0.43359375 0.015625 0.0203125
2 0.4484375 0.440625 0.0125 0.0265625
2 0.38359375 0.4171875 0.01875 0.0234375
2 0.35390625 0.40703125 0.0125 0.0234375
2 0.3109375 0.39921875 0.009375 0.0125
2 0.2703125 0.28046875 0.0140625 0.0265625
2 0.26328125 0.24765625 0.0171875 0.0234375
2 0.30625 0.19609375 0.01875 0.0234375
2 0.2328125 0.2546875 0.01875 0.0328125
2 0.20234375 0.30546875 0.01875 0.0296875
2 0.21796875 0.22890625 0.01875 0.0328125
2 0.2734375 0.403125 0.025 0.0296875
2 0.31171875 0.44296875 0.0203125 0.021875
2 0.25546875 0.365625 0.01875 0.025
2 0.70234375 0.70703125 0.028125 0.0390625
2 0.77734375 0.76796875 0.0234375 0.0265625
2 0.75625 0.81875 0.021875 0.028125
2 0.73984375 0.8265625 0.015625 0.025
2 0.80625 0.86484375 0.021875 0.0328125
2 0.8125 0.721875 0.0171875 0.025
2 0.86015625 0.76640625 0.0234375 0.028125
2 0.81796875 0.690625 0.01875 0.0296875
2 0.82578125 0.6640625 0.0140625 0.0265625
2 0.8515625 0.63203125 0.01875 0.0234375
2 0.746875 0.65703125 0.015625 0.0234375
2 0.6796875 0.6671875 0.01875 0.0265625
2 0.69375 0.63828125 0.0171875 0.0265625
2 0.653125 0.64375 0.01875 0.01875
2 0.6328125 0.66796875 0.015625 0.0265625
2 0.61875 0.659375 0.0171875 0.0296875
2 0.5921875 0.7234375 0.025 0.0359375
2 0.5671875 0.740625 0.0234375 0.034375
2 0.55625 0.815625 0.01875 0.0328125
2 0.54375 0.85390625 0.0125 0.0265625
2 0.528125 0.8546875 0.015625 0.0234375
2 0.50546875 0.8234375 0.021875 0.0296875
2 0.48984375 0.77421875 0.015625 0.03125
2 0.47109375 0.80390625 0.01875 0.0296875
2 0.4609375 0.71328125 0.015625 0.040625
2 0.44765625 0.72890625 0.015625 0.03125
2 0.42421875 0.86875 0.01875 0.0296875
2 0.4859375 0.9015625 0.021875 0.0234375
2 0.50078125 0.93828125 0.015625 0.0296875
2 0.4734375 0.93671875 0.021875 0.0203125
2 0.59921875 0.93671875 0.021875 0.0296875
2 0.68671875 0.93984375 0.028125 0.028125
2 0.78046875 0.94609375 0.021875 0.03125
2 0.88046875 0.7984375 0.021875 0.0453125
2 0.378125 0.68984375 0.015625 0.0234375
2 0.42734375 0.65390625 0.025 0.0328125
2 0.51640625 0.6171875 0.01875 0.0265625
2 0.51875 0.671875 0.015625 0.0296875
2 0.51796875 0.65234375 0.015625 0.0234375
2 0.44921875 0.6234375 0.0234375 0.0296875
2 0.42734375 0.6140625 0.0203125 0.0296875
2 0.40859375 0.60390625 0.015625 0.0296875
2 0.38515625 0.65390625 0.021875 0.0234375
2 0.31640625 0.68671875 0.0171875 0.0234375
2 0.3203125 0.728125 0.025 0.0296875
2 0.334375 0.74375 0.01875 0.028125
2 0.278125 0.809375 0.01875 0.01875
2 0.25546875 0.83515625 0.01875 0.0296875
2 0.29296875 0.90859375 0.025 0.0296875
2 0.33984375 0.9109375 0.028125 0.025
2 0.228125 0.80390625 0.01875 0.0328125
2 0.22578125 0.84140625 0.0125 0.0296875
2 0.21171875 0.90390625 0.0171875 0.034375
2 0.221875 0.68671875 0.0265625 0.0390625
2 0.20625 0.69765625 0.01875 0.0296875
2 0.2546875 0.6234375 0.01875 0.0234375
2 0.28828125 0.68515625 0.01875 0.0328125
2 0.2859375 0.61015625 0.0125 0.021875
2 0.26875 0.60859375 0.0125 0.0234375
2 0.30234375 0.1671875 0.015625 0.0265625
2 0.42265625 0.1578125 0.015625 0.0265625
2 0.79296875 0.45234375 0.021875 0.0265625
2 0.7765625 0.37890625 0.015625 0.0265625
2 0.89453125 0.4375 0.021875 0.0328125
2 0.953125 0.85546875 0.021875 0.025
2 0.91484375 0.946875 0.021875 0.03125
2 0.96484375 0.74765625 0.0203125 0.0265625
2 0.95 0.690625 0.021875 0.0265625
2 0.95390625 0.66875 0.01875 0.0265625
2 0.99453125 0.6828125 0.0109375 0.0296875
2 0.86953125 0.9796875 0.01875 0.0234375
2 0.92421875 0.2546875 0.01875 0.0265625
2 0.903125 0.17734375 0.01875 0.0328125
2 0.946875 0.3953125 0.015625 0.0265625
2 0.1421875 0.25625 0.0265625 0.0359375
2 0.16875 0.2625 0.0171875 0.0328125
2 0.15 0.3140625 0.021875 0.03125
2 0.16484375 0.44375 0.025 0.0296875
2 0.2109375 0.178125 0.01875 0.03125
2 0.16953125 0.171875 0.0203125 0.0234375
2 0.10703125 0.68203125 0.0234375 0.03125
2 0.09140625 0.7046875 0.015625 0.0234375
2 0.0671875 0.778125 0.021875 0.03125
2 0.17265625 0.8578125 0.025 0.0296875
2 0.18828125 0.89453125 0.0171875 0.0234375
2 0.1484375 0.91171875 0.015625 0.025
2 0.10078125 0.88828125 0.021875 0.0328125
2 0.125 0.84609375 0.0125 0.0265625
2 0.20703125 0.6109375 0.021875 0.034375
2 0.2046875 0.64609375 0.015625 0.0296875
2 0.18359375 0.65625 0.021875 0.025
2 0.17109375 0.640625 0.025 0.0296875
2 0.140625 0.60390625 0.0203125 0.03125
2 0.07109375 0.25625 0.0171875 0.0203125