2 0.78359375 0.92734375 0.0328125 0.05
2 0.740625 0.89296875 0.025 0.040625
2 0.77890625 0.83046875 0.025 0.0234375
2 0.7453125 0.7203125 0.0203125 0.025
2 0.71015625 0.753125 0.015625 0.0296875
2 0.75078125 0.8390625 0.0171875 0.0234375
2 0.734375 0.81875 0.01875 0.0265625
2 0.6953125 0.94453125 0.015625 0.0203125
2 0.68671875 0.96796875 0.0140625 0.01875
2 0.66640625 0.940625 0.0125 0.0203125
2 0.66015625 0.9640625 0.0125 0.0234375
2 0.63125 0.934375 0.0125 0.0203125
2 0.61171875 0.91796875 0.0171875 0.0203125
2 0.615625 0.93828125 0.0140625 0.0171875
2 0.56953125 0.84140625 0.021875 0.0265625
2 0.5609375 0.85390625 0.021875 0.0265625
2 0.66171875 0.740625 0.0171875 0.0203125
2 0.6109375 0.7375 0.015625 0.0171875
2 0.596875 0.70078125 0.0171875 0.025
2 0.5515625 0.7625 0.015625 0.021875
2 0.5140625 0.76328125 0.0171875 0.0234375
2 0.43984375 0.84921875 0.0234375 0.0296875
2 0.4296875 0.80703125 0.0171875 0.0296875
2 0.46328125 0.8703125 0.0171875 0.0296875
2 0.54609375 0.64453125 0.01875 0.025
2 0.621875 0.6578125 0.0203125 0.025
2 0.646875 0.66015625 0.0234375 0.0234375
2 0.73828125 0.675 0.0234375 0.0203125
2 0.85078125 0.725 0.0203125 0.028125
2 0.4640625 0.7078125 0.0203125 0.0203125
2 0.5046875 0.64609375 0.0171875 0.0203125
2 0.4921875 0.63671875 0.0140625 0.0265625
2 0.42890625 0.64921875 0.0203125 0.0234375
2 0.4 0.65390625 0.0140625 0.0234375
2 0.35703125 0.6546875 0.0109375 0.0140625
2 0.32734375 0.76640625 0.015625 0.0265625
2 0.32421875 0.79765625 0.01875 0.0234375
2 0.37109375 0.85703125 0.0203125 0.0234375
2 0.2921875 0.78515625 0.021875 0.0328125
2 0.25703125 0.72890625 0.0203125 0.0296875
2 0.2796875 0.80859375 0.021875 0.0328125
2 0.31875 0.64375 0.0265625 0.03125
2 0.3546875 0.6109375 0.021875 0.021875
2 0.3046875 0.678125 0.0203125 0.025
2 0.72265625 0.4140625 0.03125 0.040625
2 0.7921875 0.3671875 0.025 0.0265625
2 0.7671875 0.3125 0.0234375 0.028125
2 0.75 0.3015625 0.0171875 0.025
2 0.8125 0.27421875 0.025 0.0328125
2 0.83203125 0.41875 0.01875 0.025
2 0.8765625 0.3828125 0.025 0.0265625
2 0.84140625 0.4515625 0.0203125 0.0296875
2 0.8515625 0.47890625 0.015625 0.0265625
2 0.88046875 0.515625 0.0203125 0.0234375
2 0.77265625 0.47265625 0.0171875 0.0234375
2 0.70390625 0.45 0.0203125 0.0265625
2 0.7203125 0.48203125 0.01875 0.0265625
2 0.67890625 0.46953125 0.0203125 0.01875
2 0.65703125 0.44140625 0.0171875 0.0265625
2 0.64296875 0.44765625 0.01875 0.0296875
2 0.6109375 0.37890625 0.028125 0.0375
2 0.584375 0.35703125 0.0265625 0.034375
2 0.565625 0.2796875 0.021875 0.0328125
2 0.55 0.23984375 0.0140625 0.0265625
2 0.53359375 0.2359375 0.0171875 0.0234375
2 0.51328125 0.26328125 0.0234375 0.0296875
2 0.50234375 0.31015625 0.01875 0.03125
2 0.48125 0.27734375 0.0203125 0.0296875
2 0.4796875 0.36640625 0.01875 0.040625
2 0.46484375 0.3484375 0.01875 0.03125
2 0.428125 0.20390625 0.0203125 0.0296875
2 0.48671875 0.18125 0.0234375 0.0234375
2 0.4984375 0.14765625 0.0171875 0.0296875
2 0.47109375 0.14453125 0.0234375 0.0203125
2 0.59765625 0.16640625 0.0234375 0.0296875
2 0.6859375 0.17890625 0.0296875 0.028125
2 0.7796875 0.1890625 0.0234375 0.0296875
2 0.89375 0.3546875 0.025 0.0453125
2 0.39765625 0.375 0.0171875 0.0234375
2 0.4515625 0.41953125 0.028125 0.034375
2 0.54375 0.471875 0.0203125 0.0265625
2 0.54140625 0.41796875 0.0171875 0.0296875
2 0.5421875 0.4375 0.0171875 0.0234375
2 0.47578125 0.45390625 0.025 0.0296875
2 0.4546875 0.459375 0.021875 0.0296875
2 0.43671875 0.46640625 0.0171875 0.0296875
2 0.40859375 0.4125 0.0234375 0.0234375
2 0.3359375 0.3671875 0.01875 0.0234375
2 0.33671875 0.3265625 0.0265625 0.03125
2 0.3484375 0.31328125 0.0203125 0.028125
2 0.2859375 0.2375 0.0203125 0.01875
2 0.2609375 0.2078125 0.0203125 0.0296875
2 0.2921875 0.140625 0.0265625 0.03125
2 0.3390625 0.146875 0.0296875 0.0265625
2 0.2359375 0.234375 0.021875 0.0328125
2 0.23046875 0.19609375 0.0140625 0.0296875
2 0.2109375 0.13203125 0.0203125 0.034375
2 0.240625 0.35078125 0.0296875 0.040625
2 0.22421875 0.33671875 0.0203125 0.0296875
2 0.2796875 0.41953125 0.0203125 0.0234375
2 0.3078125 0.3640625 0.021875 0.0328125
2 0.3125 0.43828125 0.0140625 0.021875
2 0.2953125 0.43671875 0.0140625 0.0234375
2 0.3703125 0.88515625 0.0171875 0.0265625
2 0.4921875 0.915625 0.0171875 0.0265625
2 0.8375 0.68515625 0.0234375 0.0265625
2 0.828125 0.75625 0.0171875 0.0265625
2 0.94140625 0.71796875 0.025 0.0328125
2 0.96171875 0.31015625 0.0234375 0.025
2 0.91484375 0.21171875 0.025 0.03125
2 0.98359375 0.4203125 0.021875 0.0265625
2 0.97421875 0.47421875 0.0234375 0.0265625
2 0.9796875 0.496875 0.0203125 0.0265625
2 0.865625 0.1703125 0.0203125 0.0234375
2 0.98828125 0.90625 0.0203125 0.0265625
2 0.97421875 0.98046875 0.021875 0.0328125
2 0.99453125 0.76953125 0.0109375 0.0265625
2 0.20078125 0.76796875 0.0296875 0.0375
2 0.2265625 0.76640625 0.0203125 0.0328125
2 0.203125 0.71171875 0.025 0.03125
2 0.20625 0.584375 0.0265625 0.03125
2 0.278125 0.85859375 0.021875 0.03125
2 0.23671875 0.85703125 0.021875 0.0234375
2 0.12578125 0.3359375 0.0265625 0.03125
2 0.10859375 0.31015625 0.0171875 0.0234375
2 0.0765625 0.23203125 0.025 0.03125
2 0.175 0.17109375 0.0265625 0.03125
2 0.1875 0.13671875 0.01875 0.0234375
2 0.14609375 0.1125 0.0171875 0.025
2 0.1 0.128125 0.025 0.0328125
2 0.12890625 0.17421875 0.0140625 0.0265625
2 0.2328125 0.4234375 0.025 0.034375
2 0.228125 0.38828125 0.0171875 0.0296875
2 0.2046875 0.37421875 0.0234375 0.025
2 0.19453125 0.38828125 0.0265625 0.03125
2 0.16640625 0.41953125 0.021875 0.0296875
2 0.12890625 0.75625 0.01875 0.0203125