2 0.71796875 0.14375 0.03125 0.046875
2 0.678125 0.17421875 0.0234375 0.0390625
2 0.72421875 0.240625 0.0234375 0.021875
2 0.70234375 0.3484375 0.01875 0.0234375
2 0.66328125 0.31171875 0.015625 0.028125
2 0.69453125 0.22890625 0.015625 0.021875
2 0.6796875 0.24765625 0.0171875 0.025
2 0.6265625 0.1171875 0.0140625 0.01875
2 0.61484375 0.09296875 0.0125 0.0171875
2 0.59765625 0.11875 0.0109375 0.01875
2 0.58828125 0.09375 0.0109375 0.021875
2 0.56328125 0.12109375 0.0109375 0.01875
2 0.5453125 0.1359375 0.015625 0.01875
2 0.546875 0.115625 0.0125 0.015625
2 0.5109375 0.20859375 0.0203125 0.025
2 0.50078125 0.1953125 0.0203125 0.025
2 0.615625 0.31953125 0.015625 0.01875
2 0.56484375 0.31796875 0.0140625 0.015625
2 0.55390625 0.353125 0.015625 0.0234375
2 0.5015625 0.28671875 0.0140625 0.0203125
2 0.4640625 0.28203125 0.015625 0.021875
2 0.37890625 0.1875 0.0234375 0.028125
2 0.37421875 0.2296875 0.0171875 0.028125
2 0.4 0.16875 0.0171875 0.028125
2 0.509375 0.4046875 0.0171875 0.0234375
2 0.584375 0.39921875 0.01875 0.0234375
2 0.609375 0.39921875 0.021875 0.021875
2 0.70078125 0.39375 0.021875 0.01875
2 0.8078125 0.35390625 0.01875 0.0265625
2 0.41875 0.3328125 0.01875 0.01875
2 0.4671875 0.39921875 0.015625 0.01875
2 0.45546875 0.40703125 0.0125 0.025
2 0.38984375 0.38828125 0.01875 0.021875
2 0.36015625 0.38046875 0.0125 0.021875
2 0.3171875 0.37578125 0.009375 0.0125
2 0.275 0.26015625 0.0140625 0.025
2 0.2671875 0.228125 0.0171875 0.021875
2 0.30859375 0.1734375 0.01875 0.021875
2 0.23671875 0.2375 0.0203125 0.03125
2 0.2078125 0.290625 0.0203125 0.028125
2 0.221875 0.2125 0.0203125 0.03125
2 0.2796875 0.3828125 0.0265625 0.028125
2 0.31953125 0.41953125 0.0203125 0.0203125
2 0.26171875 0.346875 0.01875 0.0234375
2 0.71328125 0.6546875 0.0296875 0.0375
2 0.7890625 0.709375 0.0234375 0.025
2 0.76953125 0.76171875 0.021875 0.0265625
2 0.75390625 0.77109375 0.015625 0.0234375
2 0.8203125 0.8046875 0.0234375 0.03125
2 0.82421875 0.6609375 0.0171875 0.0234375
2 0.87265625 0.7015625 0.0234375 0.0265625
2 0.82890625 0.62890625 0.0203125 0.028125
2 0.8359375 0.60234375 0.0140625 0.025
2 0.86171875 0.56796875 0.01875 0.021875
2 0.75703125 0.60078125 0.015625 0.021875
2 0.690625 0.61640625 0.01875 0.025
2 0.70390625 0.5859375 0.0171875 0.025
2 0.66328125 0.59453125 0.01875 0.0171875
2 0.64375 0.6203125 0.015625 0.025
2 0.6296875 0.61328125 0.01875 0.028125
2 0.60390625 0.67890625 0.0265625 0.034375
2 0.5796875 0.6984375 0.025 0.0328125
2 0.56953125 0.77421875 0.0203125 0.03125
2 0.5578125 0.81328125 0.0125 0.025
2 0.5421875 0.815625 0.015625 0.021875
2 0.51875 0.7859375 0.0234375 0.028125
2 0.50234375 0.7375 0.0171875 0.0296875
2 0.48515625 0.76875 0.0203125 0.028125
2 0.47265625 0.67890625 0.0171875 0.0390625
2 0.46015625 0.6953125 0.0171875 0.0296875
2 0.4390625 0.8375 0.0203125 0.028125
2 0.50078125 0.865625 0.021875 0.021875
2 0.5171875 0.90078125 0.0171875 0.028125
2 0.48984375 0.9015625 0.021875 0.01875
2 0.61484375 0.8921875 0.0234375 0.028125
2 0.70234375 0.88828125 0.028125 0.0265625
2 0.79609375 0.8875 0.0234375 0.0296875
2 0.89296875 0.73203125 0.0234375 0.04375
2 0.38984375 0.66171875 0.015625 0.021875
2 0.43828125 0.621875 0.0265625 0.03125
2 0.5265625 0.57890625 0.01875 0.025
2 0.53046875 0.6328125 0.0171875 0.028125
2 0.52890625 0.61328125 0.015625 0.021875
2 0.459375 0.58984375 0.025 0.028125
2 0.4375 0.58203125 0.021875 0.028125
2 0.41796875 0.5734375 0.0171875 0.028125
2 0.39609375 0.625 0.021875 0.021875
2 0.328125 0.66328125 0.0171875 0.021875
2 0.3328125 0.7046875 0.0265625 0.028125
2 0.346875 0.71875 0.01875 0.0265625
2 0.29140625 0.7890625 0.01875 0.0171875
2 0.26953125 0.81640625 0.0203125 0.028125
2 0.30859375 0.8875 0.0265625 0.028125
2 0.35546875 0.8859375 0.028125 0.0234375
2 0.24140625 0.7875 0.0203125 0.03125
2 0.240625 0.825 0.0140625 0.028125
2 0.22734375 0.88828125 0.01875 0.0328125
2 0.23359375 0.6703125 0.028125 0.0375
2 0.21796875 0.6828125 0.0203125 0.028125
2 0.265625 0.6046875 0.01875 0.021875
2 0.3 0.6640625 0.0203125 0.03125
2 0.29609375 0.5890625 0.0125 0.0203125
2 0.27890625 0.5890625 0.0125 0.021875
2 0.3046875 0.14453125 0.015625 0.025
2 0.425 0.12578125 0.015625 0.025
2 0.8 0.39296875 0.021875 0.025
2 0.78203125 0.3203125 0.015625 0.025
2 0.90078125 0.3703125 0.0234375 0.03125
2 0.96640625 0.78359375 0.021875 0.0234375
2 0.93046875 0.878125 0.0234375 0.0296875
2 0.9765625 0.675 0.0203125 0.025
2 0.9609375 0.61953125 0.021875 0.025
2 0.9640625 0.596875 0.01875 0.025
2 0.88515625 0.91484375 0.01875 0.021875
2 0.92734375 0.18515625 0.01875 0.025
2 0.9046875 0.109375 0.0203125 0.03125
2 0.95234375 0.32421875 0.015625 0.025
2 0.14609375 0.24609375 0.028125 0.034375
2 0.17265625 0.25 0.01875 0.03125
2 0.1546875 0.303125 0.0234375 0.0296875
2 0.17265625 0.43125 0.0265625 0.028125
2 0.2140625 0.1625 0.0203125 0.0296875
2 0.17265625 0.159375 0.0203125 0.021875
2 0.11875 0.67421875 0.025 0.0296875
2 0.10390625 0.6984375 0.015625 0.021875
2 0.08046875 0.7734375 0.0234375 0.0296875
2 0.18671875 0.8453125 0.0265625 0.028125
2 0.20390625 0.88125 0.0171875 0.021875
2 0.16484375 0.9015625 0.015625 0.0234375
2 0.11640625 0.88125 0.0234375 0.03125
2 0.13984375 0.8375 0.0125 0.025
2 0.2171875 0.59609375 0.0234375 0.0328125
2 0.21640625 0.63125 0.0171875 0.028125
2 0.19453125 0.64296875 0.021875 0.0234375
2 0.18203125 0.628125 0.0265625 0.028125
2 0.15078125 0.59375 0.021875 0.0296875
2 0.075 0.25078125 0.0171875 0.01875