2 0.7640625 0.86875 0.0328125 0.046875
2 0.721875 0.8375 0.0234375 0.0390625
2 0.76171875 0.771875 0.025 0.021875
2 0.73046875 0.66328125 0.0203125 0.0234375
2 0.69375 0.7 0.015625 0.028125
2 0.73203125 0.7828125 0.0171875 0.021875
2 0.71640625 0.7640625 0.01875 0.025
2 0.675 0.89375 0.015625 0.01875
2 0.665625 0.91796875 0.0140625 0.0171875
2 0.64609375 0.89140625 0.0125 0.01875
2 0.6390625 0.91640625 0.0125 0.021875
2 0.6109375 0.88828125 0.0125 0.01875
2 0.59140625 0.8734375 0.0171875 0.01875
2 0.5953125 0.89375 0.0140625 0.015625
2 0.55078125 0.8 0.021875 0.025
2 0.5421875 0.81328125 0.021875 0.025
2 0.64609375 0.69140625 0.0171875 0.01875
2 0.5953125 0.69140625 0.015625 0.015625
2 0.58125 0.65625 0.0171875 0.0234375
2 0.534375 0.721875 0.015625 0.0203125
2 0.49765625 0.72578125 0.0171875 0.021875
2 0.42109375 0.81875 0.0234375 0.028125
2 0.41171875 0.7765625 0.0171875 0.028125
2 0.44375 0.83828125 0.0171875 0.028125
2 0.53203125 0.60390625 0.01875 0.0234375
2 0.6078125 0.6109375 0.0203125 0.0234375
2 0.6328125 0.6109375 0.0234375 0.021875
2 0.72421875 0.61796875 0.0234375 0.01875
2 0.83515625 0.66015625 0.0203125 0.0265625
2 0.4484375 0.67421875 0.0203125 0.01875
2 0.490625 0.60859375 0.0171875 0.01875
2 0.478125 0.60078125 0.0140625 0.025
2 0.41484375 0.61796875 0.0203125 0.021875
2 0.38515625 0.62578125 0.0140625 0.021875
2 0.34296875 0.6296875 0.009375 0.0125
2 0.31015625 0.74453125 0.015625 0.025
2 0.30625 0.7765625 0.01875 0.021875
2 0.35234375 0.83203125 0.0203125 0.021875
2 0.27421875 0.76640625 0.0203125 0.03125
2 0.240625 0.7125 0.0203125 0.028125
2 0.26171875 0.79140625 0.0203125 0.03125
2 0.3046875 0.621875 0.0265625 0.028125
2 0.340625 0.5859375 0.021875 0.0203125
2 0.28984375 0.6578125 0.0203125 0.0234375
2 0.71484375 0.3578125 0.0296875 0.0375
2 0.7859375 0.30390625 0.025 0.025
2 0.76171875 0.2515625 0.0234375 0.0265625
2 0.74453125 0.24140625 0.0171875 0.0234375
2 0.80859375 0.209375 0.0234375 0.03125
2 0.82421875 0.353125 0.01875 0.0234375
2 0.86953125 0.31328125 0.025 0.025
2 0.8328125 0.38515625 0.0203125 0.028125
2 0.8421875 0.41171875 0.015625 0.025
2 0.8703125 0.446875 0.0203125 0.021875
2 0.76328125 0.4125 0.0171875 0.021875
2 0.6953125 0.3953125 0.0203125 0.025
2 0.7109375 0.42578125 0.01875 0.025
2 0.66953125 0.41640625 0.0203125 0.0171875
2 0.64765625 0.390625 0.0171875 0.025
2 0.634375 0.39765625 0.01875 0.028125
2 0.603125 0.33125 0.0265625 0.034375
2 0.5765625 0.3109375 0.025 0.0328125
2 0.56015625 0.23515625 0.0203125 0.03125
2 0.5453125 0.19609375 0.0140625 0.025
2 0.5296875 0.19375 0.0171875 0.021875
2 0.50859375 0.22265625 0.0234375 0.028125
2 0.496875 0.27109375 0.0171875 0.0296875
2 0.47578125 0.2390625 0.0203125 0.028125
2 0.471875 0.32890625 0.0171875 0.0390625
2 0.4578125 0.3125 0.0171875 0.0296875
2 0.42421875 0.16953125 0.0203125 0.028125
2 0.48359375 0.14296875 0.0234375 0.021875
2 0.49609375 0.1078125 0.0171875 0.028125
2 0.46875 0.10625 0.0234375 0.01875
2 0.5953125 0.11796875 0.0234375 0.028125
2 0.6828125 0.1234375 0.0296875 0.025
2 0.7765625 0.12578125 0.0234375 0.028125
2 0.8875 0.2828125 0.025 0.04375
2 0.38984375 0.34453125 0.0171875 0.021875
2 0.4421875 0.38515625 0.0265625 0.03125
2 0.53359375 0.4296875 0.0203125 0.025
2 0.5328125 0.37578125 0.0171875 0.028125
2 0.53359375 0.3953125 0.0171875 0.021875
2 0.46640625 0.41796875 0.025 0.028125
2 0.44453125 0.425 0.021875 0.028125
2 0.4265625 0.43359375 0.0171875 0.028125
2 0.4 0.38125 0.0234375 0.021875
2 0.328125 0.3421875 0.01875 0.021875
2 0.3296875 0.30078125 0.0265625 0.028125
2 0.3421875 0.28671875 0.0203125 0.0265625
2 0.28125 0.215625 0.0203125 0.0171875
2 0.25703125 0.1875 0.0203125 0.028125
2 0.2890625 0.1171875 0.0265625 0.028125
2 0.33671875 0.11953125 0.0296875 0.0234375
2 0.23125 0.21640625 0.0203125 0.03125
2 0.2265625 0.17890625 0.0140625 0.028125
2 0.2078125 0.115625 0.01875 0.0328125
2 0.23359375 0.33359375 0.028125 0.0375
2 0.2171875 0.3203125 0.0203125 0.028125
2 0.2703125 0.4 0.0203125 0.021875
2 0.3 0.340625 0.0203125 0.03125
2 0.303125 0.415625 0.0140625 0.0203125
2 0.2859375 0.415625 0.0140625 0.021875
2 0.35078125 0.8609375 0.0171875 0.025
2 0.471875 0.88125 0.0171875 0.025
2 0.8234375 0.62109375 0.0234375 0.025
2 0.8125 0.69296875 0.0171875 0.025
2 0.9265625 0.6453125 0.0234375 0.03125
2 0.95625 0.2328125 0.0234375 0.0234375
2 0.91171875 0.1375 0.0234375 0.0296875
2 0.97578125 0.34140625 0.021875 0.025
2 0.96484375 0.396875 0.0234375 0.025
2 0.9703125 0.41953125 0.0203125 0.025
2 0.86328125 0.1 0.0203125 0.021875
2 0.96953125 0.83125 0.0203125 0.025
2 0.953125 0.90625 0.0203125 0.03125
2 0.98203125 0.6921875 0.0171875 0.025
2 0.1828125 0.75625 0.028125 0.034375
2 0.209375 0.753125 0.01875 0.03125
2 0.18671875 0.69921875 0.0234375 0.0296875
2 0.19296875 0.571875 0.0265625 0.028125
2 0.2578125 0.84140625 0.0203125 0.0296875
2 0.2171875 0.84375 0.021875 0.021875
2 0.11796875 0.32734375 0.025 0.0296875
2 0.10078125 0.303125 0.0171875 0.021875
2 0.07109375 0.22734375 0.0234375 0.0296875
2 0.171875 0.1578125 0.0265625 0.028125
2 0.18515625 0.121875 0.01875 0.021875
2 0.14375 0.10078125 0.0171875 0.0234375
2 0.09765625 0.1203125 0.0234375 0.03125
2 0.125 0.16484375 0.0140625 0.025
2 0.2234375 0.40703125 0.0234375 0.0328125
2 0.21875 0.371875 0.0171875 0.028125
2 0.196875 0.36015625 0.0234375 0.0234375
2 0.1859375 0.375 0.0265625 0.028125
2 0.15703125 0.40859375 0.021875 0.028125
2 0.11171875 0.75078125 0.01875 0.01875