2 0.1453125 0.28125 0.046875 0.03125
2 0.17578125 0.3203125 0.0390625 0.0234375
2 0.2421875 0.27421875 0.021875 0.0234375
2 0.35 0.2953125 0.0234375 0.0203125
2 0.3140625 0.33515625 0.028125 0.015625
2 0.23046875 0.3046875 0.021875 0.015625
2 0.24921875 0.31875 0.025 0.01875
2 0.11953125 0.37265625 0.01875 0.0140625
2 0.0953125 0.384375 0.0171875 0.0125
2 0.12109375 0.4015625 0.01875 0.0109375
2 0.09609375 0.4109375 0.021875 0.0109375
2 0.1234375 0.43671875 0.01875 0.0109375
2 0.13828125 0.45390625 0.01875 0.015625
2 0.11796875 0.45234375 0.015625 0.0125
2 0.21171875 0.48828125 0.025 0.021875
2 0.1984375 0.49765625 0.025 0.021875
2 0.321875 0.3828125 0.01875 0.015625
2 0.3203125 0.43359375 0.015625 0.0140625
2 0.35546875 0.44375 0.0234375 0.0171875
2 0.28984375 0.496875 0.0203125 0.0140625
2 0.28515625 0.534375 0.021875 0.015625
2 0.19140625 0.6203125 0.028125 0.0234375
2 0.23359375 0.625 0.028125 0.0171875
2 0.17265625 0.5984375 0.028125 0.0171875
2 0.4078125 0.48828125 0.0234375 0.01875
2 0.4015625 0.41328125 0.0234375 0.0203125
2 0.4015625 0.38828125 0.021875 0.021875
2 0.3953125 0.296875 0.01875 0.021875
2 0.35546875 0.18984375 0.0265625 0.0203125
2 0.3359375 0.57890625 0.01875 0.01875
2 0.40234375 0.53046875 0.01875 0.015625
2 0.41015625 0.5421875 0.025 0.0140625
2 0.3921875 0.6078125 0.021875 0.01875
2 0.384375 0.6375 0.021875 0.0125
2 0.3796875 0.68046875 0.0125 0.009375
2 0.2640625 0.7234375 0.025 0.015625
2 0.2328125 0.73125 0.021875 0.0171875
2 0.17734375 0.68984375 0.021875 0.01875
2 0.2421875 0.76171875 0.03125 0.0203125
2 0.2953125 0.790625 0.028125 0.0203125
2 0.2171875 0.77734375 0.03125 0.0203125
2 0.38671875 0.71796875 0.028125 0.0265625
2 0.4234375 0.678125 0.0203125 0.0203125
2 0.3515625 0.7359375 0.0234375 0.0203125
2 0.65625 0.2828125 0.0375 0.0296875
2 0.7109375 0.20625 0.025 0.025
2 0.76328125 0.22578125 0.0265625 0.0234375
2 0.77265625 0.2421875 0.0234375 0.0171875
2 0.80625 0.175 0.03125 0.0234375
2 0.66171875 0.171875 0.0234375 0.01875
2 0.70234375 0.1234375 0.025 0.025
2 0.6296875 0.1671875 0.028125 0.0203125
2 0.603125 0.16015625 0.025 0.015625
2 0.56875 0.13515625 0.021875 0.01875
2 0.60234375 0.2390625 0.021875 0.015625
2 0.61796875 0.30546875 0.025 0.0203125
2 0.5875 0.29296875 0.025 0.01875
2 0.596875 0.3328125 0.0171875 0.01875
2 0.62265625 0.35234375 0.025 0.0171875
2 0.615625 0.3671875 0.028125 0.01875
2 0.68125 0.3921875 0.034375 0.0265625
2 0.70078125 0.41640625 0.0328125 0.025
2 0.7765625 0.42578125 0.03125 0.0203125
2 0.815625 0.4375 0.025 0.0140625
2 0.81875 0.453125 0.021875 0.015625
2 0.7890625 0.4765625 0.028125 0.0234375
2 0.740625 0.49296875 0.0296875 0.0171875
2 0.771875 0.5109375 0.028125 0.0203125
2 0.68203125 0.5234375 0.0390625 0.0171875
2 0.6984375 0.5359375 0.0296875 0.0171875
2 0.840625 0.55625 0.028125 0.0203125
2 0.86875 0.49375 0.021875 0.021875
2 0.90390625 0.478125 0.028125 0.0171875
2 0.9046875 0.50546875 0.01875 0.021875
2 0.89453125 0.3796875 0.028125 0.0234375
2 0.88984375 0.2921875 0.025 0.0296875
2 0.8890625 0.1984375 0.028125 0.0234375
2 0.7328125 0.10234375 0.04375 0.0234375
2 0.665625 0.60625 0.021875 0.015625
2 0.625 0.5578125 0.03125 0.0265625
2 0.58203125 0.4703125 0.025 0.0203125
2 0.6359375 0.46640625 0.028125 0.0171875
2 0.61640625 0.46796875 0.021875 0.015625
2 0.59296875 0.5375 0.028125 0.025
2 0.58515625 0.559375 0.028125 0.021875
2 0.5765625 0.578125 0.028125 0.0171875
2 0.62890625 0.6 0.021875 0.021875
2 0.6671875 0.66796875 0.021875 0.0171875
2 0.70859375 0.66328125 0.028125 0.0265625
2 0.72265625 0.64921875 0.0265625 0.0203125
2 0.79296875 0.70390625 0.0171875 0.01875
2 0.82109375 0.72578125 0.028125 0.0203125
2 0.89140625 0.6859375 0.028125 0.0265625
2 0.88984375 0.6390625 0.0234375 0.0296875
2 0.7921875 0.75390625 0.03125 0.0203125
2 0.8296875 0.7546875 0.028125 0.0140625
2 0.89296875 0.7671875 0.0328125 0.01875
2 0.675 0.7625 0.0375 0.028125
2 0.6875 0.77734375 0.028125 0.0203125
2 0.609375 0.73125 0.021875 0.01875
2 0.66796875 0.69609375 0.03125 0.0203125
2 0.59296875 0.70078125 0.0203125 0.0125
2 0.59296875 0.71796875 0.021875 0.0125
2 0.1484375 0.69453125 0.025 0.0171875
2 0.12890625 0.57421875 0.025 0.0171875
2 0.39453125 0.19765625 0.025 0.0234375
2 0.321875 0.21640625 0.025 0.0171875
2 0.37109375 0.096875 0.03125 0.0234375
2 0.78359375 0.02890625 0.0234375 0.0234375
2 0.87890625 0.06484375 0.0296875 0.0234375
2 0.675 0.01953125 0.025 0.021875
2 0.61953125 0.03515625 0.025 0.0234375
2 0.596875 0.03203125 0.025 0.0203125
2 0.915625 0.109375 0.021875 0.01875
2 0.1859375 0.071875 0.025 0.0203125
2 0.11015625 0.09453125 0.03125 0.0203125
2 0.32421875 0.04609375 0.025 0.0171875
2 0.25078125 0.85234375 0.034375 0.028125
2 0.2546875 0.82578125 0.03125 0.01875
2 0.3078125 0.84296875 0.0296875 0.0234375
2 0.4359375 0.825 0.028125 0.0265625
2 0.1671875 0.78515625 0.0296875 0.0203125
2 0.1640625 0.8265625 0.021875 0.0203125
2 0.6796875 0.87734375 0.0296875 0.025
2 0.70390625 0.8921875 0.021875 0.015625
2 0.77890625 0.91484375 0.0296875 0.0234375
2 0.85 0.8078125 0.028125 0.0265625
2 0.8859375 0.79140625 0.021875 0.0171875
2 0.90625 0.83046875 0.0234375 0.0171875
2 0.88671875 0.87890625 0.03125 0.0234375
2 0.84296875 0.85546875 0.025 0.0140625
2 0.60078125 0.77890625 0.0328125 0.0234375
2 0.6359375 0.78046875 0.028125 0.0171875
2 0.64765625 0.8015625 0.0234375 0.0234375
2 0.6328125 0.8140625 0.028125 0.0265625
2 0.5984375 0.8453125 0.028125 0.021875
2 0.25625 0.9234375 0.01875 0.0171875