2 0.1671875 0.296875 0.05 0.0328125
2 0.20078125 0.33984375 0.040625 0.025
2 0.2640625 0.30078125 0.0234375 0.025
2 0.3734375 0.334375 0.025 0.0203125
2 0.33984375 0.36953125 0.0296875 0.015625
2 0.2546875 0.3296875 0.0234375 0.0171875
2 0.27421875 0.34609375 0.0265625 0.01875
2 0.14765625 0.38515625 0.0203125 0.015625
2 0.12421875 0.39453125 0.01875 0.0140625
2 0.1515625 0.41484375 0.0203125 0.0125
2 0.12734375 0.42109375 0.0234375 0.0125
2 0.15703125 0.45 0.0203125 0.0125
2 0.1734375 0.46875 0.0203125 0.0171875
2 0.153125 0.46484375 0.0171875 0.0140625
2 0.24921875 0.5109375 0.0265625 0.021875
2 0.23671875 0.51953125 0.0265625 0.021875
2 0.3515625 0.41796875 0.0203125 0.0171875
2 0.35390625 0.46875 0.0171875 0.015625
2 0.390625 0.4828125 0.025 0.0171875
2 0.328125 0.52890625 0.021875 0.015625
2 0.3265625 0.565625 0.0234375 0.0171875
2 0.23828125 0.640625 0.0296875 0.0234375
2 0.28125 0.65 0.0296875 0.0171875
2 0.21796875 0.6171875 0.0296875 0.0171875
2 0.4453125 0.5328125 0.025 0.01875
2 0.434375 0.4578125 0.025 0.0203125
2 0.43203125 0.4328125 0.0234375 0.0234375
2 0.41875 0.340625 0.0203125 0.0234375
2 0.3703125 0.22890625 0.028125 0.0203125
2 0.38125 0.615625 0.0203125 0.0203125
2 0.44375 0.575 0.0203125 0.0171875
2 0.45234375 0.58671875 0.0265625 0.0140625
2 0.4390625 0.65078125 0.0234375 0.0203125
2 0.43359375 0.6796875 0.0234375 0.0140625
2 0.43203125 0.721875 0.0125 0.0109375
2 0.3203125 0.75234375 0.0265625 0.015625
2 0.28828125 0.75625 0.0234375 0.01875
2 0.23046875 0.709375 0.0234375 0.0203125
2 0.3 0.78828125 0.0328125 0.021875
2 0.35625 0.82265625 0.0296875 0.0203125
2 0.2765625 0.80078125 0.0328125 0.021875
2 0.4421875 0.76015625 0.0296875 0.0265625
2 0.47578125 0.725 0.021875 0.021875
2 0.4078125 0.775 0.025 0.0203125
2 0.6796875 0.3546875 0.0390625 0.03125
2 0.728125 0.28515625 0.0265625 0.025
2 0.78203125 0.31015625 0.028125 0.0234375
2 0.79296875 0.32734375 0.025 0.0171875
2 0.82109375 0.2640625 0.0328125 0.025
2 0.6765625 0.2453125 0.025 0.01875
2 0.71328125 0.20078125 0.0265625 0.025
2 0.64453125 0.23671875 0.0296875 0.0203125
2 0.6171875 0.2265625 0.0265625 0.015625
2 0.58046875 0.19765625 0.0234375 0.0203125
2 0.621875 0.30546875 0.0234375 0.0171875
2 0.64296875 0.37421875 0.0265625 0.0203125
2 0.61171875 0.3578125 0.0265625 0.01875
2 0.6234375 0.39921875 0.01875 0.0203125
2 0.65078125 0.42109375 0.0265625 0.0171875
2 0.6453125 0.434375 0.0296875 0.01875
2 0.7125 0.4671875 0.0359375 0.028125
2 0.734375 0.49375 0.034375 0.0265625
2 0.8109375 0.51171875 0.0328125 0.021875
2 0.8515625 0.52734375 0.0265625 0.0140625
2 0.8546875 0.54296875 0.0234375 0.0171875
2 0.82734375 0.56328125 0.0296875 0.0234375
2 0.7796875 0.575 0.03125 0.0171875
2 0.8125 0.59609375 0.0296875 0.0203125
2 0.7234375 0.5984375 0.040625 0.01875
2 0.74140625 0.6125 0.03125 0.0171875
2 0.88515625 0.6484375 0.0296875 0.0203125
2 0.90859375 0.58984375 0.0234375 0.0234375
2 0.9421875 0.57734375 0.0296875 0.0171875
2 0.9453125 0.6046875 0.0203125 0.0234375
2 0.92578125 0.47890625 0.0296875 0.0234375
2 0.91484375 0.390625 0.0265625 0.0296875
2 0.90625 0.296875 0.0296875 0.0234375
2 0.7421875 0.18359375 0.0453125 0.025
2 0.71328125 0.6796875 0.0234375 0.0171875
2 0.66953125 0.6265625 0.0328125 0.028125
2 0.61875 0.534375 0.0265625 0.0203125
2 0.67265625 0.5359375 0.0296875 0.0171875
2 0.653125 0.53515625 0.0234375 0.0171875
2 0.63515625 0.60234375 0.0296875 0.025
2 0.6296875 0.6234375 0.0296875 0.021875
2 0.62265625 0.6421875 0.0296875 0.0171875
2 0.67578125 0.66953125 0.0234375 0.0234375
2 0.71953125 0.74140625 0.0234375 0.01875
2 0.7609375 0.740625 0.0296875 0.0265625
2 0.7734375 0.72890625 0.028125 0.0203125
2 0.8484375 0.79140625 0.01875 0.0203125
2 0.878125 0.815625 0.0296875 0.0203125
2 0.94609375 0.784375 0.0296875 0.0265625
2 0.940625 0.7375 0.025 0.0296875
2 0.8515625 0.840625 0.0328125 0.021875
2 0.8890625 0.84609375 0.0296875 0.0140625
2 0.953125 0.865625 0.034375 0.0203125
2 0.734375 0.83671875 0.0390625 0.0296875
2 0.7484375 0.853125 0.0296875 0.0203125
2 0.66640625 0.7984375 0.0234375 0.0203125
2 0.72265625 0.76953125 0.0328125 0.021875
2 0.64765625 0.765625 0.021875 0.0140625
2 0.64921875 0.7828125 0.0234375 0.0140625
2 0.2015625 0.71015625 0.0265625 0.0171875
2 0.17265625 0.58828125 0.0265625 0.0171875
2 0.41015625 0.24140625 0.0265625 0.0234375
2 0.3390625 0.2515625 0.0265625 0.0171875
2 0.3796875 0.13828125 0.0328125 0.025
2 0.78828125 0.115625 0.025 0.0234375
2 0.8859375 0.16171875 0.03125 0.0234375
2 0.678125 0.09375 0.0265625 0.021875
2 0.62421875 0.10390625 0.0265625 0.0234375
2 0.6015625 0.0984375 0.0265625 0.0203125
2 0.60859375 0.0546875 0.0296875 0.01875
2 0.9265625 0.2109375 0.0234375 0.0203125
2 0.19140625 0.0921875 0.0265625 0.0203125
2 0.1171875 0.10703125 0.0328125 0.021875
2 0.32890625 0.08125 0.0265625 0.0171875
2 0.31640625 0.8796875 0.0359375 0.0296875
2 0.31796875 0.853125 0.0328125 0.0203125
2 0.37265625 0.8765625 0.03125 0.0234375
2 0.5 0.87265625 0.0296875 0.0265625
2 0.22734375 0.803125 0.03125 0.0203125
2 0.22734375 0.84375 0.0234375 0.021875
2 0.74765625 0.9515625 0.03125 0.025
2 0.7734375 0.96953125 0.0234375 0.0171875
2 0.85 0.99453125 0.03125 0.0109375
2 0.9140625 0.9015625 0.0296875 0.0265625
2 0.9484375 0.88828125 0.0234375 0.01875
2 0.971875 0.9296875 0.025 0.0171875
2 0.95546875 0.97578125 0.0328125 0.025
2 0.909375 0.94765625 0.0265625 0.0140625
2 0.66171875 0.8453125 0.034375 0.025
2 0.696875 0.85 0.0296875 0.0171875
2 0.71015625 0.87265625 0.025 0.0234375
2 0.69609375 0.88359375 0.0296875 0.0265625
2 0.66484375 0.91171875 0.0296875 0.021875
2 0.3265625 0.95078125 0.0203125 0.01875