2 0.77890625 0.80625 0.0328125 0.0484375
2 0.7359375 0.77890625 0.025 0.040625
2 0.775 0.709375 0.025 0.0234375
2 0.74140625 0.603125 0.0203125 0.025
2 0.70625 0.6421875 0.015625 0.0296875
2 0.74609375 0.72265625 0.0171875 0.0234375
2 0.7296875 0.70546875 0.01875 0.0265625
2 0.690625 0.8390625 0.015625 0.0203125
2 0.68125 0.8640625 0.0140625 0.01875
2 0.6609375 0.83984375 0.0125 0.01875
2 0.6546875 0.865625 0.0125 0.021875
2 0.62578125 0.83984375 0.0125 0.01875
2 0.60703125 0.8265625 0.0171875 0.0203125
2 0.6109375 0.84609375 0.0140625 0.0171875
2 0.56484375 0.75625 0.021875 0.0265625
2 0.55625 0.7703125 0.021875 0.0265625
2 0.6578125 0.63828125 0.0171875 0.0203125
2 0.60703125 0.64296875 0.015625 0.0171875
2 0.59296875 0.60859375 0.0171875 0.025
2 0.546875 0.67890625 0.015625 0.021875
2 0.51015625 0.6859375 0.0171875 0.0234375
2 0.43515625 0.78671875 0.0234375 0.0296875
2 0.42578125 0.74453125 0.0171875 0.0296875
2 0.45859375 0.80390625 0.0171875 0.0296875
2 0.54296875 0.56015625 0.01875 0.025
2 0.61796875 0.5609375 0.0203125 0.025
2 0.64296875 0.559375 0.0234375 0.0234375
2 0.73515625 0.5578125 0.0234375 0.0203125
2 0.846875 0.590625 0.0203125 0.028125
2 0.46015625 0.63828125 0.0203125 0.0203125
2 0.50078125 0.56875 0.0171875 0.0203125
2 0.4890625 0.56171875 0.0140625 0.0265625
2 0.425 0.58515625 0.0203125 0.0234375
2 0.39609375 0.5953125 0.0140625 0.0234375
2 0.35390625 0.603125 0.0109375 0.0125
2 0.3234375 0.72109375 0.015625 0.0265625
2 0.31953125 0.75390625 0.01875 0.0234375
2 0.36640625 0.80546875 0.0203125 0.0234375
2 0.2875 0.74609375 0.021875 0.0328125
2 0.253125 0.6953125 0.0203125 0.0296875
2 0.275 0.77265625 0.021875 0.0328125
2 0.315625 0.5984375 0.0265625 0.0296875
2 0.35078125 0.559375 0.021875 0.021875
2 0.30078125 0.63515625 0.0203125 0.025
2 0.7203125 0.296875 0.03125 0.0390625
2 0.790625 0.23671875 0.025 0.0265625
2 0.765625 0.1859375 0.0234375 0.028125
2 0.7484375 0.178125 0.0171875 0.025
2 0.81171875 0.13984375 0.025 0.0328125
2 0.83046875 0.2828125 0.01875 0.025
2 0.875 0.2390625 0.025 0.0265625
2 0.8390625 0.3140625 0.0203125 0.0296875
2 0.84921875 0.340625 0.015625 0.0265625
2 0.878125 0.37265625 0.0203125 0.0234375
2 0.7703125 0.34765625 0.0171875 0.0234375
2 0.7015625 0.33671875 0.0203125 0.0265625
2 0.71796875 0.36640625 0.01875 0.0265625
2 0.6765625 0.36015625 0.0203125 0.01875
2 0.6546875 0.3359375 0.0171875 0.0265625
2 0.64140625 0.34375 0.01875 0.0296875
2 0.60859375 0.28046875 0.028125 0.0359375
2 0.58203125 0.2625 0.0265625 0.034375
2 0.5640625 0.1875 0.021875 0.0328125
2 0.5484375 0.14921875 0.0140625 0.0265625
2 0.5328125 0.1484375 0.0171875 0.0234375
2 0.5125 0.1796875 0.0234375 0.0296875
2 0.50078125 0.22890625 0.0171875 0.03125
2 0.4796875 0.19921875 0.0203125 0.0296875
2 0.47734375 0.2890625 0.01875 0.040625
2 0.46328125 0.27421875 0.0171875 0.03125
2 0.42734375 0.13359375 0.0203125 0.0296875
2 0.4859375 0.10078125 0.0234375 0.0234375
2 0.4984375 0.06484375 0.0171875 0.0296875
2 0.47109375 0.06640625 0.0234375 0.0203125
2 0.596875 0.06640625 0.0234375 0.0296875
2 0.68515625 0.0640625 0.0296875 0.0265625
2 0.77890625 0.05859375 0.0234375 0.0296875
2 0.8921875 0.20703125 0.025 0.0453125
2 0.39609375 0.3125 0.0171875 0.0234375
2 0.44921875 0.3484375 0.028125 0.0328125
2 0.54140625 0.38515625 0.0203125 0.0265625
2 0.53984375 0.33125 0.0171875 0.0296875
2 0.540625 0.35078125 0.0171875 0.0234375
2 0.4734375 0.37890625 0.025 0.0296875
2 0.45234375 0.38828125 0.021875 0.0296875
2 0.43359375 0.3984375 0.0171875 0.0296875
2 0.40625 0.3484375 0.0234375 0.0234375
2 0.334375 0.31484375 0.01875 0.0234375
2 0.33515625 0.2734375 0.0265625 0.0296875
2 0.346875 0.25859375 0.0203125 0.028125
2 0.284375 0.1921875 0.0203125 0.01875
2 0.26015625 0.16640625 0.0203125 0.0296875
2 0.29140625 0.09296875 0.0265625 0.0296875
2 0.33828125 0.090625 0.0296875 0.025
2 0.23515625 0.196875 0.021875 0.0328125
2 0.2296875 0.16015625 0.0140625 0.0296875
2 0.21015625 0.09765625 0.0203125 0.034375
2 0.2390625 0.31484375 0.0296875 0.0390625
2 0.22265625 0.303125 0.0203125 0.0296875
2 0.27734375 0.378125 0.0203125 0.0234375
2 0.30625 0.31640625 0.021875 0.0328125
2 0.31015625 0.39140625 0.0140625 0.021875
2 0.29296875 0.39296875 0.0140625 0.0234375
2 0.365625 0.834375 0.0171875 0.0265625
2 0.4875 0.84453125 0.0171875 0.0265625
2 0.834375 0.5515625 0.0234375 0.0265625
2 0.82421875 0.62578125 0.0171875 0.0265625
2 0.9375 0.5671875 0.025 0.0328125
2 0.96015625 0.15078125 0.0234375 0.025
2 0.9140625 0.05859375 0.0234375 0.03125
2 0.98203125 0.2578125 0.021875 0.0265625
2 0.971875 0.31484375 0.0234375 0.0265625
2 0.97734375 0.33671875 0.0203125 0.0265625
2 0.86484375 0.025 0.0203125 0.0234375
2 0.98359375 0.75 0.0203125 0.0265625
2 0.96875 0.82734375 0.021875 0.0328125
2 0.99296875 0.61015625 0.0140625 0.0265625
2 0.19609375 0.74453125 0.0296875 0.0359375
2 0.22265625 0.73828125 0.0203125 0.0328125
2 0.19921875 0.68671875 0.0234375 0.03125
2 0.203125 0.5578125 0.0265625 0.0296875
2 0.27265625 0.82265625 0.0203125 0.03125
2 0.23203125 0.82890625 0.021875 0.0234375
2 0.12421875 0.31875 0.025 0.03125
2 0.10625 0.29609375 0.0171875 0.0234375
2 0.075 0.22265625 0.0234375 0.03125
2 0.17421875 0.14296875 0.0265625 0.0296875
2 0.1875 0.10625 0.01875 0.0234375
2 0.14609375 0.0890625 0.0171875 0.025
2 0.1 0.1125 0.025 0.0328125
2 0.128125 0.1546875 0.0140625 0.0265625
2 0.23046875 0.38984375 0.025 0.034375
2 0.22578125 0.3546875 0.0171875 0.0296875
2 0.203125 0.34453125 0.0234375 0.025
2 0.1921875 0.36015625 0.0265625 0.0296875
2 0.1640625 0.396875 0.021875 0.0296875
2 0.125 0.74453125 0.01875 0.0203125