2 0.71015625 0.16484375 0.03125 0.0484375
2 0.66875 0.19375 0.0234375 0.0390625
2 0.71015625 0.26171875 0.0234375 0.021875
2 0.68203125 0.36875 0.01875 0.0234375
2 0.64453125 0.33046875 0.015625 0.028125
2 0.68046875 0.24921875 0.015625 0.021875
2 0.665625 0.2671875 0.0171875 0.025
2 0.6203125 0.13515625 0.0140625 0.01875
2 0.61015625 0.1109375 0.0125 0.0171875
2 0.59140625 0.1359375 0.0109375 0.01875
2 0.58359375 0.1109375 0.0109375 0.021875
2 0.55546875 0.1375 0.0109375 0.01875
2 0.5375 0.1515625 0.015625 0.01875
2 0.540625 0.13125 0.0125 0.015625
2 0.4984375 0.2234375 0.0203125 0.025
2 0.48984375 0.209375 0.0203125 0.025
2 0.596875 0.3375 0.015625 0.01875
2 0.54609375 0.334375 0.0140625 0.015625
2 0.53359375 0.36875 0.015625 0.0234375
2 0.484375 0.30078125 0.0140625 0.0203125
2 0.446875 0.2953125 0.015625 0.021875
2 0.36796875 0.1984375 0.0234375 0.028125
2 0.36015625 0.240625 0.0171875 0.028125
2 0.390625 0.18046875 0.0171875 0.028125
2 0.4859375 0.41953125 0.0171875 0.0234375
2 0.5609375 0.415625 0.01875 0.0234375
2 0.5859375 0.41640625 0.021875 0.021875
2 0.67734375 0.4140625 0.021875 0.01875
2 0.7875 0.37734375 0.01875 0.0265625
2 0.4 0.34453125 0.01875 0.01875
2 0.44375 0.4125 0.015625 0.01875
2 0.43203125 0.4203125 0.0125 0.025
2 0.36796875 0.39921875 0.01875 0.021875
2 0.33828125 0.390625 0.0125 0.021875
2 0.2953125 0.384375 0.009375 0.0125
2 0.259375 0.26796875 0.0140625 0.025
2 0.2546875 0.2359375 0.0171875 0.021875
2 0.29921875 0.18203125 0.01875 0.021875
2 0.22265625 0.24453125 0.0203125 0.03125
2 0.190625 0.29609375 0.0203125 0.028125
2 0.209375 0.21875 0.0203125 0.03125
2 0.2578125 0.390625 0.0265625 0.028125
2 0.29453125 0.428125 0.0203125 0.0203125
2 0.24140625 0.35390625 0.01875 0.0234375
2 0.67578125 0.675 0.0296875 0.0390625
2 0.7484375 0.73203125 0.0234375 0.025
2 0.72578125 0.78359375 0.021875 0.0265625
2 0.70859375 0.7921875 0.015625 0.0234375
2 0.7734375 0.828125 0.0234375 0.03125
2 0.78515625 0.684375 0.0171875 0.0234375
2 0.83203125 0.7265625 0.0234375 0.0265625
2 0.79296875 0.65234375 0.0203125 0.028125
2 0.8015625 0.62578125 0.0140625 0.025
2 0.82890625 0.5921875 0.01875 0.021875
2 0.72265625 0.62265625 0.015625 0.021875
2 0.6546875 0.6359375 0.01875 0.025
2 0.66953125 0.60625 0.0171875 0.025
2 0.62890625 0.61328125 0.01875 0.0171875
2 0.6078125 0.63828125 0.015625 0.025
2 0.59375 0.63125 0.01875 0.028125
2 0.56484375 0.69609375 0.0265625 0.034375
2 0.5390625 0.71484375 0.025 0.0328125
2 0.52421875 0.78984375 0.0203125 0.03125
2 0.5109375 0.82890625 0.0125 0.025
2 0.4953125 0.83046875 0.015625 0.021875
2 0.4734375 0.8 0.0234375 0.028125
2 0.46015625 0.7515625 0.0171875 0.0296875
2 0.43984375 0.78203125 0.0203125 0.028125
2 0.43359375 0.6921875 0.0171875 0.0390625
2 0.41953125 0.7078125 0.0171875 0.0296875
2 0.390625 0.84921875 0.0203125 0.028125
2 0.45078125 0.8796875 0.021875 0.021875
2 0.4640625 0.91484375 0.0171875 0.028125
2 0.43671875 0.91484375 0.021875 0.01875
2 0.56328125 0.909375 0.0234375 0.028125
2 0.65078125 0.9078125 0.028125 0.028125
2 0.74453125 0.91015625 0.0234375 0.0296875
2 0.85078125 0.75703125 0.0234375 0.04375
2 0.35078125 0.67265625 0.015625 0.021875
2 0.40234375 0.634375 0.0265625 0.03125
2 0.4921875 0.59375 0.01875 0.025
2 0.49296875 0.64765625 0.0171875 0.028125
2 0.49296875 0.628125 0.015625 0.021875
2 0.425 0.60234375 0.025 0.028125
2 0.403125 0.59453125 0.021875 0.028125
2 0.38515625 0.58515625 0.0171875 0.028125
2 0.36015625 0.6359375 0.021875 0.021875
2 0.2890625 0.671875 0.0171875 0.021875
2 0.2921875 0.7140625 0.0265625 0.028125
2 0.3046875 0.728125 0.01875 0.0265625
2 0.24609375 0.796875 0.01875 0.0171875
2 0.22265625 0.8234375 0.0203125 0.028125
2 0.25703125 0.89609375 0.0265625 0.028125
2 0.30390625 0.8953125 0.028125 0.025
2 0.19609375 0.79375 0.0203125 0.03125
2 0.1921875 0.83125 0.0140625 0.028125
2 0.17578125 0.89453125 0.01875 0.0328125
2 0.19453125 0.6765625 0.028125 0.0375
2 0.17890625 0.68828125 0.0203125 0.028125
2 0.2296875 0.61171875 0.01875 0.021875
2 0.2609375 0.671875 0.0203125 0.03125
2 0.26171875 0.596875 0.0125 0.0203125
2 0.24453125 0.596875 0.0125 0.021875
2 0.296875 0.153125 0.015625 0.025
2 0.4171875 0.13828125 0.015625 0.025
2 0.7765625 0.415625 0.021875 0.025
2 0.76328125 0.34296875 0.015625 0.025
2 0.87890625 0.39609375 0.0234375 0.03125
2 0.92109375 0.8109375 0.021875 0.0234375
2 0.87890625 0.9046875 0.0234375 0.0296875
2 0.9375 0.703125 0.0203125 0.025
2 0.925 0.646875 0.021875 0.025
2 0.9296875 0.62421875 0.01875 0.025
2 0.9734375 0.63671875 0.01875 0.028125
2 0.83203125 0.93984375 0.01875 0.021875
2 0.91640625 0.21171875 0.01875 0.025
2 0.8984375 0.1359375 0.0203125 0.03125
2 0.93359375 0.3515625 0.015625 0.025
2 0.13203125 0.25 0.028125 0.034375
2 0.15859375 0.2546875 0.01875 0.03125
2 0.1375 0.30703125 0.0234375 0.0296875
2 0.14765625 0.4359375 0.0265625 0.028125
2 0.2046875 0.16875 0.0203125 0.0296875
2 0.16328125 0.1640625 0.0203125 0.021875
2 0.0796875 0.67734375 0.025 0.0296875
2 0.06328125 0.70078125 0.015625 0.021875
2 0.03515625 0.775 0.0234375 0.0296875
2 0.13828125 0.85 0.0265625 0.028125
2 0.15234375 0.88671875 0.0171875 0.021875
2 0.11171875 0.90546875 0.015625 0.0234375
2 0.06484375 0.88359375 0.0234375 0.03125
2 0.09140625 0.840625 0.0125 0.025
2 0.1828125 0.6015625 0.0234375 0.0328125
2 0.17890625 0.63671875 0.0171875 0.028125
2 0.15703125 0.6484375 0.021875 0.0234375
2 0.14609375 0.6328125 0.0265625 0.028125
2 0.11640625 0.59765625 0.021875 0.0296875
2 0.0609375 0.253125 0.0171875 0.01875