2 0.70625 0.22265625 0.0328125 0.05
2 0.6640625 0.24921875 0.0234375 0.0421875
2 0.7046875 0.3203125 0.025 0.025
2 0.67421875 0.425 0.0203125 0.025
2 0.6375 0.384375 0.015625 0.0296875
2 0.67578125 0.30546875 0.0171875 0.0234375
2 0.659375 0.32265625 0.01875 0.0265625
2 0.6171875 0.18671875 0.015625 0.0203125
2 0.6078125 0.1609375 0.0140625 0.01875
2 0.58828125 0.184375 0.0125 0.0203125
2 0.58125 0.15859375 0.0125 0.0234375
2 0.553125 0.1828125 0.0125 0.0203125
2 0.534375 0.19609375 0.0171875 0.0203125
2 0.5375 0.17578125 0.0140625 0.0171875
2 0.49375 0.26484375 0.021875 0.0265625
2 0.48515625 0.25 0.021875 0.0265625
2 0.58984375 0.38671875 0.0171875 0.0203125
2 0.5390625 0.3796875 0.015625 0.0171875
2 0.525 0.41328125 0.0171875 0.025
2 0.478125 0.34140625 0.015625 0.021875
2 0.440625 0.3328125 0.0171875 0.0234375
2 0.36328125 0.22890625 0.0234375 0.03125
2 0.35546875 0.2703125 0.0171875 0.0296875
2 0.38671875 0.2125 0.0171875 0.0296875
2 0.4765625 0.46015625 0.01875 0.025
2 0.5515625 0.4625 0.0203125 0.025
2 0.5765625 0.465625 0.0234375 0.025
2 0.66875 0.4703125 0.0234375 0.021875
2 0.77890625 0.4421875 0.0203125 0.028125
2 0.3921875 0.378125 0.0203125 0.0203125
2 0.434375 0.45 0.0171875 0.0203125
2 0.42265625 0.45625 0.0140625 0.0265625
2 0.35859375 0.43046875 0.0203125 0.0234375
2 0.32890625 0.41953125 0.0140625 0.0234375
2 0.28671875 0.41015625 0.009375 0.0140625
2 0.25390625 0.28984375 0.015625 0.0265625
2 0.24921875 0.25703125 0.01875 0.0234375
2 0.29453125 0.20703125 0.0203125 0.0234375
2 0.2171875 0.26328125 0.0203125 0.0328125
2 0.184375 0.3125 0.0203125 0.0296875
2 0.2046875 0.23671875 0.0203125 0.0328125
2 0.2484375 0.4125 0.0265625 0.03125
2 0.28515625 0.45390625 0.021875 0.021875
2 0.23359375 0.375 0.0203125 0.025
2 0.66015625 0.73203125 0.0296875 0.040625
2 0.73125 0.79453125 0.025 0.028125
2 0.7078125 0.84453125 0.0234375 0.0296875
2 0.690625 0.85234375 0.0171875 0.025
2 0.7546875 0.89296875 0.0234375 0.034375
2 0.7703125 0.75 0.01875 0.025
2 0.815625 0.79609375 0.025 0.0296875
2 0.778125 0.71875 0.0203125 0.0296875
2 0.7875 0.69296875 0.015625 0.0265625
2 0.815625 0.66171875 0.0203125 0.0234375
2 0.70859375 0.6828125 0.0171875 0.0234375
2 0.640625 0.69140625 0.0203125 0.0265625
2 0.65625 0.6625 0.01875 0.0265625
2 0.61484375 0.66640625 0.0203125 0.01875
2 0.59296875 0.68984375 0.0171875 0.0265625
2 0.5796875 0.68125 0.01875 0.0296875
2 0.5484375 0.74375 0.0265625 0.0375
2 0.52265625 0.76015625 0.025 0.0359375
2 0.50625 0.83515625 0.0203125 0.0328125
2 0.49140625 0.87265625 0.0140625 0.0265625
2 0.47578125 0.8734375 0.0171875 0.0234375
2 0.4546875 0.840625 0.0234375 0.03125
2 0.44296875 0.790625 0.0171875 0.03125
2 0.421875 0.8203125 0.0203125 0.0296875
2 0.4171875 0.72890625 0.0171875 0.040625
2 0.403125 0.74375 0.0171875 0.03125
2 0.37109375 0.88359375 0.0203125 0.0296875
2 0.43046875 0.91875 0.0234375 0.025
2 0.44375 0.95546875 0.0171875 0.0296875
2 0.41640625 0.953125 0.0234375 0.021875
2 0.5421875 0.9578125 0.0234375 0.03125
2 0.6296875 0.96328125 0.0296875 0.0296875
2 0.7234375 0.97265625 0.0234375 0.0328125
2 0.83359375 0.82890625 0.0234375 0.046875
2 0.3359375 0.703125 0.0171875 0.0234375
2 0.3875 0.66875 0.0265625 0.034375
2 0.47890625 0.63515625 0.0203125 0.0265625
2 0.47890625 0.68984375 0.0171875 0.0296875
2 0.47890625 0.6703125 0.0171875 0.0234375
2 0.4109375 0.6390625 0.025 0.03125
2 0.38984375 0.62890625 0.021875 0.0296875
2 0.371875 0.61796875 0.0171875 0.0296875
2 0.3453125 0.6671875 0.0234375 0.025
2 0.27421875 0.69765625 0.01875 0.0234375
2 0.27578125 0.7390625 0.0265625 0.03125
2 0.28828125 0.7546875 0.0203125 0.028125
2 0.22734375 0.81875 0.0203125 0.01875
2 0.203125 0.84375 0.0203125 0.0296875
2 0.2359375 0.91875 0.0265625 0.03125
2 0.28359375 0.92265625 0.0296875 0.0265625
2 0.17734375 0.81171875 0.0203125 0.0328125
2 0.1734375 0.84921875 0.0140625 0.0296875
2 0.1546875 0.9109375 0.01875 0.034375
2 0.17890625 0.69375 0.028125 0.040625
2 0.1625 0.7046875 0.0203125 0.0296875
2 0.215625 0.63203125 0.0203125 0.0234375
2 0.2453125 0.6953125 0.0203125 0.0328125
2 0.24765625 0.6203125 0.0140625 0.021875
2 0.23046875 0.61796875 0.0140625 0.0234375
2 0.29296875 0.178125 0.0171875 0.0265625
2 0.41484375 0.17265625 0.0171875 0.0265625
2 0.76796875 0.48046875 0.0234375 0.028125
2 0.75625 0.40625 0.0171875 0.0265625
2 0.8703125 0.46875 0.0234375 0.034375
2 0.90234375 0.88828125 0.0234375 0.0265625
2 0.85859375 0.97890625 0.0234375 0.0328125
2 0.921875 0.78125 0.021875 0.0265625
2 0.91015625 0.72421875 0.0234375 0.028125
2 0.915625 0.70234375 0.0203125 0.0265625
2 0.959375 0.71796875 0.01875 0.0296875
2 0.8109375 0.99921875 0.0203125 0.0015625
2 0.9125 0.2875 0.0203125 0.0265625
2 0.89609375 0.209375 0.0203125 0.0328125
2 0.92578125 0.42890625 0.0171875 0.0265625
2 0.12578125 0.26171875 0.028125 0.0375
2 0.15234375 0.26875 0.01875 0.0328125
2 0.13046875 0.31953125 0.0234375 0.0328125
2 0.1375 0.44921875 0.0265625 0.03125
2 0.20078125 0.1859375 0.0203125 0.03125
2 0.159375 0.178125 0.021875 0.0234375
2 0.0640625 0.68515625 0.025 0.0328125
2 0.046875 0.7078125 0.0171875 0.0234375
2 0.0171875 0.7796875 0.0234375 0.0328125
2 0.11796875 0.86328125 0.0265625 0.03125
2 0.13203125 0.90078125 0.01875 0.0234375
2 0.09140625 0.9171875 0.0171875 0.025
2 0.04453125 0.89140625 0.0234375 0.034375
2 0.071875 0.85 0.0140625 0.0265625
2 0.16875 0.61796875 0.0234375 0.0359375
2 0.16484375 0.653125 0.0171875 0.0296875
2 0.1421875 0.6625 0.0234375 0.0265625
2 0.13125 0.64609375 0.0265625 0.03125
2 0.10234375 0.60859375 0.021875 0.03125
2 0.0546875 0.25859375 0.01875 0.0203125