2 0.12734375 0.29296875 0.0484375 0.03125
2 0.15546875 0.334375 0.040625 0.0234375
2 0.22421875 0.29375 0.0234375 0.025
2 0.33046875 0.32421875 0.025 0.0203125
2 0.29140625 0.3609375 0.0296875 0.015625
2 0.2109375 0.3234375 0.0234375 0.0171875
2 0.22890625 0.3390625 0.0265625 0.01875
2 0.0953125 0.38203125 0.0203125 0.015625
2 0.0703125 0.3921875 0.0171875 0.0140625
2 0.0953125 0.4109375 0.01875 0.0125
2 0.06953125 0.41875 0.021875 0.0125
2 0.0953125 0.44609375 0.01875 0.0125
2 0.109375 0.46484375 0.0203125 0.0171875
2 0.0890625 0.46171875 0.015625 0.0125
2 0.1796875 0.5046875 0.0265625 0.021875
2 0.165625 0.5140625 0.0265625 0.021875
2 0.296875 0.40859375 0.0203125 0.0171875
2 0.2921875 0.459375 0.0171875 0.0140625
2 0.3265625 0.47265625 0.025 0.0171875
2 0.25703125 0.5203125 0.021875 0.015625
2 0.25 0.5578125 0.0234375 0.0171875
2 0.15078125 0.63515625 0.0296875 0.0234375
2 0.19296875 0.64375 0.0296875 0.0171875
2 0.13359375 0.6125 0.0296875 0.0171875
2 0.37578125 0.52109375 0.025 0.01875
2 0.37421875 0.44609375 0.025 0.0203125
2 0.37578125 0.42109375 0.0234375 0.0234375
2 0.37578125 0.32890625 0.0203125 0.0234375
2 0.3421875 0.21875 0.028125 0.0203125
2 0.2984375 0.60625 0.0203125 0.0203125
2 0.3671875 0.56328125 0.0203125 0.0171875
2 0.375 0.575 0.025 0.0140625
2 0.35234375 0.6390625 0.0234375 0.0203125
2 0.3421875 0.66875 0.021875 0.0140625
2 0.33515625 0.7109375 0.0125 0.009375
2 0.2171875 0.7453125 0.0265625 0.015625
2 0.18515625 0.75 0.0234375 0.01875
2 0.1328125 0.70390625 0.0234375 0.0203125
2 0.19296875 0.78125 0.0328125 0.0203125
2 0.24375 0.8140625 0.0296875 0.0203125
2 0.1671875 0.79453125 0.0328125 0.0203125
2 0.33984375 0.74921875 0.0296875 0.0265625
2 0.37890625 0.7125 0.021875 0.021875
2 0.303125 0.76484375 0.025 0.0203125
2 0.63671875 0.3359375 0.0390625 0.0296875
2 0.69609375 0.2640625 0.0265625 0.025
2 0.746875 0.2875 0.028125 0.0234375
2 0.75546875 0.3046875 0.025 0.0171875
2 0.79296875 0.240625 0.0328125 0.0234375
2 0.64921875 0.22578125 0.025 0.01875
2 0.69296875 0.18046875 0.0265625 0.025
2 0.61796875 0.21796875 0.0296875 0.0203125
2 0.59140625 0.209375 0.0265625 0.015625
2 0.55859375 0.18125 0.0234375 0.0203125
2 0.5859375 0.28828125 0.0234375 0.0171875
2 0.59765625 0.35625 0.0265625 0.0203125
2 0.56796875 0.340625 0.0265625 0.01875
2 0.57421875 0.38125 0.01875 0.0203125
2 0.5984375 0.403125 0.0265625 0.0171875
2 0.590625 0.4171875 0.0296875 0.01875
2 0.6546875 0.446875 0.0359375 0.0265625
2 0.67265625 0.4734375 0.034375 0.025
2 0.74765625 0.4890625 0.0328125 0.0203125
2 0.7859375 0.503125 0.025 0.0140625
2 0.7875 0.51953125 0.0234375 0.0171875
2 0.75625 0.540625 0.0296875 0.0234375
2 0.70703125 0.553125 0.03125 0.0171875
2 0.7375 0.5734375 0.0296875 0.0203125
2 0.646875 0.578125 0.040625 0.0171875
2 0.6625 0.5921875 0.03125 0.0171875
2 0.803125 0.62421875 0.0296875 0.0203125
2 0.83515625 0.56484375 0.0234375 0.0234375
2 0.87109375 0.5515625 0.0296875 0.0171875
2 0.8703125 0.57890625 0.0203125 0.0234375
2 0.86796875 0.45234375 0.0296875 0.0234375
2 0.86953125 0.36484375 0.0265625 0.0296875
2 0.87421875 0.27109375 0.0296875 0.0234375
2 0.72421875 0.1625 0.0453125 0.0234375
2 0.625 0.66015625 0.0234375 0.0171875
2 0.58828125 0.60859375 0.0328125 0.0265625
2 0.55 0.51796875 0.0265625 0.0203125
2 0.6046875 0.51796875 0.0296875 0.0171875
2 0.58515625 0.51796875 0.0234375 0.0171875
2 0.55703125 0.58515625 0.0296875 0.025
2 0.5484375 0.60703125 0.0296875 0.021875
2 0.53828125 0.625 0.0296875 0.0171875
2 0.5890625 0.65078125 0.0234375 0.0234375
2 0.62265625 0.72265625 0.0234375 0.01875
2 0.66484375 0.7203125 0.0296875 0.0265625
2 0.6796875 0.7078125 0.028125 0.0203125
2 0.74609375 0.76796875 0.01875 0.0203125
2 0.77265625 0.7921875 0.0296875 0.0203125
2 0.84609375 0.75859375 0.0296875 0.0265625
2 0.846875 0.71171875 0.025 0.0296875
2 0.7421875 0.81796875 0.0328125 0.0203125
2 0.7796875 0.821875 0.028125 0.0140625
2 0.84140625 0.83984375 0.034375 0.01875
2 0.62421875 0.8171875 0.0390625 0.028125
2 0.6359375 0.83359375 0.0296875 0.0203125
2 0.5609375 0.78046875 0.0234375 0.0203125
2 0.621875 0.75078125 0.0328125 0.0203125
2 0.546875 0.7484375 0.0203125 0.0140625
2 0.54609375 0.765625 0.021875 0.0140625
2 0.10390625 0.70625 0.0265625 0.0171875
2 0.0921875 0.584375 0.0265625 0.0171875
2 0.38046875 0.2296875 0.0265625 0.0234375
2 0.30703125 0.2421875 0.0265625 0.0171875
2 0.3640625 0.12734375 0.0328125 0.0234375
2 0.78046875 0.09296875 0.025 0.0234375
2 0.87265625 0.1359375 0.03125 0.0234375
2 0.67265625 0.07421875 0.0265625 0.021875
2 0.61640625 0.0859375 0.0265625 0.0234375
2 0.59375 0.08125 0.0265625 0.0203125
2 0.60703125 0.03671875 0.0296875 0.01875
2 0.90625 0.184375 0.0234375 0.0203125
2 0.18046875 0.08671875 0.0265625 0.0203125
2 0.10390625 0.10390625 0.0328125 0.0203125
2 0.32109375 0.071875 0.0265625 0.0171875
2 0.19609375 0.87265625 0.0359375 0.028125
2 0.2015625 0.84609375 0.0328125 0.01875
2 0.253125 0.86796875 0.03125 0.0234375
2 0.38203125 0.86015625 0.0296875 0.0265625
2 0.11640625 0.7984375 0.03125 0.0203125
2 0.1109375 0.83984375 0.0234375 0.021875
2 0.621875 0.93203125 0.03125 0.025
2 0.6453125 0.94921875 0.0234375 0.0171875
2 0.71875 0.978125 0.03125 0.0234375
2 0.796875 0.8765625 0.0296875 0.0265625
2 0.83359375 0.86328125 0.0234375 0.01875
2 0.8515625 0.90390625 0.025 0.0171875
2 0.828125 0.95078125 0.0328125 0.0234375
2 0.7859375 0.9234375 0.025 0.0140625
2 0.54921875 0.828125 0.034375 0.0234375
2 0.584375 0.83203125 0.0296875 0.0171875
2 0.5953125 0.85390625 0.025 0.0234375
2 0.5796875 0.86484375 0.0296875 0.0265625
2 0.54296875 0.89375 0.0296875 0.021875
2 0.196875 0.94375 0.0203125 0.01875