2 0.7140625 0.82265625 0.0296875 0.0484375
2 0.6734375 0.79453125 0.021875 0.040625
2 0.7171875 0.72578125 0.0234375 0.0234375
2 0.6921875 0.61953125 0.01875 0.025
2 0.65390625 0.6578125 0.0140625 0.028125
2 0.6875 0.7390625 0.015625 0.021875
2 0.67265625 0.72109375 0.0171875 0.0265625
2 0.6234375 0.85390625 0.0140625 0.01875
2 0.6125 0.878125 0.0125 0.0171875
2 0.59453125 0.85390625 0.0109375 0.01875
2 0.5859375 0.87890625 0.0109375 0.021875
2 0.559375 0.853125 0.0109375 0.01875
2 0.54140625 0.8390625 0.015625 0.01875
2 0.54375 0.859375 0.0125 0.015625
2 0.5046875 0.76796875 0.0203125 0.0265625
2 0.4953125 0.78125 0.0203125 0.0265625
2 0.60625 0.65234375 0.015625 0.01875
2 0.55546875 0.65625 0.0140625 0.015625
2 0.54375 0.621875 0.015625 0.0234375
2 0.49296875 0.690625 0.0140625 0.0203125
2 0.45546875 0.696875 0.015625 0.021875
2 0.3734375 0.7953125 0.021875 0.0296875
2 0.3671875 0.753125 0.015625 0.028125
2 0.3953125 0.8125 0.015625 0.028125
2 0.49765625 0.571875 0.0171875 0.025
2 0.57265625 0.57421875 0.01875 0.025
2 0.59765625 0.57265625 0.021875 0.0234375
2 0.6890625 0.57421875 0.021875 0.0203125
2 0.79765625 0.60859375 0.01875 0.028125
2 0.409375 0.6484375 0.01875 0.0203125
2 0.45546875 0.5796875 0.015625 0.01875
2 0.44375 0.57265625 0.0125 0.025
2 0.37890625 0.59375 0.01875 0.0234375
2 0.34921875 0.603125 0.0125 0.021875
2 0.30625 0.61015625 0.009375 0.0125
2 0.2671875 0.72734375 0.0140625 0.025
2 0.2609375 0.759375 0.0171875 0.0234375
2 0.30390625 0.8125 0.01875 0.0234375
2 0.2296875 0.7515625 0.01875 0.0328125
2 0.19921875 0.7 0.01875 0.0296875
2 0.215625 0.77734375 0.01875 0.0328125
2 0.26875 0.6046875 0.025 0.0296875
2 0.30703125 0.56640625 0.0203125 0.021875
2 0.2515625 0.64140625 0.01875 0.025
2 0.69453125 0.31328125 0.028125 0.0390625
2 0.76875 0.2546875 0.0234375 0.0265625
2 0.74765625 0.203125 0.021875 0.028125
2 0.73125 0.19453125 0.015625 0.0234375
2 0.796875 0.1578125 0.021875 0.0328125
2 0.8046875 0.3015625 0.0171875 0.025
2 0.85234375 0.25859375 0.0234375 0.0265625
2 0.8109375 0.33359375 0.01875 0.0296875
2 0.81875 0.359375 0.0140625 0.025
2 0.8453125 0.39296875 0.01875 0.0234375
2 0.73984375 0.36484375 0.015625 0.021875
2 0.67265625 0.35234375 0.01875 0.0265625
2 0.68671875 0.38203125 0.0171875 0.0265625
2 0.64609375 0.375 0.01875 0.01875
2 0.62578125 0.35078125 0.015625 0.025
2 0.61171875 0.35859375 0.0171875 0.0296875
2 0.584375 0.29375 0.025 0.0359375
2 0.559375 0.27578125 0.0234375 0.034375
2 0.546875 0.2 0.01875 0.0328125
2 0.534375 0.16171875 0.0125 0.025
2 0.51875 0.16015625 0.015625 0.021875
2 0.49609375 0.190625 0.021875 0.0296875
2 0.48125 0.23984375 0.015625 0.0296875
2 0.4625 0.209375 0.01875 0.0296875
2 0.453125 0.3 0.015625 0.0390625
2 0.43984375 0.284375 0.015625 0.0296875
2 0.41484375 0.14296875 0.01875 0.0296875
2 0.47578125 0.1125 0.021875 0.0234375
2 0.490625 0.0765625 0.015625 0.028125
2 0.46328125 0.0765625 0.021875 0.0203125
2 0.5890625 0.08046875 0.021875 0.0296875
2 0.6765625 0.08046875 0.028125 0.0265625
2 0.7703125 0.0765625 0.021875 0.0296875
2 0.871875 0.22734375 0.021875 0.0453125
2 0.3703125 0.32109375 0.015625 0.021875
2 0.4203125 0.35859375 0.025 0.0328125
2 0.509375 0.39765625 0.01875 0.0265625
2 0.51171875 0.34296875 0.015625 0.028125
2 0.5109375 0.36328125 0.015625 0.021875
2 0.4421875 0.38984375 0.0234375 0.0296875
2 0.4203125 0.3984375 0.0203125 0.0296875
2 0.4015625 0.4078125 0.015625 0.028125
2 0.378125 0.35703125 0.021875 0.0234375
2 0.30859375 0.32265625 0.0171875 0.0234375
2 0.3125 0.28046875 0.025 0.0296875
2 0.32578125 0.26640625 0.01875 0.028125
2 0.26875 0.1984375 0.01875 0.01875
2 0.24609375 0.171875 0.01875 0.0296875
2 0.2828125 0.09921875 0.025 0.0296875
2 0.3296875 0.0984375 0.028125 0.025
2 0.21875 0.20234375 0.01875 0.0328125
2 0.21640625 0.16484375 0.0125 0.028125
2 0.2015625 0.10234375 0.0171875 0.034375
2 0.2140625 0.31953125 0.0265625 0.0390625
2 0.1984375 0.3078125 0.01875 0.0296875
2 0.24765625 0.38359375 0.01875 0.0234375
2 0.28046875 0.32265625 0.01875 0.0328125
2 0.27890625 0.39765625 0.0125 0.0203125
2 0.26171875 0.3984375 0.0125 0.021875
2 0.30078125 0.84140625 0.015625 0.025
2 0.42109375 0.8546875 0.015625 0.025
2 0.78828125 0.5703125 0.021875 0.0265625
2 0.77265625 0.64375 0.015625 0.025
2 0.88984375 0.58828125 0.021875 0.0328125
2 0.94375 0.17265625 0.021875 0.025
2 0.9046875 0.0796875 0.021875 0.03125
2 0.95703125 0.28046875 0.0203125 0.0265625
2 0.94296875 0.33671875 0.021875 0.0265625
2 0.946875 0.359375 0.01875 0.0265625
2 0.99140625 0.34609375 0.0171875 0.0296875
2 0.85859375 0.0453125 0.01875 0.0234375
2 0.921875 0.771875 0.01875 0.0265625
2 0.9015625 0.8484375 0.01875 0.0328125
2 0.94296875 0.63203125 0.015625 0.025
2 0.1390625 0.74765625 0.0265625 0.0359375
2 0.165625 0.7421875 0.0171875 0.0328125
2 0.14609375 0.68984375 0.021875 0.03125
2 0.16015625 0.5609375 0.025 0.0296875
2 0.209375 0.828125 0.01875 0.03125
2 0.16796875 0.8328125 0.0203125 0.0234375
2 0.09921875 0.32109375 0.0234375 0.03125
2 0.08359375 0.29765625 0.015625 0.021875
2 0.0578125 0.22421875 0.021875 0.03125
2 0.1625 0.146875 0.025 0.0296875
2 0.178125 0.11015625 0.0171875 0.0234375
2 0.13828125 0.0921875 0.015625 0.0234375
2 0.090625 0.11484375 0.021875 0.0328125
2 0.115625 0.15703125 0.0125 0.025
2 0.2 0.39453125 0.021875 0.034375
2 0.19765625 0.359375 0.015625 0.028125
2 0.17578125 0.34921875 0.021875 0.025
2 0.1640625 0.3640625 0.025 0.0296875
2 0.13359375 0.4 0.0203125 0.0296875
2 0.06796875 0.74609375 0.0171875 0.0203125