2 0.7171875 0.21484375 0.03125 0.05
2 0.67734375 0.24140625 0.0234375 0.040625
2 0.72265625 0.31171875 0.0234375 0.0234375
2 0.7 0.4171875 0.01875 0.025
2 0.6609375 0.3765625 0.0140625 0.0296875
2 0.69296875 0.296875 0.015625 0.0234375
2 0.678125 0.3140625 0.0171875 0.0265625
2 0.62578125 0.17890625 0.0140625 0.0203125
2 0.61484375 0.15390625 0.0125 0.01875
2 0.59765625 0.178125 0.0109375 0.0203125
2 0.58828125 0.1515625 0.0109375 0.0234375
2 0.5625 0.1765625 0.0109375 0.0203125
2 0.54453125 0.18984375 0.015625 0.0203125
2 0.54609375 0.16953125 0.0125 0.0171875
2 0.509375 0.25859375 0.0203125 0.0265625
2 0.5 0.24453125 0.0203125 0.0265625
2 0.6140625 0.3796875 0.015625 0.0203125
2 0.5625 0.3734375 0.0140625 0.0171875
2 0.55234375 0.40703125 0.015625 0.025
2 0.5 0.3359375 0.0140625 0.021875
2 0.46171875 0.32734375 0.015625 0.0234375
2 0.378125 0.22421875 0.021875 0.0296875
2 0.37265625 0.26640625 0.015625 0.0296875
2 0.39921875 0.2078125 0.015625 0.0296875
2 0.50703125 0.45390625 0.0171875 0.025
2 0.58203125 0.45625 0.01875 0.025
2 0.60703125 0.45859375 0.021875 0.0234375
2 0.6984375 0.4625 0.021875 0.0203125
2 0.80625 0.4328125 0.01875 0.028125
2 0.4171875 0.3734375 0.01875 0.0203125
2 0.46484375 0.44453125 0.015625 0.0203125
2 0.453125 0.45078125 0.0125 0.0265625
2 0.38828125 0.42578125 0.01875 0.0234375
2 0.3578125 0.41484375 0.0125 0.0234375
2 0.31484375 0.40625 0.009375 0.0140625
2 0.2734375 0.28671875 0.0140625 0.0265625
2 0.26640625 0.25390625 0.0171875 0.0234375
2 0.3078125 0.20390625 0.01875 0.0234375
2 0.23515625 0.26015625 0.01875 0.0328125
2 0.20625 0.31015625 0.01875 0.0296875
2 0.2203125 0.23359375 0.01875 0.0328125
2 0.27734375 0.409375 0.025 0.03125
2 0.31640625 0.45 0.0203125 0.021875
2 0.259375 0.371875 0.01875 0.025
2 0.71015625 0.7234375 0.0296875 0.040625
2 0.78515625 0.7859375 0.0234375 0.0265625
2 0.765625 0.8359375 0.021875 0.028125
2 0.74921875 0.84375 0.015625 0.025
2 0.815625 0.88359375 0.021875 0.0328125
2 0.8203125 0.740625 0.0171875 0.025
2 0.86875 0.7859375 0.0234375 0.028125
2 0.82578125 0.709375 0.01875 0.0296875
2 0.8328125 0.68359375 0.0140625 0.0265625
2 0.85859375 0.6515625 0.01875 0.0234375
2 0.75390625 0.67421875 0.015625 0.0234375
2 0.68671875 0.6828125 0.01875 0.0265625
2 0.7 0.65390625 0.0171875 0.0265625
2 0.66015625 0.65859375 0.01875 0.01875
2 0.63984375 0.68203125 0.015625 0.0265625
2 0.62578125 0.67421875 0.0171875 0.0296875
2 0.6 0.73671875 0.0265625 0.0375
2 0.57578125 0.75390625 0.0234375 0.034375
2 0.56484375 0.828125 0.01875 0.0328125
2 0.553125 0.86640625 0.0125 0.0265625
2 0.5375 0.8671875 0.015625 0.0234375
2 0.5140625 0.83515625 0.021875 0.0296875
2 0.4984375 0.78515625 0.015625 0.03125
2 0.48046875 0.81484375 0.01875 0.0296875
2 0.46875 0.72421875 0.0171875 0.040625
2 0.45625 0.7390625 0.015625 0.03125
2 0.434375 0.87890625 0.01875 0.0296875
2 0.49609375 0.9125 0.021875 0.0234375
2 0.51171875 0.94921875 0.015625 0.0296875
2 0.484375 0.94765625 0.021875 0.0203125
2 0.61015625 0.95078125 0.021875 0.0296875
2 0.696875 0.95546875 0.028125 0.0296875
2 0.790625 0.9640625 0.021875 0.03125
2 0.8890625 0.81875 0.0234375 0.0453125
2 0.3859375 0.6984375 0.015625 0.0234375
2 0.43515625 0.66328125 0.025 0.034375
2 0.52265625 0.6296875 0.01875 0.0265625
2 0.5265625 0.68359375 0.015625 0.0296875
2 0.525 0.6640625 0.015625 0.0234375
2 0.45625 0.63359375 0.0234375 0.0296875
2 0.43359375 0.6234375 0.0203125 0.0296875
2 0.41484375 0.61328125 0.015625 0.0296875
2 0.39296875 0.6625 0.021875 0.0234375
2 0.32421875 0.69375 0.0171875 0.0234375
2 0.32890625 0.7359375 0.025 0.03125
2 0.3421875 0.75078125 0.01875 0.028125
2 0.2875 0.815625 0.01875 0.01875
2 0.26484375 0.840625 0.01875 0.0296875
2 0.303125 0.915625 0.025 0.03125
2 0.35 0.91875 0.028125 0.0265625
2 0.23671875 0.809375 0.01875 0.0328125
2 0.2359375 0.84609375 0.0125 0.0296875
2 0.221875 0.90859375 0.0171875 0.034375
2 0.2296875 0.69140625 0.028125 0.040625
2 0.2140625 0.70234375 0.01875 0.0296875
2 0.26171875 0.62890625 0.01875 0.0234375
2 0.29609375 0.6921875 0.01875 0.0328125
2 0.29296875 0.61640625 0.0125 0.021875
2 0.27578125 0.61484375 0.0125 0.0234375
2 0.30390625 0.17421875 0.015625 0.0265625
2 0.42421875 0.1671875 0.015625 0.0265625
2 0.79765625 0.47109375 0.021875 0.0265625
2 0.78046875 0.396875 0.015625 0.0265625
2 0.8984375 0.45859375 0.021875 0.0328125
2 0.96171875 0.87734375 0.021875 0.025
2 0.925 0.96796875 0.021875 0.03125
2 0.97265625 0.7703125 0.0203125 0.0265625
2 0.95703125 0.71328125 0.021875 0.0265625
2 0.9609375 0.690625 0.01875 0.0265625
2 0.9984375 0.70625 0.003125 0.0296875
2 0.8796875 0.99375 0.01875 0.0125
2 0.9265625 0.2765625 0.01875 0.0265625
2 0.90390625 0.19921875 0.01875 0.0328125
2 0.95078125 0.41796875 0.015625 0.0265625
2 0.14453125 0.26015625 0.028125 0.0375
2 0.17109375 0.26640625 0.0171875 0.0328125
2 0.153125 0.31796875 0.021875 0.03125
2 0.1703125 0.446875 0.025 0.03125
2 0.21328125 0.18359375 0.01875 0.03125
2 0.171875 0.17578125 0.0203125 0.0234375
2 0.11484375 0.684375 0.0234375 0.03125
2 0.1 0.70703125 0.015625 0.0234375
2 0.07578125 0.77890625 0.021875 0.03125
2 0.18203125 0.86171875 0.025 0.03125
2 0.1984375 0.89921875 0.0171875 0.0234375
2 0.159375 0.915625 0.015625 0.025
2 0.1109375 0.890625 0.021875 0.0328125
2 0.13515625 0.84921875 0.0125 0.0265625
2 0.2140625 0.615625 0.021875 0.034375
2 0.2125 0.65078125 0.015625 0.0296875
2 0.190625 0.66015625 0.021875 0.025
2 0.17890625 0.64453125 0.025 0.03125
2 0.14765625 0.60703125 0.0203125 0.03125
2 0.0734375 0.2578125 0.0171875 0.0203125