2 0.71875 0.15234375 0.03125 0.046875
2 0.6796875 0.18203125 0.0234375 0.0390625
2 0.72578125 0.24921875 0.0234375 0.021875
2 0.7046875 0.35625 0.0203125 0.0234375
2 0.66484375 0.31953125 0.015625 0.028125
2 0.6953125 0.23671875 0.015625 0.021875
2 0.68125 0.25546875 0.01875 0.025
2 0.62734375 0.12421875 0.0140625 0.01875
2 0.615625 0.1 0.0125 0.0171875
2 0.5984375 0.12578125 0.0109375 0.01875
2 0.5890625 0.10078125 0.0109375 0.021875
2 0.56328125 0.12734375 0.0109375 0.01875
2 0.54609375 0.1421875 0.015625 0.01875
2 0.54765625 0.121875 0.0125 0.015625
2 0.51171875 0.21484375 0.021875 0.025
2 0.50234375 0.20078125 0.021875 0.025
2 0.6171875 0.3265625 0.015625 0.01875
2 0.56640625 0.32421875 0.0140625 0.015625
2 0.55625 0.359375 0.0171875 0.0234375
2 0.503125 0.2921875 0.0140625 0.0203125
2 0.465625 0.2875 0.015625 0.021875
2 0.3796875 0.1921875 0.0234375 0.028125
2 0.375 0.23359375 0.0171875 0.028125
2 0.4015625 0.1734375 0.0171875 0.028125
2 0.51171875 0.41015625 0.01875 0.0234375
2 0.58671875 0.40625 0.0203125 0.0234375
2 0.61171875 0.40625 0.021875 0.021875
2 0.703125 0.4015625 0.021875 0.01875
2 0.81015625 0.36328125 0.0203125 0.0265625
2 0.42109375 0.3375 0.01875 0.01875
2 0.46953125 0.4046875 0.015625 0.01875
2 0.4578125 0.4125 0.0140625 0.025
2 0.3921875 0.39296875 0.01875 0.021875
2 0.3625 0.384375 0.0125 0.021875
2 0.31953125 0.3796875 0.009375 0.0125
2 0.2765625 0.26328125 0.015625 0.025
2 0.26875 0.23125 0.0171875 0.021875
2 0.31015625 0.17734375 0.01875 0.021875
2 0.23828125 0.23984375 0.0203125 0.03125
2 0.209375 0.29296875 0.0203125 0.028125
2 0.22265625 0.21484375 0.0203125 0.03125
2 0.28203125 0.3859375 0.0265625 0.028125
2 0.321875 0.4234375 0.0203125 0.0203125
2 0.2640625 0.35 0.0203125 0.0234375
2 0.7171875 0.6625 0.0296875 0.0375
2 0.79375 0.71796875 0.025 0.025
2 0.77421875 0.7703125 0.0234375 0.0265625
2 0.7578125 0.7796875 0.0171875 0.0234375
2 0.825 0.8140625 0.0234375 0.03125
2 0.828125 0.6703125 0.01875 0.0234375
2 0.8765625 0.71171875 0.025 0.0265625
2 0.8328125 0.63828125 0.0203125 0.028125
2 0.83984375 0.61171875 0.015625 0.025
2 0.86484375 0.578125 0.01875 0.021875
2 0.7609375 0.609375 0.015625 0.021875
2 0.69453125 0.62421875 0.0203125 0.025
2 0.70703125 0.59375 0.01875 0.025
2 0.6671875 0.60234375 0.01875 0.0171875
2 0.64765625 0.62734375 0.0171875 0.025
2 0.6328125 0.6203125 0.01875 0.028125
2 0.6078125 0.6859375 0.0265625 0.034375
2 0.58359375 0.7046875 0.025 0.0328125
2 0.57421875 0.78046875 0.0203125 0.03125
2 0.5625 0.81953125 0.0140625 0.025
2 0.546875 0.821875 0.015625 0.021875
2 0.5234375 0.79140625 0.0234375 0.028125
2 0.50703125 0.74296875 0.0171875 0.0296875
2 0.4890625 0.77421875 0.0203125 0.028125
2 0.4765625 0.684375 0.0171875 0.0390625
2 0.4640625 0.70078125 0.0171875 0.0296875
2 0.44375 0.8421875 0.0203125 0.028125
2 0.50625 0.87109375 0.021875 0.021875
2 0.521875 0.90625 0.0171875 0.028125
2 0.49453125 0.90703125 0.021875 0.01875
2 0.6203125 0.89921875 0.0234375 0.028125
2 0.7078125 0.89609375 0.0296875 0.0265625
2 0.8015625 0.89609375 0.0234375 0.0296875
2 0.89765625 0.7421875 0.0234375 0.04375
2 0.39375 0.66640625 0.015625 0.021875
2 0.4421875 0.6265625 0.0265625 0.03125
2 0.5296875 0.58515625 0.0203125 0.025
2 0.53359375 0.6390625 0.0171875 0.028125
2 0.53203125 0.61953125 0.015625 0.021875
2 0.4625 0.5953125 0.025 0.028125
2 0.440625 0.58671875 0.021875 0.028125
2 0.421875 0.578125 0.0171875 0.028125
2 0.4 0.6296875 0.021875 0.021875
2 0.33203125 0.6671875 0.0171875 0.021875
2 0.33671875 0.70859375 0.0265625 0.028125
2 0.35078125 0.72265625 0.0203125 0.0265625
2 0.29609375 0.7921875 0.01875 0.0171875
2 0.27421875 0.81953125 0.0203125 0.028125
2 0.3140625 0.890625 0.0265625 0.028125
2 0.3609375 0.88984375 0.0296875 0.0234375
2 0.24609375 0.78984375 0.0203125 0.03125
2 0.2453125 0.82734375 0.0140625 0.028125
2 0.2328125 0.890625 0.01875 0.0328125
2 0.2375 0.67265625 0.028125 0.0375
2 0.22265625 0.68515625 0.0203125 0.028125
2 0.26875 0.6078125 0.01875 0.021875
2 0.30390625 0.6671875 0.0203125 0.03125
2 0.29921875 0.5921875 0.0125 0.0203125
2 0.28203125 0.5921875 0.0125 0.021875
2 0.30546875 0.14765625 0.0171875 0.025
2 0.42578125 0.13046875 0.0171875 0.025
2 0.80234375 0.40234375 0.0234375 0.025
2 0.78359375 0.3296875 0.0171875 0.025
2 0.903125 0.38046875 0.0234375 0.03125
2 0.97109375 0.79453125 0.0234375 0.0234375
2 0.93515625 0.88828125 0.0234375 0.0296875
2 0.98046875 0.6859375 0.021875 0.025
2 0.96484375 0.63046875 0.0234375 0.025
2 0.96796875 0.6078125 0.0203125 0.025
2 0.890625 0.925 0.01875 0.021875
2 0.928125 0.19609375 0.0203125 0.025
2 0.90546875 0.11953125 0.0203125 0.03125
2 0.95390625 0.33515625 0.0171875 0.025
2 0.14765625 0.24765625 0.028125 0.034375
2 0.17421875 0.2515625 0.01875 0.03125
2 0.15703125 0.3046875 0.0234375 0.0296875
2 0.175 0.4328125 0.0265625 0.028125
2 0.21484375 0.16484375 0.0203125 0.0296875
2 0.1734375 0.16171875 0.0203125 0.021875
2 0.12265625 0.675 0.025 0.0296875
2 0.1078125 0.69921875 0.015625 0.021875
2 0.08515625 0.77421875 0.0234375 0.0296875
2 0.1921875 0.846875 0.0265625 0.028125
2 0.20859375 0.88359375 0.0171875 0.021875
2 0.16953125 0.903125 0.0171875 0.0234375
2 0.12109375 0.88203125 0.0234375 0.03125
2 0.14453125 0.8390625 0.0140625 0.025
2 0.22109375 0.5984375 0.0234375 0.0328125
2 0.21953125 0.63359375 0.0171875 0.028125
2 0.1984375 0.6453125 0.0234375 0.0234375
2 0.1859375 0.6296875 0.0265625 0.028125
2 0.1546875 0.5953125 0.021875 0.0296875
2 0.0765625 0.2515625 0.0171875 0.01875