2 0.1421875 0.28671875 0.046875 0.0296875
2 0.17265625 0.32734375 0.0390625 0.021875
2 0.2390625 0.284375 0.021875 0.0234375
2 0.346875 0.31015625 0.0234375 0.01875
2 0.309375 0.34765625 0.028125 0.0140625
2 0.22734375 0.3140625 0.021875 0.015625
2 0.24609375 0.32890625 0.025 0.0171875
2 0.11484375 0.37734375 0.01875 0.0140625
2 0.090625 0.38828125 0.0171875 0.0125
2 0.11640625 0.40625 0.01875 0.0109375
2 0.09140625 0.41484375 0.021875 0.0109375
2 0.11875 0.44140625 0.01875 0.0109375
2 0.13359375 0.459375 0.01875 0.015625
2 0.11328125 0.45703125 0.015625 0.0125
2 0.20546875 0.496875 0.025 0.0203125
2 0.1921875 0.50546875 0.025 0.0203125
2 0.3171875 0.3953125 0.01875 0.015625
2 0.315625 0.44609375 0.015625 0.0140625
2 0.35078125 0.45859375 0.0234375 0.015625
2 0.28359375 0.50859375 0.0203125 0.0140625
2 0.27890625 0.54609375 0.021875 0.015625
2 0.18359375 0.62734375 0.028125 0.021875
2 0.22578125 0.634375 0.028125 0.015625
2 0.16484375 0.60546875 0.028125 0.015625
2 0.4015625 0.5046875 0.0234375 0.0171875
2 0.396875 0.4296875 0.0234375 0.01875
2 0.396875 0.4046875 0.021875 0.021875
2 0.3921875 0.31328125 0.01875 0.021875
2 0.35234375 0.2046875 0.0265625 0.01875
2 0.3296875 0.5921875 0.01875 0.01875
2 0.39609375 0.546875 0.01875 0.015625
2 0.40390625 0.55859375 0.025 0.0125
2 0.384375 0.6234375 0.021875 0.01875
2 0.3765625 0.653125 0.021875 0.0125
2 0.371875 0.69609375 0.0125 0.009375
2 0.25625 0.734375 0.025 0.0140625
2 0.2234375 0.740625 0.021875 0.0171875
2 0.16953125 0.696875 0.021875 0.01875
2 0.2328125 0.771875 0.03125 0.01875
2 0.2859375 0.80234375 0.028125 0.01875
2 0.2078125 0.7859375 0.03125 0.01875
2 0.37890625 0.73359375 0.028125 0.025
2 0.415625 0.6953125 0.0203125 0.0203125
2 0.3421875 0.75078125 0.0234375 0.01875
2 0.653125 0.309375 0.0375 0.028125
2 0.7078125 0.23515625 0.025 0.0234375
2 0.76015625 0.25703125 0.0265625 0.021875
2 0.76953125 0.2734375 0.0234375 0.015625
2 0.803125 0.2078125 0.03125 0.021875
2 0.66015625 0.19921875 0.0234375 0.0171875
2 0.70078125 0.1515625 0.025 0.0234375
2 0.628125 0.19296875 0.028125 0.01875
2 0.6015625 0.184375 0.025 0.0140625
2 0.5671875 0.1578125 0.021875 0.01875
2 0.59921875 0.26328125 0.021875 0.015625
2 0.61484375 0.33125 0.025 0.01875
2 0.584375 0.31640625 0.025 0.0171875
2 0.5921875 0.35703125 0.0171875 0.01875
2 0.61796875 0.378125 0.025 0.015625
2 0.6109375 0.3921875 0.028125 0.0171875
2 0.6765625 0.41953125 0.034375 0.025
2 0.69609375 0.44453125 0.0328125 0.0234375
2 0.771875 0.4578125 0.03125 0.01875
2 0.8109375 0.4703125 0.025 0.0125
2 0.8125 0.4859375 0.021875 0.015625
2 0.7828125 0.50859375 0.028125 0.021875
2 0.734375 0.52265625 0.0296875 0.015625
2 0.765625 0.5421875 0.028125 0.01875
2 0.67578125 0.55078125 0.0390625 0.015625
2 0.6921875 0.5640625 0.0296875 0.015625
2 0.834375 0.58984375 0.028125 0.01875
2 0.8625 0.52890625 0.021875 0.021875
2 0.89765625 0.51484375 0.028125 0.015625
2 0.8984375 0.5421875 0.01875 0.021875
2 0.88984375 0.41640625 0.028125 0.021875
2 0.88671875 0.32890625 0.025 0.028125
2 0.8859375 0.23515625 0.028125 0.021875
2 0.73125 0.13203125 0.04375 0.021875
2 0.6578125 0.63359375 0.021875 0.015625
2 0.61875 0.58359375 0.03125 0.025
2 0.57578125 0.49375 0.025 0.01875
2 0.6296875 0.4921875 0.028125 0.015625
2 0.61015625 0.49296875 0.021875 0.015625
2 0.58671875 0.5609375 0.028125 0.0234375
2 0.57890625 0.5828125 0.028125 0.0203125
2 0.5703125 0.6015625 0.028125 0.015625
2 0.62109375 0.62578125 0.021875 0.021875
2 0.659375 0.6953125 0.021875 0.0171875
2 0.70078125 0.69140625 0.028125 0.025
2 0.71484375 0.678125 0.0265625 0.01875
2 0.78515625 0.7359375 0.0171875 0.01875
2 0.81171875 0.75859375 0.028125 0.01875
2 0.88359375 0.72265625 0.028125 0.025
2 0.88203125 0.67578125 0.0234375 0.028125
2 0.7828125 0.7859375 0.03125 0.01875
2 0.8203125 0.78828125 0.028125 0.0125
2 0.88359375 0.80390625 0.0328125 0.0171875
2 0.665625 0.78984375 0.0375 0.0265625
2 0.678125 0.80546875 0.028125 0.01875
2 0.6 0.75625 0.021875 0.01875
2 0.66015625 0.7234375 0.03125 0.01875
2 0.58515625 0.72421875 0.0203125 0.0125
2 0.58515625 0.74140625 0.021875 0.0125
2 0.140625 0.7 0.025 0.015625
2 0.12265625 0.5796875 0.025 0.015625
2 0.39140625 0.2140625 0.025 0.021875
2 0.31875 0.22890625 0.025 0.015625
2 0.36953125 0.1125 0.03125 0.021875
2 0.78359375 0.0609375 0.0234375 0.021875
2 0.87734375 0.10078125 0.0296875 0.021875
2 0.675 0.046875 0.025 0.0203125
2 0.61953125 0.0609375 0.025 0.021875
2 0.596875 0.05625 0.025 0.01875
2 0.6078125 0.0125 0.028125 0.0171875
2 0.9140625 0.146875 0.021875 0.01875
2 0.184375 0.07890625 0.025 0.01875
2 0.10859375 0.09921875 0.03125 0.01875
2 0.32421875 0.05859375 0.025 0.015625
2 0.24140625 0.8625 0.034375 0.0265625
2 0.2453125 0.8359375 0.03125 0.0171875
2 0.2984375 0.85546875 0.0296875 0.021875
2 0.4265625 0.8421875 0.028125 0.025
2 0.1578125 0.79140625 0.0296875 0.01875
2 0.1546875 0.8328125 0.021875 0.0203125
2 0.66875 0.9046875 0.0296875 0.0234375
2 0.69296875 0.9203125 0.021875 0.015625
2 0.76796875 0.946875 0.0296875 0.021875
2 0.840625 0.8421875 0.028125 0.025
2 0.8765625 0.82734375 0.021875 0.0171875
2 0.896875 0.8671875 0.0234375 0.015625
2 0.87578125 0.91484375 0.03125 0.021875
2 0.83203125 0.8890625 0.025 0.0125
2 0.59140625 0.803125 0.0328125 0.021875
2 0.6265625 0.80625 0.028125 0.015625
2 0.63828125 0.828125 0.0234375 0.021875
2 0.6234375 0.83984375 0.028125 0.025
2 0.5890625 0.86953125 0.028125 0.0203125
2 0.2453125 0.93359375 0.01875 0.0171875