2 0.70546875 0.17265625 0.0328125 0.0484375
2 0.66328125 0.2015625 0.0234375 0.040625
2 0.703125 0.26953125 0.025 0.0234375
2 0.671875 0.3765625 0.0203125 0.0234375
2 0.6359375 0.33828125 0.015625 0.028125
2 0.67421875 0.25703125 0.0171875 0.021875
2 0.65859375 0.275 0.01875 0.025
2 0.61640625 0.14296875 0.015625 0.01875
2 0.60703125 0.11796875 0.0140625 0.0171875
2 0.5875 0.14296875 0.0125 0.01875
2 0.58046875 0.11796875 0.0125 0.021875
2 0.55234375 0.14375 0.0125 0.01875
2 0.53359375 0.1578125 0.0171875 0.01875
2 0.53671875 0.1375 0.0140625 0.015625
2 0.4921875 0.22890625 0.021875 0.0265625
2 0.48359375 0.215625 0.021875 0.0265625
2 0.5875 0.34453125 0.0171875 0.01875
2 0.53671875 0.340625 0.015625 0.015625
2 0.5234375 0.375 0.0171875 0.0234375
2 0.4765625 0.30703125 0.015625 0.0203125
2 0.4390625 0.30078125 0.0171875 0.021875
2 0.3625 0.20234375 0.0234375 0.0296875
2 0.35390625 0.24453125 0.0171875 0.028125
2 0.38515625 0.18515625 0.0171875 0.028125
2 0.47421875 0.425 0.01875 0.0234375
2 0.54921875 0.42265625 0.0203125 0.0234375
2 0.57421875 0.4234375 0.0234375 0.0234375
2 0.66640625 0.421875 0.0234375 0.0203125
2 0.77734375 0.38671875 0.0203125 0.0265625
2 0.38984375 0.34921875 0.0203125 0.01875
2 0.43203125 0.41796875 0.0171875 0.01875
2 0.4203125 0.425 0.0140625 0.025
2 0.35625 0.40390625 0.0203125 0.021875
2 0.32734375 0.39453125 0.0140625 0.021875
2 0.284375 0.38828125 0.009375 0.0125
2 0.25234375 0.27109375 0.015625 0.025
2 0.24765625 0.2390625 0.01875 0.021875
2 0.29375 0.1859375 0.0203125 0.021875
2 0.215625 0.246875 0.0203125 0.03125
2 0.18203125 0.2984375 0.0203125 0.028125
2 0.203125 0.22109375 0.0203125 0.03125
2 0.24609375 0.39375 0.0265625 0.0296875
2 0.2828125 0.43203125 0.021875 0.021875
2 0.23125 0.35703125 0.0203125 0.0234375
2 0.65625 0.6828125 0.0296875 0.0390625
2 0.72734375 0.740625 0.025 0.0265625
2 0.703125 0.7921875 0.0234375 0.028125
2 0.68671875 0.80078125 0.0171875 0.0234375
2 0.75 0.8375 0.0234375 0.0328125
2 0.76640625 0.69375 0.01875 0.0234375
2 0.81171875 0.7359375 0.025 0.028125
2 0.77421875 0.66171875 0.0203125 0.028125
2 0.78359375 0.6359375 0.015625 0.025
2 0.8125 0.60234375 0.0203125 0.021875
2 0.7046875 0.63125 0.0171875 0.021875
2 0.63671875 0.64375 0.0203125 0.025
2 0.65234375 0.6140625 0.01875 0.025
2 0.61171875 0.62109375 0.0203125 0.0171875
2 0.58984375 0.64609375 0.0171875 0.025
2 0.57578125 0.63828125 0.01875 0.028125
2 0.54453125 0.70234375 0.0265625 0.0359375
2 0.51875 0.72109375 0.025 0.034375
2 0.5015625 0.796875 0.0203125 0.03125
2 0.48671875 0.83515625 0.0140625 0.025
2 0.47109375 0.83671875 0.0171875 0.021875
2 0.45 0.80625 0.0234375 0.0296875
2 0.43828125 0.75703125 0.0171875 0.0296875
2 0.41796875 0.7875 0.0203125 0.028125
2 0.41328125 0.69765625 0.0171875 0.0390625
2 0.39921875 0.71328125 0.0171875 0.0296875
2 0.36640625 0.8546875 0.0203125 0.028125
2 0.425 0.88515625 0.0234375 0.0234375
2 0.43828125 0.92109375 0.0171875 0.028125
2 0.4109375 0.9203125 0.0234375 0.0203125
2 0.53671875 0.91640625 0.0234375 0.0296875
2 0.625 0.915625 0.0296875 0.028125
2 0.71875 0.91875 0.0234375 0.03125
2 0.82890625 0.7671875 0.025 0.0453125
2 0.33203125 0.6765625 0.0171875 0.021875
2 0.384375 0.6390625 0.0265625 0.0328125
2 0.47578125 0.6 0.0203125 0.025
2 0.475 0.65390625 0.0171875 0.028125
2 0.475 0.634375 0.0171875 0.021875
2 0.4078125 0.6078125 0.025 0.0296875
2 0.38671875 0.59921875 0.021875 0.0296875
2 0.36796875 0.58984375 0.0171875 0.028125
2 0.34140625 0.640625 0.0234375 0.0234375
2 0.2703125 0.67578125 0.01875 0.021875
2 0.27109375 0.7171875 0.0265625 0.0296875
2 0.28359375 0.73203125 0.0203125 0.0265625
2 0.22265625 0.8 0.0203125 0.0171875
2 0.1984375 0.8265625 0.0203125 0.028125
2 0.23125 0.89921875 0.0265625 0.0296875
2 0.278125 0.89921875 0.0296875 0.025
2 0.17265625 0.79609375 0.0203125 0.03125
2 0.16796875 0.83359375 0.0140625 0.028125
2 0.15 0.896875 0.01875 0.0328125
2 0.175 0.67890625 0.028125 0.0390625
2 0.15859375 0.690625 0.0203125 0.028125
2 0.2125 0.61484375 0.0203125 0.021875
2 0.24140625 0.67578125 0.0203125 0.03125
2 0.24453125 0.60078125 0.0140625 0.0203125
2 0.22734375 0.6 0.0140625 0.021875
2 0.2921875 0.15703125 0.0171875 0.025
2 0.4140625 0.14296875 0.0171875 0.025
2 0.765625 0.425 0.0234375 0.0265625
2 0.75390625 0.3515625 0.0171875 0.025
2 0.86796875 0.40625 0.0234375 0.0328125
2 0.8984375 0.821875 0.0234375 0.025
2 0.85390625 0.91484375 0.0234375 0.03125
2 0.91796875 0.7140625 0.021875 0.0265625
2 0.90703125 0.6578125 0.0234375 0.0265625
2 0.9125 0.63515625 0.0203125 0.025
2 0.95625 0.6484375 0.01875 0.028125
2 0.80546875 0.95 0.0203125 0.021875
2 0.9109375 0.22265625 0.0203125 0.025
2 0.8953125 0.14609375 0.0203125 0.03125
2 0.92421875 0.3625 0.0171875 0.025
2 0.125 0.2515625 0.028125 0.0359375
2 0.15078125 0.25703125 0.01875 0.03125
2 0.128125 0.309375 0.0234375 0.03125
2 0.13515625 0.4375 0.0265625 0.0296875
2 0.2 0.17109375 0.0203125 0.0296875
2 0.15859375 0.16640625 0.021875 0.0234375
2 0.06015625 0.678125 0.025 0.03125
2 0.04296875 0.7015625 0.0171875 0.021875
2 0.0125 0.77578125 0.0234375 0.03125
2 0.11328125 0.8515625 0.0265625 0.0296875
2 0.1265625 0.88828125 0.01875 0.021875
2 0.0859375 0.90703125 0.0171875 0.0234375
2 0.0390625 0.88515625 0.0234375 0.0328125
2 0.0671875 0.8421875 0.0140625 0.025
2 0.165625 0.60390625 0.0234375 0.034375
2 0.1609375 0.6390625 0.0171875 0.028125
2 0.13828125 0.65 0.0234375 0.025
2 0.12734375 0.63515625 0.0265625 0.0296875
2 0.09921875 0.59921875 0.021875 0.03125
2 0.053125 0.25390625 0.01875 0.01875