2 0.165625 0.2859375 0.0484375 0.0296875
2 0.19921875 0.3265625 0.040625 0.021875
2 0.26171875 0.2828125 0.0234375 0.0234375
2 0.371875 0.3078125 0.025 0.01875
2 0.33828125 0.34609375 0.0296875 0.0140625
2 0.25234375 0.3125 0.0234375 0.015625
2 0.27265625 0.32734375 0.0265625 0.0171875
2 0.14609375 0.3765625 0.0203125 0.0140625
2 0.12265625 0.3875 0.01875 0.0125
2 0.14921875 0.40546875 0.0203125 0.0109375
2 0.125 0.4140625 0.0234375 0.0109375
2 0.1546875 0.440625 0.0203125 0.0109375
2 0.1703125 0.45859375 0.0203125 0.015625
2 0.15 0.45625 0.0171875 0.0125
2 0.24609375 0.4953125 0.0265625 0.0203125
2 0.23359375 0.5046875 0.0265625 0.0203125
2 0.34921875 0.39375 0.0203125 0.015625
2 0.3515625 0.44453125 0.0171875 0.0140625
2 0.3875 0.45625 0.025 0.015625
2 0.325 0.50703125 0.021875 0.0140625
2 0.3234375 0.54453125 0.0234375 0.015625
2 0.23515625 0.6265625 0.0296875 0.021875
2 0.27734375 0.6328125 0.0296875 0.015625
2 0.21484375 0.6046875 0.0296875 0.015625
2 0.44296875 0.50234375 0.025 0.0171875
2 0.43125 0.42734375 0.025 0.01875
2 0.4296875 0.40234375 0.0234375 0.021875
2 0.4171875 0.3109375 0.0203125 0.021875
2 0.36953125 0.20234375 0.028125 0.01875
2 0.37734375 0.590625 0.0203125 0.01875
2 0.440625 0.54453125 0.0203125 0.015625
2 0.44921875 0.55625 0.0265625 0.0125
2 0.43515625 0.62109375 0.0234375 0.01875
2 0.4296875 0.65078125 0.0234375 0.0125
2 0.428125 0.69375 0.0125 0.009375
2 0.315625 0.7328125 0.0265625 0.0140625
2 0.284375 0.7390625 0.0234375 0.0171875
2 0.2265625 0.69609375 0.0234375 0.01875
2 0.29609375 0.7703125 0.0328125 0.01875
2 0.3515625 0.80078125 0.0296875 0.01875
2 0.271875 0.784375 0.0328125 0.01875
2 0.43828125 0.73125 0.0296875 0.025
2 0.471875 0.69296875 0.021875 0.0203125
2 0.40390625 0.7484375 0.025 0.01875
2 0.678125 0.30546875 0.0390625 0.028125
2 0.7265625 0.23125 0.0265625 0.0234375
2 0.78046875 0.25234375 0.028125 0.021875
2 0.79140625 0.26875 0.025 0.015625
2 0.8203125 0.203125 0.0328125 0.021875
2 0.67578125 0.1953125 0.025 0.0171875
2 0.7125 0.14765625 0.0265625 0.0234375
2 0.64296875 0.1890625 0.0296875 0.01875
2 0.61640625 0.18125 0.0265625 0.0140625
2 0.5796875 0.1546875 0.0234375 0.01875
2 0.6203125 0.26015625 0.0234375 0.015625
2 0.64140625 0.32734375 0.0265625 0.01875
2 0.609375 0.31328125 0.0265625 0.0171875
2 0.62109375 0.35390625 0.01875 0.01875
2 0.6484375 0.37421875 0.0265625 0.015625
2 0.64296875 0.38828125 0.0296875 0.0171875
2 0.71015625 0.415625 0.0359375 0.025
2 0.73203125 0.440625 0.034375 0.0234375
2 0.80859375 0.453125 0.0328125 0.01875
2 0.8484375 0.465625 0.0265625 0.0125
2 0.85234375 0.48125 0.0234375 0.015625
2 0.82421875 0.50390625 0.0296875 0.021875
2 0.7765625 0.51875 0.03125 0.015625
2 0.809375 0.5375 0.0296875 0.01875
2 0.7203125 0.546875 0.040625 0.015625
2 0.7375 0.56015625 0.03125 0.015625
2 0.88203125 0.58515625 0.0296875 0.01875
2 0.90546875 0.52421875 0.0234375 0.021875
2 0.9390625 0.509375 0.0296875 0.015625
2 0.9421875 0.53671875 0.0203125 0.021875
2 0.9234375 0.4109375 0.0296875 0.021875
2 0.9125 0.3234375 0.0265625 0.028125
2 0.9046875 0.2296875 0.0296875 0.021875
2 0.74140625 0.128125 0.0453125 0.021875
2 0.709375 0.6296875 0.0234375 0.015625
2 0.665625 0.5796875 0.0328125 0.025
2 0.61640625 0.490625 0.0265625 0.01875
2 0.66953125 0.48828125 0.0296875 0.015625
2 0.65 0.4890625 0.0234375 0.015625
2 0.63203125 0.5578125 0.0296875 0.0234375
2 0.62578125 0.5796875 0.0296875 0.0203125
2 0.61875 0.5984375 0.0296875 0.015625
2 0.671875 0.621875 0.0234375 0.021875
2 0.715625 0.69140625 0.0234375 0.0171875
2 0.75703125 0.6875 0.0296875 0.025
2 0.76953125 0.67421875 0.028125 0.01875
2 0.84453125 0.73125 0.01875 0.01875
2 0.8734375 0.75390625 0.0296875 0.01875
2 0.9421875 0.7171875 0.0296875 0.025
2 0.93671875 0.6703125 0.025 0.028125
2 0.846875 0.78125 0.0328125 0.01875
2 0.884375 0.78359375 0.0296875 0.0125
2 0.9484375 0.7984375 0.034375 0.0171875
2 0.7296875 0.7859375 0.0390625 0.0265625
2 0.74375 0.8015625 0.0296875 0.01875
2 0.66171875 0.75234375 0.0234375 0.01875
2 0.71875 0.71953125 0.0328125 0.01875
2 0.64375 0.72109375 0.021875 0.0125
2 0.6453125 0.73828125 0.0234375 0.0125
2 0.19765625 0.69921875 0.0265625 0.015625
2 0.16953125 0.57890625 0.0265625 0.015625
2 0.409375 0.21171875 0.0265625 0.021875
2 0.3375 0.22734375 0.0265625 0.015625
2 0.37890625 0.11015625 0.0328125 0.021875
2 0.7875 0.05625 0.025 0.021875
2 0.88515625 0.0953125 0.03125 0.021875
2 0.678125 0.04296875 0.0265625 0.0203125
2 0.62421875 0.05703125 0.0265625 0.021875
2 0.60078125 0.053125 0.0265625 0.01875
2 0.60859375 0.00859375 0.0296875 0.0171875
2 0.92578125 0.14140625 0.0234375 0.01875
2 0.19140625 0.078125 0.0265625 0.01875
2 0.1171875 0.0984375 0.0328125 0.01875
2 0.32890625 0.05703125 0.0265625 0.015625
2 0.31171875 0.8609375 0.0359375 0.0265625
2 0.31328125 0.834375 0.0328125 0.0171875
2 0.36796875 0.85390625 0.03125 0.021875
2 0.49453125 0.83984375 0.0296875 0.025
2 0.22265625 0.790625 0.03125 0.01875
2 0.22265625 0.83203125 0.0234375 0.0203125
2 0.7421875 0.90078125 0.03125 0.0234375
2 0.76796875 0.91640625 0.0234375 0.015625
2 0.84453125 0.9421875 0.03125 0.021875
2 0.90859375 0.8375 0.0296875 0.025
2 0.94375 0.821875 0.0234375 0.0171875
2 0.9671875 0.86171875 0.025 0.015625
2 0.95 0.909375 0.0328125 0.021875
2 0.9046875 0.884375 0.0265625 0.0125
2 0.65703125 0.8 0.034375 0.021875
2 0.6921875 0.80234375 0.0296875 0.015625
2 0.70546875 0.82421875 0.025 0.021875
2 0.69140625 0.8359375 0.0296875 0.025
2 0.659375 0.86640625 0.0296875 0.0203125
2 0.32109375 0.93203125 0.0203125 0.0171875