2 0.1234375 0.2875 0.0484375 0.0296875
2 0.1515625 0.32890625 0.040625 0.021875
2 0.22109375 0.2859375 0.0234375 0.0234375
2 0.3265625 0.31171875 0.025 0.01875
2 0.2875 0.35 0.0296875 0.0140625
2 0.20703125 0.31484375 0.0234375 0.015625
2 0.225 0.33046875 0.0265625 0.0171875
2 0.090625 0.378125 0.0203125 0.0140625
2 0.065625 0.38828125 0.01875 0.0125
2 0.090625 0.40703125 0.01875 0.0109375
2 0.06484375 0.41484375 0.021875 0.0109375
2 0.090625 0.4421875 0.01875 0.0109375
2 0.10390625 0.46015625 0.0203125 0.015625
2 0.08359375 0.4578125 0.0171875 0.0125
2 0.17421875 0.49765625 0.0265625 0.0203125
2 0.16015625 0.50703125 0.0265625 0.0203125
2 0.2921875 0.39765625 0.0203125 0.015625
2 0.28671875 0.4484375 0.0171875 0.0140625
2 0.32109375 0.46015625 0.025 0.015625
2 0.2515625 0.51015625 0.021875 0.0140625
2 0.24375 0.54765625 0.0234375 0.015625
2 0.14375 0.62890625 0.0296875 0.021875
2 0.18515625 0.63515625 0.0296875 0.015625
2 0.1265625 0.60703125 0.0296875 0.015625
2 0.36953125 0.50703125 0.025 0.0171875
2 0.36953125 0.43203125 0.025 0.01875
2 0.37109375 0.40703125 0.0234375 0.021875
2 0.371875 0.315625 0.0203125 0.021875
2 0.33984375 0.20625 0.028125 0.01875
2 0.29140625 0.59453125 0.0203125 0.01875
2 0.3609375 0.54921875 0.0203125 0.015625
2 0.36796875 0.5609375 0.0265625 0.0125
2 0.34453125 0.62578125 0.0234375 0.01875
2 0.33515625 0.65546875 0.0234375 0.0125
2 0.32734375 0.6984375 0.0125 0.009375
2 0.20859375 0.7359375 0.0265625 0.0140625
2 0.1765625 0.74140625 0.0234375 0.0171875
2 0.125 0.6984375 0.0234375 0.01875
2 0.18359375 0.7734375 0.0328125 0.01875
2 0.234375 0.80390625 0.0296875 0.01875
2 0.1578125 0.78671875 0.0328125 0.01875
2 0.33203125 0.7359375 0.0296875 0.025
2 0.37109375 0.69765625 0.021875 0.0203125
2 0.29453125 0.75234375 0.025 0.01875
2 0.63359375 0.31328125 0.0390625 0.028125
2 0.69296875 0.23984375 0.0265625 0.0234375
2 0.74375 0.2609375 0.028125 0.021875
2 0.75234375 0.27734375 0.025 0.015625
2 0.790625 0.2125 0.0328125 0.021875
2 0.64765625 0.203125 0.025 0.0171875
2 0.69140625 0.15546875 0.0265625 0.0234375
2 0.615625 0.19609375 0.0296875 0.01875
2 0.58984375 0.18828125 0.0265625 0.0140625
2 0.55703125 0.1609375 0.0234375 0.01875
2 0.5828125 0.2671875 0.0234375 0.015625
2 0.59375 0.334375 0.0265625 0.01875
2 0.5640625 0.3203125 0.0265625 0.0171875
2 0.56953125 0.3609375 0.01875 0.01875
2 0.59453125 0.38125 0.0265625 0.015625
2 0.5859375 0.3953125 0.0296875 0.0171875
2 0.65 0.4234375 0.0359375 0.025
2 0.66796875 0.4484375 0.034375 0.0234375
2 0.7421875 0.4625 0.0328125 0.01875
2 0.78046875 0.475 0.0265625 0.0125
2 0.78203125 0.490625 0.0234375 0.015625
2 0.75078125 0.51328125 0.0296875 0.021875
2 0.7015625 0.52734375 0.03125 0.015625
2 0.73125 0.54609375 0.0296875 0.01875
2 0.640625 0.5546875 0.040625 0.015625
2 0.65625 0.56796875 0.03125 0.015625
2 0.796875 0.59453125 0.0296875 0.01875
2 0.82890625 0.534375 0.0234375 0.021875
2 0.86484375 0.51953125 0.0296875 0.015625
2 0.8640625 0.546875 0.0203125 0.021875
2 0.86328125 0.42109375 0.0296875 0.021875
2 0.865625 0.33359375 0.0265625 0.028125
2 0.87109375 0.23984375 0.0296875 0.021875
2 0.7234375 0.13671875 0.0453125 0.021875
2 0.61796875 0.6375 0.0234375 0.015625
2 0.58125 0.58671875 0.0328125 0.025
2 0.54453125 0.49765625 0.0265625 0.01875
2 0.5984375 0.4953125 0.0296875 0.015625
2 0.57890625 0.49609375 0.0234375 0.015625
2 0.55078125 0.56484375 0.0296875 0.0234375
2 0.54140625 0.58671875 0.0296875 0.0203125
2 0.53125 0.60546875 0.0296875 0.015625
2 0.58125 0.62890625 0.0234375 0.021875
2 0.61484375 0.69921875 0.0234375 0.0171875
2 0.65625 0.6953125 0.0296875 0.025
2 0.671875 0.6828125 0.028125 0.01875
2 0.73828125 0.740625 0.01875 0.01875
2 0.7640625 0.76328125 0.0296875 0.01875
2 0.8375 0.72734375 0.0296875 0.025
2 0.8390625 0.68046875 0.025 0.028125
2 0.7328125 0.790625 0.0328125 0.01875
2 0.7703125 0.79296875 0.0296875 0.0125
2 0.8328125 0.80859375 0.034375 0.0171875
2 0.615625 0.79375 0.0390625 0.0265625
2 0.6265625 0.809375 0.0296875 0.01875
2 0.55234375 0.759375 0.0234375 0.01875
2 0.6140625 0.72734375 0.0328125 0.01875
2 0.53828125 0.728125 0.021875 0.0125
2 0.5375 0.7453125 0.0234375 0.0125
2 0.0953125 0.70078125 0.0265625 0.015625
2 0.08515625 0.58046875 0.0265625 0.015625
2 0.378125 0.21640625 0.0265625 0.021875
2 0.3046875 0.23125 0.0265625 0.015625
2 0.3625 0.11484375 0.0328125 0.021875
2 0.7796875 0.065625 0.025 0.021875
2 0.87109375 0.10546875 0.03125 0.021875
2 0.671875 0.05078125 0.0265625 0.0203125
2 0.615625 0.0640625 0.0265625 0.021875
2 0.59296875 0.06015625 0.0265625 0.01875
2 0.60703125 0.015625 0.0296875 0.0171875
2 0.9046875 0.15234375 0.0234375 0.01875
2 0.1796875 0.08046875 0.0265625 0.01875
2 0.10234375 0.1 0.0328125 0.01875
2 0.3203125 0.0609375 0.0265625 0.015625
2 0.1859375 0.8640625 0.0359375 0.0265625
2 0.19140625 0.8375 0.0328125 0.0171875
2 0.24375 0.8578125 0.03125 0.021875
2 0.37265625 0.84453125 0.0296875 0.025
2 0.10703125 0.7921875 0.03125 0.01875
2 0.1015625 0.83359375 0.0234375 0.0203125
2 0.6109375 0.90859375 0.03125 0.0234375
2 0.634375 0.92421875 0.0234375 0.015625
2 0.7078125 0.9515625 0.03125 0.021875
2 0.78671875 0.84765625 0.0296875 0.025
2 0.8234375 0.83203125 0.0234375 0.0171875
2 0.84140625 0.871875 0.025 0.015625
2 0.81796875 0.91953125 0.0328125 0.021875
2 0.77578125 0.89375 0.0265625 0.0125
2 0.53984375 0.80703125 0.034375 0.021875
2 0.575 0.809375 0.0296875 0.015625
2 0.58515625 0.83203125 0.025 0.021875
2 0.56953125 0.84296875 0.0296875 0.025
2 0.5328125 0.8734375 0.0296875 0.0203125
2 0.1859375 0.93515625 0.0203125 0.0171875