2 0.1421875 0.2875 0.046875 0.0296875
2 0.17265625 0.32890625 0.0390625 0.021875
2 0.2390625 0.2859375 0.021875 0.0234375
2 0.346875 0.31171875 0.0234375 0.01875
2 0.309375 0.35 0.028125 0.0140625
2 0.22734375 0.31484375 0.021875 0.015625
2 0.24609375 0.33046875 0.025 0.0171875
2 0.11484375 0.378125 0.01875 0.0140625
2 0.090625 0.38828125 0.0171875 0.0125
2 0.11640625 0.40703125 0.01875 0.0109375
2 0.09140625 0.41484375 0.021875 0.0109375
2 0.11875 0.4421875 0.01875 0.0109375
2 0.13359375 0.46015625 0.01875 0.015625
2 0.11328125 0.4578125 0.015625 0.0125
2 0.20546875 0.49765625 0.025 0.0203125
2 0.1921875 0.50703125 0.025 0.0203125
2 0.3171875 0.39765625 0.01875 0.015625
2 0.315625 0.4484375 0.015625 0.0140625
2 0.35078125 0.46015625 0.0234375 0.015625
2 0.28359375 0.51015625 0.0203125 0.0140625
2 0.27890625 0.54765625 0.021875 0.015625
2 0.18359375 0.62890625 0.028125 0.021875
2 0.22578125 0.63515625 0.028125 0.015625
2 0.16484375 0.60703125 0.028125 0.015625
2 0.4015625 0.50703125 0.0234375 0.0171875
2 0.396875 0.43203125 0.0234375 0.01875
2 0.396875 0.40703125 0.021875 0.021875
2 0.3921875 0.315625 0.01875 0.021875
2 0.35234375 0.20625 0.0265625 0.01875
2 0.3296875 0.59453125 0.01875 0.01875
2 0.39609375 0.54921875 0.01875 0.015625
2 0.40390625 0.5609375 0.025 0.0125
2 0.384375 0.62578125 0.021875 0.01875
2 0.3765625 0.65546875 0.021875 0.0125
2 0.371875 0.6984375 0.0125 0.009375
2 0.25625 0.7359375 0.025 0.0140625
2 0.2234375 0.74140625 0.021875 0.0171875
2 0.16953125 0.6984375 0.021875 0.01875
2 0.2328125 0.7734375 0.03125 0.01875
2 0.2859375 0.80390625 0.028125 0.01875
2 0.2078125 0.78671875 0.03125 0.01875
2 0.37890625 0.7359375 0.028125 0.025
2 0.415625 0.69765625 0.0203125 0.0203125
2 0.3421875 0.75234375 0.0234375 0.01875
2 0.653125 0.31328125 0.0375 0.028125
2 0.7078125 0.23984375 0.025 0.0234375
2 0.76015625 0.2609375 0.0265625 0.021875
2 0.76953125 0.27734375 0.0234375 0.015625
2 0.803125 0.2125 0.03125 0.021875
2 0.66015625 0.203125 0.0234375 0.0171875
2 0.70078125 0.15546875 0.025 0.0234375
2 0.628125 0.19609375 0.028125 0.01875
2 0.6015625 0.18828125 0.025 0.0140625
2 0.5671875 0.1609375 0.021875 0.01875
2 0.59921875 0.2671875 0.021875 0.015625
2 0.61484375 0.334375 0.025 0.01875
2 0.584375 0.3203125 0.025 0.0171875
2 0.5921875 0.3609375 0.0171875 0.01875
2 0.61796875 0.38125 0.025 0.015625
2 0.6109375 0.3953125 0.028125 0.0171875
2 0.6765625 0.4234375 0.034375 0.025
2 0.69609375 0.4484375 0.0328125 0.0234375
2 0.771875 0.4625 0.03125 0.01875
2 0.8109375 0.475 0.025 0.0125
2 0.8125 0.490625 0.021875 0.015625
2 0.7828125 0.51328125 0.028125 0.021875
2 0.734375 0.52734375 0.0296875 0.015625
2 0.765625 0.54609375 0.028125 0.01875
2 0.67578125 0.5546875 0.0390625 0.015625
2 0.6921875 0.56796875 0.0296875 0.015625
2 0.834375 0.59453125 0.028125 0.01875
2 0.8625 0.534375 0.021875 0.021875
2 0.89765625 0.51953125 0.028125 0.015625
2 0.8984375 0.546875 0.01875 0.021875
2 0.88984375 0.42109375 0.028125 0.021875
2 0.88671875 0.33359375 0.025 0.028125
2 0.8859375 0.23984375 0.028125 0.021875
2 0.73125 0.13671875 0.04375 0.021875
2 0.6578125 0.6375 0.021875 0.015625
2 0.61875 0.58671875 0.03125 0.025
2 0.57578125 0.49765625 0.025 0.01875
2 0.6296875 0.4953125 0.028125 0.015625
2 0.61015625 0.49609375 0.021875 0.015625
2 0.58671875 0.56484375 0.028125 0.0234375
2 0.57890625 0.58671875 0.028125 0.0203125
2 0.5703125 0.60546875 0.028125 0.015625
2 0.62109375 0.62890625 0.021875 0.021875
2 0.659375 0.69921875 0.021875 0.0171875
2 0.70078125 0.6953125 0.028125 0.025
2 0.71484375 0.6828125 0.0265625 0.01875
2 0.78515625 0.740625 0.0171875 0.01875
2 0.81171875 0.76328125 0.028125 0.01875
2 0.88359375 0.72734375 0.028125 0.025
2 0.88203125 0.68046875 0.0234375 0.028125
2 0.7828125 0.790625 0.03125 0.01875
2 0.8203125 0.79296875 0.028125 0.0125
2 0.88359375 0.80859375 0.0328125 0.0171875
2 0.665625 0.79375 0.0375 0.0265625
2 0.678125 0.809375 0.028125 0.01875
2 0.6 0.759375 0.021875 0.01875
2 0.66015625 0.72734375 0.03125 0.01875
2 0.58515625 0.728125 0.0203125 0.0125
2 0.58515625 0.7453125 0.021875 0.0125
2 0.140625 0.70078125 0.025 0.015625
2 0.12265625 0.58046875 0.025 0.015625
2 0.39140625 0.21640625 0.025 0.021875
2 0.31875 0.23125 0.025 0.015625
2 0.36953125 0.11484375 0.03125 0.021875
2 0.78359375 0.065625 0.0234375 0.021875
2 0.87734375 0.10546875 0.0296875 0.021875
2 0.675 0.05078125 0.025 0.0203125
2 0.61953125 0.0640625 0.025 0.021875
2 0.596875 0.06015625 0.025 0.01875
2 0.6078125 0.015625 0.028125 0.0171875
2 0.9140625 0.15234375 0.021875 0.01875
2 0.184375 0.08046875 0.025 0.01875
2 0.10859375 0.1 0.03125 0.01875
2 0.32421875 0.0609375 0.025 0.015625
2 0.24140625 0.8640625 0.034375 0.0265625
2 0.2453125 0.8375 0.03125 0.0171875
2 0.2984375 0.8578125 0.0296875 0.021875
2 0.4265625 0.84453125 0.028125 0.025
2 0.1578125 0.7921875 0.0296875 0.01875
2 0.1546875 0.83359375 0.021875 0.0203125
2 0.66875 0.90859375 0.0296875 0.0234375
2 0.69296875 0.92421875 0.021875 0.015625
2 0.76796875 0.9515625 0.0296875 0.021875
2 0.840625 0.84765625 0.028125 0.025
2 0.8765625 0.83203125 0.021875 0.0171875
2 0.896875 0.871875 0.0234375 0.015625
2 0.87578125 0.91953125 0.03125 0.021875
2 0.83203125 0.89375 0.025 0.0125
2 0.59140625 0.80703125 0.0328125 0.021875
2 0.6265625 0.809375 0.028125 0.015625
2 0.63828125 0.83203125 0.0234375 0.021875
2 0.6234375 0.84296875 0.028125 0.025
2 0.5890625 0.8734375 0.028125 0.0203125
2 0.2453125 0.93515625 0.01875 0.0171875