2 0.140625 0.27890625 0.046875 0.03125
2 0.1703125 0.31875 0.0390625 0.0234375
2 0.2375 0.271875 0.021875 0.025
2 0.34453125 0.29140625 0.0234375 0.0203125
2 0.3078125 0.33125 0.028125 0.015625
2 0.225 0.3015625 0.021875 0.0171875
2 0.24375 0.315625 0.025 0.01875
2 0.1125 0.37109375 0.01875 0.015625
2 0.08828125 0.3828125 0.0171875 0.0140625
2 0.1140625 0.4 0.01875 0.0125
2 0.0890625 0.409375 0.021875 0.0125
2 0.115625 0.43515625 0.01875 0.0125
2 0.13046875 0.45234375 0.01875 0.0171875
2 0.11015625 0.45078125 0.015625 0.0125
2 0.203125 0.4859375 0.025 0.021875
2 0.1890625 0.4953125 0.025 0.021875
2 0.31484375 0.37890625 0.01875 0.0171875
2 0.3125 0.4296875 0.015625 0.0140625
2 0.34765625 0.43984375 0.0234375 0.0171875
2 0.28046875 0.49375 0.0203125 0.015625
2 0.27578125 0.53125 0.021875 0.0171875
2 0.18046875 0.61796875 0.028125 0.0234375
2 0.22265625 0.621875 0.028125 0.0171875
2 0.16171875 0.596875 0.028125 0.0171875
2 0.39921875 0.48359375 0.0234375 0.01875
2 0.39453125 0.40859375 0.0234375 0.0203125
2 0.39453125 0.38359375 0.021875 0.0234375
2 0.38984375 0.29296875 0.01875 0.0234375
2 0.3515625 0.1859375 0.0265625 0.0203125
2 0.32578125 0.575 0.01875 0.0203125
2 0.39296875 0.52578125 0.01875 0.0171875
2 0.40078125 0.5375 0.025 0.0140625
2 0.38125 0.603125 0.021875 0.0203125
2 0.37265625 0.6328125 0.021875 0.0140625
2 0.36796875 0.6765625 0.0125 0.009375
2 0.2515625 0.7203125 0.025 0.015625
2 0.21953125 0.728125 0.021875 0.01875
2 0.165625 0.68828125 0.021875 0.0203125
2 0.22890625 0.759375 0.03125 0.0203125
2 0.28125 0.7875 0.028125 0.0203125
2 0.203125 0.77421875 0.03125 0.0203125
2 0.37421875 0.71328125 0.028125 0.0265625
2 0.41171875 0.6734375 0.0203125 0.021875
2 0.33828125 0.73203125 0.0234375 0.0203125
2 0.65078125 0.275 0.0375 0.0296875
2 0.70703125 0.1984375 0.025 0.025
2 0.75859375 0.2171875 0.0265625 0.0234375
2 0.76796875 0.2328125 0.0234375 0.0171875
2 0.80234375 0.165625 0.03125 0.0234375
2 0.65859375 0.16484375 0.0234375 0.01875
2 0.7 0.11484375 0.025 0.025
2 0.6265625 0.16015625 0.028125 0.0203125
2 0.6 0.153125 0.025 0.015625
2 0.56640625 0.128125 0.021875 0.0203125
2 0.59765625 0.23203125 0.021875 0.0171875
2 0.6125 0.2984375 0.025 0.0203125
2 0.58203125 0.2859375 0.025 0.01875
2 0.590625 0.3265625 0.0171875 0.0203125
2 0.615625 0.3453125 0.025 0.0171875
2 0.60859375 0.359375 0.028125 0.01875
2 0.67421875 0.384375 0.034375 0.0265625
2 0.69296875 0.4078125 0.0328125 0.025
2 0.76875 0.4171875 0.03125 0.0203125
2 0.8078125 0.428125 0.025 0.0140625
2 0.81015625 0.44296875 0.021875 0.0171875
2 0.7796875 0.4671875 0.028125 0.0234375
2 0.73125 0.484375 0.0296875 0.0171875
2 0.7625 0.5015625 0.028125 0.0203125
2 0.67265625 0.515625 0.0390625 0.0171875
2 0.6890625 0.528125 0.0296875 0.0171875
2 0.83046875 0.54609375 0.028125 0.0203125
2 0.859375 0.48359375 0.021875 0.0234375
2 0.89453125 0.4671875 0.028125 0.0171875
2 0.8953125 0.49453125 0.01875 0.0234375
2 0.8875 0.36953125 0.028125 0.0234375
2 0.884375 0.28203125 0.025 0.0296875
2 0.88515625 0.18828125 0.028125 0.0234375
2 0.73046875 0.09375 0.04375 0.0234375
2 0.6546875 0.59921875 0.021875 0.0171875
2 0.61484375 0.55078125 0.03125 0.0265625
2 0.5734375 0.46328125 0.025 0.0203125
2 0.62734375 0.45859375 0.028125 0.0171875
2 0.6078125 0.46015625 0.021875 0.0171875
2 0.58359375 0.53046875 0.028125 0.025
2 0.575 0.55234375 0.028125 0.021875
2 0.56640625 0.571875 0.028125 0.0171875
2 0.61796875 0.59296875 0.021875 0.0234375
2 0.65546875 0.66015625 0.021875 0.01875
2 0.696875 0.6546875 0.028125 0.0265625
2 0.7109375 0.640625 0.0265625 0.0203125
2 0.78046875 0.69453125 0.0171875 0.0203125
2 0.8078125 0.715625 0.028125 0.0203125
2 0.87890625 0.67578125 0.028125 0.0265625
2 0.878125 0.62890625 0.0234375 0.0296875
2 0.778125 0.74453125 0.03125 0.0203125
2 0.815625 0.7453125 0.028125 0.0140625
2 0.87890625 0.75703125 0.0328125 0.01875
2 0.6609375 0.7546875 0.0375 0.028125
2 0.6734375 0.76953125 0.028125 0.0203125
2 0.59609375 0.72421875 0.021875 0.0203125
2 0.65546875 0.68828125 0.03125 0.0203125
2 0.58046875 0.69375 0.0203125 0.0140625
2 0.58046875 0.7109375 0.021875 0.0140625
2 0.13671875 0.6921875 0.025 0.0171875
2 0.11875 0.5734375 0.025 0.0171875
2 0.390625 0.19375 0.025 0.0234375
2 0.31796875 0.2125 0.025 0.0171875
2 0.36875 0.09296875 0.03125 0.0234375
2 0.7828125 0.01953125 0.0234375 0.0234375
2 0.87734375 0.0546875 0.0296875 0.0234375
2 0.67421875 0.01171875 0.025 0.021875
2 0.61875 0.028125 0.025 0.0234375
2 0.59609375 0.025 0.025 0.0203125
2 0.91328125 0.0984375 0.021875 0.0203125
2 0.184375 0.06953125 0.025 0.0203125
2 0.10859375 0.09296875 0.03125 0.0203125
2 0.3234375 0.0421875 0.025 0.0171875
2 0.2359375 0.84921875 0.034375 0.028125
2 0.240625 0.82265625 0.03125 0.01875
2 0.29296875 0.83984375 0.0296875 0.0234375
2 0.42109375 0.81953125 0.028125 0.0265625
2 0.153125 0.7828125 0.0296875 0.0203125
2 0.15 0.82421875 0.021875 0.021875
2 0.6640625 0.86953125 0.0296875 0.025
2 0.6875 0.88359375 0.021875 0.0171875
2 0.7625 0.90625 0.0296875 0.0234375
2 0.8359375 0.7984375 0.028125 0.0265625
2 0.871875 0.78046875 0.021875 0.01875
2 0.89140625 0.81953125 0.0234375 0.0171875
2 0.8703125 0.86796875 0.03125 0.0234375
2 0.82734375 0.8453125 0.025 0.0140625
2 0.58671875 0.771875 0.0328125 0.0234375
2 0.621875 0.77265625 0.028125 0.0171875
2 0.63359375 0.79453125 0.0234375 0.0234375
2 0.61875 0.80703125 0.028125 0.0265625
2 0.58359375 0.8390625 0.028125 0.021875
2 0.23984375 0.9203125 0.01875 0.01875