2 0.71171875 0.15234375 0.03125 0.046875
2 0.6703125 0.18203125 0.021875 0.0390625
2 0.71328125 0.24921875 0.0234375 0.021875
2 0.6859375 0.35625 0.01875 0.0234375
2 0.6484375 0.31953125 0.0140625 0.028125
2 0.68359375 0.23671875 0.015625 0.021875
2 0.66796875 0.25546875 0.0171875 0.025
2 0.62109375 0.12421875 0.0140625 0.01875
2 0.6109375 0.1 0.0125 0.0171875
2 0.5921875 0.12578125 0.0109375 0.01875
2 0.584375 0.10078125 0.0109375 0.021875
2 0.55703125 0.12734375 0.0109375 0.01875
2 0.5390625 0.1421875 0.015625 0.01875
2 0.54140625 0.121875 0.0125 0.015625
2 0.50078125 0.21484375 0.0203125 0.025
2 0.4921875 0.20078125 0.0203125 0.025
2 0.60078125 0.3265625 0.015625 0.01875
2 0.55 0.32421875 0.0140625 0.015625
2 0.5375 0.359375 0.015625 0.0234375
2 0.48828125 0.2921875 0.0140625 0.0203125
2 0.45078125 0.2875 0.015625 0.021875
2 0.3703125 0.1921875 0.021875 0.028125
2 0.36328125 0.23359375 0.015625 0.028125
2 0.3921875 0.1734375 0.015625 0.028125
2 0.490625 0.41015625 0.0171875 0.0234375
2 0.565625 0.40625 0.01875 0.0234375
2 0.590625 0.40625 0.021875 0.021875
2 0.68203125 0.4015625 0.021875 0.01875
2 0.79140625 0.36328125 0.01875 0.0265625
2 0.40390625 0.3375 0.01875 0.01875
2 0.4484375 0.4046875 0.015625 0.01875
2 0.43671875 0.4125 0.0125 0.025
2 0.371875 0.39296875 0.01875 0.021875
2 0.3421875 0.384375 0.0125 0.021875
2 0.3 0.3796875 0.009375 0.0125
2 0.2625 0.26328125 0.0140625 0.025
2 0.25703125 0.23125 0.0171875 0.021875
2 0.30078125 0.17734375 0.01875 0.021875
2 0.22578125 0.23984375 0.01875 0.03125
2 0.19453125 0.29296875 0.01875 0.028125
2 0.21171875 0.21484375 0.01875 0.03125
2 0.26171875 0.3859375 0.025 0.028125
2 0.3 0.4234375 0.0203125 0.0203125
2 0.2453125 0.35 0.01875 0.0234375
2 0.6828125 0.6625 0.028125 0.0375
2 0.75625 0.71796875 0.0234375 0.025
2 0.734375 0.7703125 0.021875 0.0265625
2 0.71796875 0.7796875 0.015625 0.0234375
2 0.7828125 0.8140625 0.021875 0.03125
2 0.79296875 0.6703125 0.0171875 0.0234375
2 0.83984375 0.71171875 0.0234375 0.0265625
2 0.8 0.63828125 0.01875 0.028125
2 0.80859375 0.61171875 0.0140625 0.025
2 0.83515625 0.578125 0.01875 0.021875
2 0.7296875 0.609375 0.015625 0.021875
2 0.66171875 0.62421875 0.01875 0.025
2 0.6765625 0.59375 0.0171875 0.025
2 0.6359375 0.60234375 0.01875 0.0171875
2 0.61484375 0.62734375 0.015625 0.025
2 0.60078125 0.6203125 0.0171875 0.028125
2 0.57265625 0.6859375 0.025 0.034375
2 0.546875 0.7046875 0.0234375 0.0328125
2 0.53359375 0.78046875 0.01875 0.03125
2 0.5203125 0.81953125 0.0125 0.025
2 0.5046875 0.821875 0.015625 0.021875
2 0.48203125 0.79140625 0.021875 0.028125
2 0.46875 0.74296875 0.015625 0.0296875
2 0.44921875 0.77421875 0.01875 0.028125
2 0.44140625 0.684375 0.015625 0.0390625
2 0.42734375 0.70078125 0.015625 0.0296875
2 0.4 0.8421875 0.01875 0.028125
2 0.4609375 0.87109375 0.021875 0.021875
2 0.475 0.90625 0.015625 0.028125
2 0.44765625 0.90703125 0.021875 0.01875
2 0.5734375 0.89921875 0.021875 0.028125
2 0.6609375 0.89609375 0.028125 0.0265625
2 0.7546875 0.89609375 0.021875 0.0296875
2 0.859375 0.7421875 0.021875 0.04375
2 0.35859375 0.66640625 0.015625 0.021875
2 0.409375 0.6265625 0.025 0.03125
2 0.49921875 0.58515625 0.01875 0.025
2 0.50078125 0.6390625 0.015625 0.028125
2 0.5 0.61953125 0.015625 0.021875
2 0.43203125 0.5953125 0.0234375 0.028125
2 0.41015625 0.58671875 0.0203125 0.028125
2 0.39140625 0.578125 0.015625 0.028125
2 0.3671875 0.6296875 0.021875 0.021875
2 0.296875 0.6671875 0.0171875 0.021875
2 0.3 0.70859375 0.025 0.028125
2 0.31328125 0.72265625 0.01875 0.0265625
2 0.2546875 0.7921875 0.01875 0.0171875
2 0.23203125 0.81953125 0.01875 0.028125
2 0.2671875 0.890625 0.025 0.028125
2 0.3140625 0.88984375 0.028125 0.0234375
2 0.2046875 0.78984375 0.01875 0.03125
2 0.20234375 0.82734375 0.0125 0.028125
2 0.1859375 0.890625 0.0171875 0.0328125
2 0.20234375 0.67265625 0.0265625 0.0375
2 0.18671875 0.68515625 0.01875 0.028125
2 0.23671875 0.6078125 0.01875 0.021875
2 0.26875 0.6671875 0.01875 0.03125
2 0.26875 0.5921875 0.0125 0.0203125
2 0.2515625 0.5921875 0.0125 0.021875
2 0.2984375 0.14765625 0.015625 0.025
2 0.41875 0.13046875 0.015625 0.025
2 0.78125 0.40234375 0.021875 0.025
2 0.7671875 0.3296875 0.015625 0.025
2 0.88359375 0.38046875 0.021875 0.03125
2 0.9296875 0.79453125 0.021875 0.0234375
2 0.8890625 0.88828125 0.021875 0.0296875
2 0.9453125 0.6859375 0.0203125 0.025
2 0.93203125 0.63046875 0.021875 0.025
2 0.93671875 0.6078125 0.01875 0.025
2 0.98046875 0.61953125 0.0171875 0.028125
2 0.84296875 0.925 0.01875 0.021875
2 0.91875 0.19609375 0.01875 0.025
2 0.9 0.11953125 0.01875 0.03125
2 0.9375 0.33515625 0.015625 0.025
2 0.13515625 0.24765625 0.0265625 0.034375
2 0.1609375 0.2515625 0.0171875 0.03125
2 0.140625 0.3046875 0.021875 0.0296875
2 0.15234375 0.4328125 0.025 0.028125
2 0.20625 0.16484375 0.01875 0.0296875
2 0.16484375 0.16171875 0.0203125 0.021875
2 0.0875 0.675 0.0234375 0.0296875
2 0.07109375 0.69921875 0.015625 0.021875
2 0.04453125 0.77421875 0.021875 0.0296875
2 0.14765625 0.846875 0.025 0.028125
2 0.1625 0.88359375 0.0171875 0.021875
2 0.12265625 0.903125 0.015625 0.0234375
2 0.075 0.88203125 0.021875 0.03125
2 0.10078125 0.8390625 0.0125 0.025
2 0.18984375 0.5984375 0.021875 0.0328125
2 0.18671875 0.63359375 0.015625 0.028125
2 0.16484375 0.6453125 0.021875 0.0234375
2 0.153125 0.6296875 0.025 0.028125
2 0.1234375 0.5953125 0.0203125 0.0296875
2 0.06328125 0.2515625 0.0171875 0.01875