2 0.69375 0.87265625 0.03125 0.046875
2 0.65390625 0.84140625 0.0234375 0.0390625
2 0.69921875 0.77578125 0.0234375 0.021875
2 0.67734375 0.66796875 0.01875 0.0234375
2 0.6375 0.703125 0.0140625 0.028125
2 0.66953125 0.78671875 0.015625 0.021875
2 0.65546875 0.76796875 0.0171875 0.025
2 0.603125 0.89765625 0.0140625 0.01875
2 0.59140625 0.92109375 0.0125 0.0171875
2 0.57421875 0.8953125 0.0109375 0.01875
2 0.56484375 0.91953125 0.0109375 0.021875
2 0.5390625 0.8921875 0.0109375 0.01875
2 0.52109375 0.8765625 0.015625 0.01875
2 0.5234375 0.896875 0.0125 0.015625
2 0.4859375 0.803125 0.0203125 0.025
2 0.4765625 0.81640625 0.0203125 0.025
2 0.590625 0.69453125 0.015625 0.01875
2 0.53984375 0.6953125 0.0140625 0.015625
2 0.52890625 0.659375 0.015625 0.0234375
2 0.4765625 0.725 0.0140625 0.0203125
2 0.4390625 0.72890625 0.015625 0.021875
2 0.3546875 0.82109375 0.021875 0.028125
2 0.34921875 0.77890625 0.015625 0.028125
2 0.37578125 0.840625 0.015625 0.028125
2 0.48359375 0.60703125 0.0171875 0.0234375
2 0.55859375 0.6140625 0.01875 0.0234375
2 0.58359375 0.61484375 0.021875 0.021875
2 0.675 0.62265625 0.021875 0.01875
2 0.7828125 0.66484375 0.01875 0.0265625
2 0.39375 0.6765625 0.01875 0.01875
2 0.44140625 0.61171875 0.015625 0.01875
2 0.4296875 0.603125 0.0125 0.025
2 0.36484375 0.6203125 0.01875 0.021875
2 0.33515625 0.62734375 0.0125 0.021875
2 0.29140625 0.63125 0.009375 0.0125
2 0.25 0.74609375 0.0140625 0.025
2 0.24296875 0.778125 0.0171875 0.021875
2 0.284375 0.83359375 0.01875 0.021875
2 0.21171875 0.76796875 0.01875 0.03125
2 0.1828125 0.7140625 0.01875 0.028125
2 0.19765625 0.7921875 0.01875 0.03125
2 0.2546875 0.6234375 0.025 0.028125
2 0.29375 0.5875 0.0203125 0.0203125
2 0.23671875 0.65859375 0.01875 0.0234375
2 0.68671875 0.36171875 0.0296875 0.0375
2 0.76171875 0.30859375 0.0234375 0.025
2 0.7421875 0.25546875 0.021875 0.0265625
2 0.72578125 0.24609375 0.015625 0.0234375
2 0.7921875 0.2140625 0.021875 0.03125
2 0.796875 0.3578125 0.0171875 0.0234375
2 0.8453125 0.31796875 0.0234375 0.025
2 0.80234375 0.38984375 0.01875 0.028125
2 0.809375 0.41640625 0.0140625 0.025
2 0.83515625 0.4515625 0.01875 0.021875
2 0.73046875 0.41640625 0.015625 0.021875
2 0.6640625 0.39921875 0.01875 0.025
2 0.67734375 0.4296875 0.0171875 0.025
2 0.63671875 0.4203125 0.01875 0.0171875
2 0.6171875 0.39453125 0.015625 0.025
2 0.60234375 0.40078125 0.0171875 0.028125
2 0.5765625 0.334375 0.0265625 0.034375
2 0.55234375 0.31484375 0.0234375 0.0328125
2 0.54140625 0.23828125 0.01875 0.03125
2 0.5296875 0.19921875 0.0125 0.025
2 0.51484375 0.19609375 0.015625 0.021875
2 0.49140625 0.22578125 0.021875 0.028125
2 0.475 0.2734375 0.015625 0.0296875
2 0.45703125 0.2421875 0.01875 0.028125
2 0.4453125 0.33125 0.0171875 0.0390625
2 0.4328125 0.31484375 0.015625 0.0296875
2 0.4109375 0.171875 0.01875 0.028125
2 0.47265625 0.1453125 0.021875 0.021875
2 0.48828125 0.1109375 0.015625 0.028125
2 0.4609375 0.109375 0.021875 0.01875
2 0.58671875 0.121875 0.021875 0.028125
2 0.67421875 0.12734375 0.028125 0.025
2 0.76796875 0.13046875 0.021875 0.028125
2 0.865625 0.28828125 0.0234375 0.04375
2 0.3625 0.346875 0.015625 0.021875
2 0.41171875 0.38828125 0.025 0.03125
2 0.49921875 0.4328125 0.01875 0.025
2 0.503125 0.37890625 0.015625 0.028125
2 0.5015625 0.3984375 0.015625 0.021875
2 0.4328125 0.4203125 0.0234375 0.028125
2 0.4109375 0.428125 0.0203125 0.028125
2 0.39140625 0.4359375 0.015625 0.028125
2 0.36953125 0.38359375 0.021875 0.021875
2 0.30078125 0.34375 0.0171875 0.021875
2 0.30546875 0.30234375 0.025 0.028125
2 0.31953125 0.2890625 0.01875 0.0265625
2 0.2640625 0.2171875 0.01875 0.0171875
2 0.2421875 0.1890625 0.01875 0.028125
2 0.28046875 0.11875 0.025 0.028125
2 0.32734375 0.121875 0.028125 0.0234375
2 0.2140625 0.21796875 0.01875 0.03125
2 0.2125 0.1796875 0.0125 0.028125
2 0.19921875 0.11640625 0.0171875 0.0328125
2 0.20625 0.334375 0.028125 0.0375
2 0.19140625 0.321875 0.01875 0.028125
2 0.23828125 0.40078125 0.01875 0.021875
2 0.27265625 0.3421875 0.01875 0.03125
2 0.26953125 0.4171875 0.0125 0.0203125
2 0.25234375 0.4171875 0.0125 0.021875
2 0.28125 0.8625 0.015625 0.025
2 0.40078125 0.884375 0.015625 0.025
2 0.77421875 0.625 0.021875 0.025
2 0.75703125 0.69765625 0.015625 0.025
2 0.875 0.65078125 0.021875 0.03125
2 0.9390625 0.23828125 0.021875 0.0234375
2 0.9015625 0.14296875 0.021875 0.0296875
2 0.94921875 0.34765625 0.0203125 0.025
2 0.934375 0.40234375 0.021875 0.025
2 0.9375 0.425 0.01875 0.025
2 0.98203125 0.415625 0.0171875 0.028125
2 0.85625 0.10546875 0.01875 0.021875
2 0.903125 0.8359375 0.01875 0.025
2 0.88046875 0.91171875 0.01875 0.03125
2 0.92734375 0.69765625 0.015625 0.025
2 0.121875 0.75703125 0.028125 0.034375
2 0.1484375 0.75390625 0.0171875 0.03125
2 0.1296875 0.7 0.021875 0.0296875
2 0.146875 0.57265625 0.025 0.028125
2 0.18984375 0.8421875 0.01875 0.0296875
2 0.1484375 0.84453125 0.0203125 0.021875
2 0.09140625 0.328125 0.0234375 0.0296875
2 0.0765625 0.303125 0.015625 0.021875
2 0.05234375 0.228125 0.021875 0.0296875
2 0.15859375 0.15859375 0.025 0.028125
2 0.175 0.12265625 0.0171875 0.021875
2 0.1359375 0.1015625 0.015625 0.0234375
2 0.0875 0.12109375 0.021875 0.03125
2 0.11171875 0.16484375 0.0125 0.025
2 0.190625 0.40859375 0.021875 0.0328125
2 0.1890625 0.3734375 0.015625 0.028125
2 0.1671875 0.3609375 0.021875 0.0234375
2 0.15546875 0.37578125 0.025 0.028125
2 0.12421875 0.409375 0.0203125 0.028125
2 0.05078125 0.75078125 0.0171875 0.01875