2 0.7109375 0.10234375 0.03125 0.0484375
2 0.66953125 0.13515625 0.0234375 0.040625
2 0.71171875 0.19921875 0.0234375 0.0234375
2 0.684375 0.3078125 0.01875 0.025
2 0.646875 0.2734375 0.0140625 0.0296875
2 0.68203125 0.1890625 0.015625 0.0234375
2 0.6671875 0.20859375 0.0171875 0.0265625
2 0.62109375 0.08125 0.0140625 0.0203125
2 0.61015625 0.05703125 0.0125 0.0171875
2 0.59140625 0.084375 0.0109375 0.01875
2 0.58359375 0.059375 0.0109375 0.021875
2 0.55625 0.08828125 0.0109375 0.01875
2 0.53828125 0.1046875 0.015625 0.0203125
2 0.54140625 0.08359375 0.0125 0.015625
2 0.5 0.17890625 0.0203125 0.0265625
2 0.490625 0.16640625 0.0203125 0.0265625
2 0.5984375 0.284375 0.015625 0.0203125
2 0.5484375 0.2859375 0.0140625 0.0171875
2 0.53515625 0.32109375 0.015625 0.025
2 0.4859375 0.2578125 0.0140625 0.021875
2 0.44921875 0.25546875 0.015625 0.0234375
2 0.36875 0.165625 0.021875 0.0296875
2 0.36171875 0.20859375 0.015625 0.0296875
2 0.39140625 0.14609375 0.015625 0.0296875
2 0.48828125 0.37578125 0.0171875 0.025
2 0.56328125 0.365625 0.01875 0.025
2 0.58828125 0.3640625 0.021875 0.0234375
2 0.6796875 0.35390625 0.021875 0.0203125
2 0.7890625 0.3078125 0.01875 0.028125
2 0.4015625 0.30859375 0.01875 0.0203125
2 0.44609375 0.37265625 0.015625 0.0203125
2 0.434375 0.38125 0.0125 0.025
2 0.36953125 0.36640625 0.01875 0.0234375
2 0.340625 0.36015625 0.0125 0.021875
2 0.29765625 0.3578125 0.009375 0.0125
2 0.2609375 0.24453125 0.0140625 0.0265625
2 0.25546875 0.21328125 0.0171875 0.0234375
2 0.3 0.15546875 0.01875 0.0234375
2 0.22421875 0.22421875 0.01875 0.0328125
2 0.1921875 0.27890625 0.01875 0.0296875
2 0.2109375 0.2 0.01875 0.0328125
2 0.26015625 0.3671875 0.025 0.0296875
2 0.29765625 0.4015625 0.0203125 0.021875
2 0.24375 0.33203125 0.01875 0.025
2 0.67890625 0.6140625 0.0296875 0.0390625
2 0.75234375 0.66484375 0.0234375 0.0265625
2 0.7296875 0.71796875 0.021875 0.028125
2 0.71328125 0.728125 0.015625 0.025
2 0.778125 0.75859375 0.021875 0.0328125
2 0.7890625 0.6140625 0.0171875 0.025
2 0.8359375 0.6515625 0.0234375 0.028125
2 0.79609375 0.58203125 0.01875 0.0296875
2 0.8046875 0.5546875 0.0140625 0.0265625
2 0.83203125 0.51875 0.01875 0.0234375
2 0.72578125 0.5578125 0.015625 0.0234375
2 0.65859375 0.57734375 0.01875 0.0265625
2 0.6734375 0.54609375 0.0171875 0.0265625
2 0.63203125 0.55703125 0.01875 0.01875
2 0.61171875 0.58359375 0.015625 0.0265625
2 0.59765625 0.57734375 0.0171875 0.0296875
2 0.56875 0.64453125 0.0265625 0.0359375
2 0.54296875 0.665625 0.0234375 0.034375
2 0.52890625 0.7421875 0.01875 0.0328125
2 0.515625 0.78203125 0.0125 0.025
2 0.5 0.78515625 0.015625 0.0234375
2 0.478125 0.75703125 0.021875 0.0296875
2 0.4640625 0.709375 0.015625 0.03125
2 0.44453125 0.7421875 0.01875 0.0296875
2 0.4375 0.65234375 0.0171875 0.040625
2 0.4234375 0.66953125 0.015625 0.03125
2 0.3953125 0.81328125 0.01875 0.0296875
2 0.45546875 0.83828125 0.021875 0.0234375
2 0.46953125 0.871875 0.015625 0.0296875
2 0.4421875 0.87421875 0.021875 0.0203125
2 0.56796875 0.8578125 0.021875 0.0296875
2 0.65625 0.84921875 0.028125 0.028125
2 0.75 0.84296875 0.021875 0.03125
2 0.8546875 0.68125 0.0234375 0.0453125
2 0.3546875 0.63984375 0.015625 0.0234375
2 0.40546875 0.59765625 0.025 0.0328125
2 0.49609375 0.54921875 0.01875 0.0265625
2 0.496875 0.603125 0.015625 0.0296875
2 0.496875 0.58359375 0.015625 0.0234375
2 0.428125 0.5640625 0.0234375 0.0296875
2 0.40703125 0.5578125 0.0203125 0.0296875
2 0.38828125 0.55 0.015625 0.0296875
2 0.36328125 0.603125 0.021875 0.0234375
2 0.29296875 0.6453125 0.0171875 0.0234375
2 0.29609375 0.68671875 0.025 0.0296875
2 0.309375 0.7 0.01875 0.028125
2 0.25 0.7734375 0.01875 0.01875
2 0.22734375 0.80234375 0.01875 0.0296875
2 0.2625 0.87109375 0.025 0.0296875
2 0.309375 0.86640625 0.028125 0.025
2 0.20078125 0.775 0.01875 0.0328125
2 0.196875 0.8125 0.0125 0.028125
2 0.18125 0.8765625 0.0171875 0.034375
2 0.1984375 0.6578125 0.028125 0.0390625
2 0.1828125 0.67109375 0.01875 0.0296875
2 0.23359375 0.590625 0.01875 0.0234375
2 0.26484375 0.64765625 0.01875 0.0328125
2 0.26484375 0.57265625 0.0125 0.0203125
2 0.24765625 0.5734375 0.0125 0.021875
2 0.29765625 0.12734375 0.015625 0.0265625
2 0.41796875 0.1015625 0.015625 0.0265625
2 0.77890625 0.346875 0.021875 0.0265625
2 0.76484375 0.275 0.015625 0.0265625
2 0.88125 0.31875 0.021875 0.0328125
2 0.92578125 0.72890625 0.021875 0.025
2 0.884375 0.82578125 0.021875 0.03125
2 0.94140625 0.61953125 0.0203125 0.0265625
2 0.92890625 0.56484375 0.021875 0.0265625
2 0.9328125 0.54140625 0.01875 0.0265625
2 0.97734375 0.55 0.0171875 0.0296875
2 0.8375 0.86484375 0.01875 0.0234375
2 0.9171875 0.13125 0.01875 0.0265625
2 0.89921875 0.05703125 0.01875 0.0328125
2 0.93515625 0.26953125 0.015625 0.0265625
2 0.13359375 0.23828125 0.028125 0.0359375
2 0.16015625 0.240625 0.0171875 0.0328125
2 0.1390625 0.29453125 0.021875 0.03125
2 0.15 0.421875 0.025 0.0296875
2 0.20546875 0.15 0.01875 0.03125
2 0.1640625 0.14921875 0.0203125 0.0234375
2 0.08359375 0.66875 0.0234375 0.03125
2 0.0671875 0.69375 0.015625 0.0234375
2 0.03984375 0.7703125 0.021875 0.03125
2 0.14296875 0.8359375 0.025 0.0296875
2 0.1578125 0.87109375 0.0171875 0.0234375
2 0.1171875 0.89375 0.015625 0.025
2 0.0703125 0.87578125 0.021875 0.0328125
2 0.09609375 0.83046875 0.0125 0.025
2 0.1859375 0.584375 0.021875 0.034375
2 0.1828125 0.61953125 0.015625 0.0296875
2 0.1609375 0.6328125 0.021875 0.025
2 0.14921875 0.61875 0.025 0.0296875
2 0.11953125 0.5859375 0.0203125 0.03125
2 0.0625 0.246875 0.0171875 0.0203125