2 0.74375 0.88515625 0.03125 0.0484375
2 0.70234375 0.853125 0.0234375 0.040625
2 0.74375 0.78828125 0.0234375 0.0234375
2 0.71484375 0.6796875 0.0203125 0.0234375
2 0.678125 0.71484375 0.015625 0.028125
2 0.7140625 0.79921875 0.015625 0.021875
2 0.69921875 0.7796875 0.01875 0.025
2 0.65390625 0.90859375 0.0140625 0.01875
2 0.64453125 0.93203125 0.0125 0.0171875
2 0.625 0.90546875 0.0109375 0.01875
2 0.61796875 0.93046875 0.0109375 0.021875
2 0.58984375 0.9015625 0.0109375 0.01875
2 0.571875 0.8859375 0.015625 0.01875
2 0.575 0.90625 0.0125 0.015625
2 0.53203125 0.81171875 0.021875 0.0265625
2 0.5234375 0.825 0.021875 0.0265625
2 0.6296875 0.70546875 0.015625 0.01875
2 0.57890625 0.7046875 0.0140625 0.015625
2 0.56640625 0.66875 0.0171875 0.0234375
2 0.51796875 0.73359375 0.0140625 0.0203125
2 0.48046875 0.73671875 0.015625 0.021875
2 0.4015625 0.82734375 0.0234375 0.0296875
2 0.39375 0.78515625 0.0171875 0.028125
2 0.42421875 0.84765625 0.0171875 0.028125
2 0.51875 0.615625 0.01875 0.0234375
2 0.59375 0.62421875 0.0203125 0.0234375
2 0.61875 0.625 0.021875 0.0234375
2 0.71015625 0.634375 0.021875 0.0203125
2 0.8203125 0.67890625 0.0203125 0.0265625
2 0.4328125 0.68359375 0.01875 0.01875
2 0.4765625 0.61953125 0.015625 0.01875
2 0.46484375 0.6109375 0.0140625 0.025
2 0.4 0.62734375 0.01875 0.021875
2 0.37109375 0.63359375 0.0125 0.021875
2 0.328125 0.63671875 0.009375 0.0125
2 0.29296875 0.75078125 0.015625 0.025
2 0.28828125 0.7828125 0.0171875 0.021875
2 0.3328125 0.8390625 0.01875 0.021875
2 0.25625 0.771875 0.0203125 0.03125
2 0.22421875 0.7171875 0.0203125 0.028125
2 0.24296875 0.79609375 0.0203125 0.03125
2 0.290625 0.628125 0.0265625 0.0296875
2 0.32734375 0.59296875 0.0203125 0.021875
2 0.27421875 0.66328125 0.0203125 0.0234375
2 0.70625 0.3734375 0.0296875 0.0390625
2 0.77890625 0.321875 0.025 0.0265625
2 0.75625 0.26875 0.0234375 0.028125
2 0.7390625 0.25859375 0.0171875 0.0234375
2 0.80390625 0.228125 0.0234375 0.0328125
2 0.81640625 0.371875 0.01875 0.0234375
2 0.8625 0.3328125 0.025 0.0265625
2 0.82421875 0.40390625 0.0203125 0.028125
2 0.8328125 0.43125 0.015625 0.025
2 0.86015625 0.46640625 0.01875 0.021875
2 0.75390625 0.4296875 0.015625 0.021875
2 0.6859375 0.4109375 0.0203125 0.025
2 0.7015625 0.4421875 0.01875 0.025
2 0.66015625 0.43203125 0.01875 0.0171875
2 0.6390625 0.40546875 0.0171875 0.025
2 0.625 0.41171875 0.01875 0.028125
2 0.5953125 0.34453125 0.0265625 0.0359375
2 0.56953125 0.32421875 0.025 0.034375
2 0.5546875 0.2484375 0.0203125 0.03125
2 0.540625 0.20859375 0.0140625 0.025
2 0.525 0.20546875 0.015625 0.021875
2 0.50390625 0.234375 0.0234375 0.0296875
2 0.490625 0.28203125 0.0171875 0.0296875
2 0.4703125 0.25 0.0203125 0.028125
2 0.4640625 0.33984375 0.0171875 0.0390625
2 0.45078125 0.32265625 0.0171875 0.0296875
2 0.4203125 0.1796875 0.0203125 0.028125
2 0.48046875 0.15390625 0.021875 0.0234375
2 0.49375 0.11953125 0.0171875 0.028125
2 0.46640625 0.1171875 0.021875 0.0203125
2 0.59296875 0.13203125 0.0234375 0.0296875
2 0.68046875 0.1390625 0.0296875 0.0265625
2 0.77421875 0.14375 0.0234375 0.0296875
2 0.88125 0.303125 0.0234375 0.0453125
2 0.38203125 0.353125 0.015625 0.021875
2 0.43359375 0.3953125 0.0265625 0.0328125
2 0.52421875 0.4421875 0.0203125 0.025
2 0.52421875 0.38828125 0.0171875 0.028125
2 0.52421875 0.4078125 0.015625 0.021875
2 0.45625 0.428125 0.025 0.0296875
2 0.43515625 0.43515625 0.021875 0.0296875
2 0.41640625 0.44296875 0.0171875 0.028125
2 0.39140625 0.390625 0.021875 0.0234375
2 0.3203125 0.34921875 0.0171875 0.021875
2 0.32265625 0.3078125 0.0265625 0.0296875
2 0.3359375 0.29453125 0.0203125 0.0265625
2 0.27578125 0.221875 0.01875 0.0171875
2 0.25234375 0.19375 0.0203125 0.028125
2 0.28671875 0.12421875 0.0265625 0.0296875
2 0.33359375 0.12734375 0.0296875 0.025
2 0.22578125 0.22109375 0.0203125 0.03125
2 0.22265625 0.18359375 0.0140625 0.028125
2 0.20546875 0.1203125 0.01875 0.0328125
2 0.22578125 0.33828125 0.028125 0.0390625
2 0.209375 0.325 0.0203125 0.028125
2 0.26171875 0.40546875 0.01875 0.021875
2 0.2921875 0.34765625 0.0203125 0.03125
2 0.29296875 0.42265625 0.0125 0.0203125
2 0.27578125 0.421875 0.0125 0.021875
2 0.33046875 0.86796875 0.0171875 0.025
2 0.4515625 0.89140625 0.0171875 0.025
2 0.809375 0.6390625 0.0234375 0.0265625
2 0.79609375 0.7109375 0.0171875 0.025
2 0.91171875 0.665625 0.0234375 0.0328125
2 0.9515625 0.2546875 0.0234375 0.025
2 0.90859375 0.15859375 0.0234375 0.03125
2 0.96875 0.3640625 0.021875 0.0265625
2 0.95625 0.41875 0.0234375 0.0265625
2 0.9609375 0.44140625 0.0203125 0.025
2 0.99765625 0.4328125 0.0046875 0.028125
2 0.86171875 0.1203125 0.01875 0.021875
2 0.95 0.85234375 0.0203125 0.025
2 0.9328125 0.92734375 0.0203125 0.03125
2 0.96640625 0.7140625 0.0171875 0.025
2 0.165625 0.759375 0.028125 0.0359375
2 0.1921875 0.75703125 0.01875 0.03125
2 0.1703125 0.703125 0.0234375 0.03125
2 0.1796875 0.575 0.0265625 0.0296875
2 0.23828125 0.84609375 0.0203125 0.0296875
2 0.19765625 0.84765625 0.0203125 0.0234375
2 0.1109375 0.3296875 0.025 0.03125
2 0.09375 0.3046875 0.015625 0.021875
2 0.065625 0.22890625 0.0234375 0.03125
2 0.16796875 0.1609375 0.0265625 0.0296875
2 0.18203125 0.12578125 0.0171875 0.021875
2 0.14140625 0.10390625 0.0171875 0.0234375
2 0.09453125 0.12265625 0.0234375 0.0328125
2 0.12109375 0.1671875 0.0140625 0.025
2 0.2140625 0.41171875 0.0234375 0.034375
2 0.21015625 0.3765625 0.0171875 0.028125
2 0.18828125 0.3640625 0.0234375 0.025
2 0.17734375 0.37890625 0.0265625 0.0296875
2 0.14765625 0.41171875 0.021875 0.0296875
2 0.09375 0.75234375 0.0171875 0.01875