2 0.165625 0.303125 0.0484375 0.0359375
2 0.19921875 0.346875 0.040625 0.0265625
2 0.26171875 0.3109375 0.0234375 0.0265625
2 0.371875 0.3484375 0.025 0.021875
2 0.33828125 0.3828125 0.0296875 0.0171875
2 0.25234375 0.3390625 0.0234375 0.01875
2 0.27265625 0.35625 0.0265625 0.0203125
2 0.14609375 0.390625 0.0203125 0.015625
2 0.12265625 0.3984375 0.01875 0.0140625
2 0.14921875 0.41953125 0.0203125 0.0125
2 0.125 0.425 0.0234375 0.0140625
2 0.1546875 0.4546875 0.0203125 0.0125
2 0.1703125 0.47421875 0.0203125 0.0171875
2 0.15 0.46953125 0.0171875 0.0140625
2 0.24609375 0.51953125 0.0265625 0.0234375
2 0.23359375 0.52734375 0.0265625 0.0234375
2 0.34921875 0.43125 0.0203125 0.0171875
2 0.3515625 0.48203125 0.0171875 0.015625
2 0.3875 0.49765625 0.025 0.01875
2 0.325 0.540625 0.021875 0.0171875
2 0.3234375 0.57734375 0.0234375 0.01875
2 0.23515625 0.6484375 0.0296875 0.025
2 0.27734375 0.659375 0.0296875 0.01875
2 0.21484375 0.62421875 0.0296875 0.01875
2 0.44296875 0.55 0.025 0.0203125
2 0.43125 0.47421875 0.025 0.021875
2 0.4296875 0.44921875 0.0234375 0.025
2 0.4171875 0.35703125 0.0203125 0.0234375
2 0.36953125 0.24375 0.028125 0.021875
2 0.37734375 0.6296875 0.0203125 0.0203125
2 0.440625 0.59140625 0.0203125 0.0171875
2 0.44921875 0.60390625 0.0265625 0.015625
2 0.43515625 0.66640625 0.0234375 0.021875
2 0.4296875 0.6953125 0.0234375 0.015625
2 0.428125 0.7375 0.0125 0.0109375
2 0.315625 0.76328125 0.0265625 0.0171875
2 0.284375 0.765625 0.0234375 0.0203125
2 0.2265625 0.71640625 0.0234375 0.021875
2 0.29609375 0.7984375 0.0328125 0.021875
2 0.3515625 0.834375 0.0296875 0.021875
2 0.271875 0.809375 0.0328125 0.021875
2 0.43828125 0.77578125 0.0296875 0.028125
2 0.471875 0.7421875 0.021875 0.0234375
2 0.40390625 0.7890625 0.025 0.021875
2 0.678125 0.38203125 0.0390625 0.0328125
2 0.7265625 0.3140625 0.0265625 0.0265625
2 0.78046875 0.34140625 0.028125 0.025
2 0.79140625 0.35859375 0.025 0.01875
2 0.8203125 0.296875 0.0328125 0.025
2 0.67578125 0.27265625 0.025 0.0203125
2 0.7125 0.2296875 0.0265625 0.0265625
2 0.64296875 0.2625 0.0296875 0.021875
2 0.61640625 0.2515625 0.0265625 0.0171875
2 0.5796875 0.22109375 0.0234375 0.021875
2 0.6203125 0.33046875 0.0234375 0.01875
2 0.64140625 0.39921875 0.0265625 0.021875
2 0.609375 0.38203125 0.0265625 0.0203125
2 0.62109375 0.4234375 0.01875 0.0203125
2 0.6484375 0.446875 0.0265625 0.01875
2 0.64296875 0.46015625 0.0296875 0.0203125
2 0.71015625 0.4953125 0.0359375 0.0296875
2 0.73203125 0.521875 0.034375 0.0265625
2 0.80859375 0.54375 0.0328125 0.021875
2 0.8484375 0.5609375 0.0265625 0.015625
2 0.85234375 0.5765625 0.0234375 0.01875
2 0.82421875 0.59609375 0.0296875 0.025
2 0.7765625 0.6046875 0.03125 0.01875
2 0.809375 0.62734375 0.0296875 0.021875
2 0.7203125 0.6265625 0.040625 0.0203125
2 0.7375 0.64140625 0.03125 0.01875
2 0.88203125 0.6828125 0.0296875 0.021875
2 0.90546875 0.62578125 0.0234375 0.025
2 0.9390625 0.61484375 0.0296875 0.01875
2 0.9421875 0.6421875 0.0203125 0.0234375
2 0.9234375 0.51484375 0.0296875 0.025
2 0.9125 0.42734375 0.0265625 0.03125
2 0.9046875 0.33359375 0.0296875 0.025
2 0.74140625 0.2140625 0.0453125 0.0265625
2 0.709375 0.70703125 0.0234375 0.01875
2 0.665625 0.65234375 0.0328125 0.028125
2 0.61640625 0.55859375 0.0265625 0.021875
2 0.66953125 0.5625 0.0296875 0.01875
2 0.65 0.5609375 0.0234375 0.01875
2 0.63203125 0.6265625 0.0296875 0.0265625
2 0.62578125 0.64765625 0.0296875 0.0234375
2 0.61875 0.665625 0.0296875 0.01875
2 0.671875 0.6953125 0.0234375 0.025
2 0.715625 0.76875 0.0234375 0.0203125
2 0.75703125 0.76953125 0.0296875 0.028125
2 0.76953125 0.75859375 0.028125 0.021875
2 0.84453125 0.8234375 0.01875 0.0203125
2 0.8734375 0.84921875 0.0296875 0.021875
2 0.9421875 0.82109375 0.0296875 0.028125
2 0.93671875 0.77421875 0.025 0.03125
2 0.846875 0.8734375 0.0328125 0.021875
2 0.884375 0.8796875 0.0296875 0.015625
2 0.9484375 0.90234375 0.034375 0.0203125
2 0.7296875 0.8640625 0.0390625 0.03125
2 0.74375 0.88125 0.0296875 0.021875
2 0.66171875 0.82265625 0.0234375 0.021875
2 0.71875 0.796875 0.0328125 0.021875
2 0.64375 0.78984375 0.021875 0.015625
2 0.6453125 0.80703125 0.0234375 0.015625
2 0.19765625 0.71640625 0.0265625 0.01875
2 0.16953125 0.59375 0.0265625 0.01875
2 0.409375 0.2578125 0.0265625 0.025
2 0.3375 0.26484375 0.0265625 0.01875
2 0.37890625 0.153125 0.0328125 0.025
2 0.7875 0.14765625 0.025 0.025
2 0.88515625 0.19765625 0.03125 0.025
2 0.678125 0.121875 0.0265625 0.0234375
2 0.62421875 0.1296875 0.0265625 0.025
2 0.60078125 0.12265625 0.0265625 0.021875
2 0.60859375 0.0796875 0.0296875 0.0203125
2 0.92578125 0.2484375 0.0234375 0.021875
2 0.19140625 0.1 0.0265625 0.021875
2 0.1171875 0.1109375 0.0328125 0.021875
2 0.32890625 0.0953125 0.0265625 0.01875
2 0.31171875 0.88984375 0.0359375 0.03125
2 0.31328125 0.86328125 0.0328125 0.0203125
2 0.36796875 0.8890625 0.03125 0.025
2 0.49453125 0.890625 0.0296875 0.028125
2 0.22265625 0.809375 0.03125 0.021875
2 0.22265625 0.85078125 0.0234375 0.0234375
2 0.7421875 0.9796875 0.03125 0.0265625
2 0.76796875 0.99453125 0.0234375 0.0109375
2 0.90859375 0.9359375 0.0296875 0.028125
2 0.94375 0.925 0.0234375 0.0203125
2 0.9671875 0.9671875 0.025 0.01875
2 0.9046875 0.98203125 0.0265625 0.015625
2 0.65703125 0.86953125 0.034375 0.025
2 0.6921875 0.87578125 0.0296875 0.01875
2 0.70546875 0.89921875 0.025 0.025
2 0.69140625 0.909375 0.0296875 0.028125
2 0.659375 0.9359375 0.0296875 0.0234375
2 0.32109375 0.96171875 0.0203125 0.01875