2 0.44609375 0.39296875 0.021875 0.0171875
2 0.5421875 0.3484375 0.025 0.01875
2 0.4734375 0.4578125 0.025 0.0234375
2 0.42265625 0.46875 0.0234375 0.015625
2 0.38046875 0.5359375 0.0296875 0.0234375
2 0.32421875 0.5296875 0.0265625 0.0171875
2 0.29140625 0.559375 0.021875 0.0203125
2 0.49765625 0.5109375 0.01875 0.01875
2 0.5953125 0.49921875 0.025 0.0140625
2 0.61875 0.4921875 0.025 0.01875
2 0.628125 0.51640625 0.021875 0.0203125
2 0.6 0.51796875 0.03125 0.015625
2 0.70390625 0.5625 0.021875 0.01875
2 0.7109375 0.5796875 0.021875 0.0203125
2 0.71015625 0.6109375 0.025 0.015625
2 0.6328125 0.5890625 0.0265625 0.021875
2 0.66171875 0.5984375 0.025 0.0203125
2 0.6125 0.61875 0.021875 0.015625
2 0.63046875 0.61328125 0.0234375 0.01875
2 0.5921875 0.628125 0.0203125 0.0125
2 0.61953125 0.64921875 0.021875 0.0171875
2 0.61640625 0.67890625 0.021875 0.021875
2 0.65234375 0.41015625 0.0203125 0.0171875
2 0.6578125 0.3953125 0.0171875 0.0140625
2 0.64140625 0.378125 0.028125 0.021875
2 0.57890625 0.36328125 0.025 0.01875
2 0.56953125 0.43046875 0.021875 0.0171875
2 0.5953125 0.44296875 0.03125 0.0203125
2 0.67578125 0.4921875 0.01875 0.0171875
2 0.68203125 0.51875 0.021875 0.0203125
2 0.7015625 0.4640625 0.0234375 0.0125
2 0.67109375 0.459375 0.0203125 0.0125
2 0.64375 0.4609375 0.0203125 0.015625
2 0.65390625 0.42578125 0.0171875 0.0125
2 0.6921875 0.67734375 0.025 0.015625
2 0.70390625 0.69453125 0.021875 0.015625
2 0.74765625 0.696875 0.0265625 0.0140625
2 0.778125 0.6796875 0.0234375 0.015625