2 0.4296875 0.40078125 0.0203125 0.0171875
2 0.52734375 0.3578125 0.0234375 0.01875
2 0.45390625 0.465625 0.0234375 0.0234375
2 0.403125 0.47578125 0.021875 0.015625
2 0.3578125 0.54140625 0.028125 0.0234375
2 0.30234375 0.53515625 0.025 0.0171875
2 0.26875 0.5640625 0.0203125 0.0203125
2 0.4765625 0.51953125 0.0171875 0.01875
2 0.57421875 0.509375 0.0234375 0.0140625
2 0.59765625 0.503125 0.0234375 0.01875
2 0.60625 0.52734375 0.0203125 0.0203125
2 0.578125 0.528125 0.0296875 0.015625
2 0.68046875 0.57421875 0.0203125 0.01875
2 0.68671875 0.59140625 0.0203125 0.0203125
2 0.684375 0.62265625 0.0234375 0.015625
2 0.6078125 0.6 0.025 0.021875
2 0.63671875 0.609375 0.0234375 0.0203125
2 0.58671875 0.62890625 0.0203125 0.015625
2 0.6046875 0.62421875 0.021875 0.01875
2 0.565625 0.63828125 0.0203125 0.0125
2 0.59296875 0.659375 0.0203125 0.0171875
2 0.5875 0.6890625 0.0203125 0.021875
2 0.634375 0.42109375 0.01875 0.0171875
2 0.640625 0.40625 0.015625 0.0140625
2 0.62578125 0.38828125 0.0265625 0.021875
2 0.56328125 0.3734375 0.0234375 0.01875
2 0.5515625 0.43984375 0.0203125 0.0171875
2 0.5765625 0.453125 0.0296875 0.0203125
2 0.6546875 0.503125 0.0171875 0.0171875
2 0.66015625 0.5296875 0.0203125 0.0203125
2 0.68203125 0.47578125 0.0234375 0.0125
2 0.65234375 0.4703125 0.0203125 0.0125
2 0.625 0.47109375 0.01875 0.015625
2 0.6359375 0.43671875 0.0171875 0.0125
2 0.66328125 0.68828125 0.0234375 0.015625
2 0.675 0.70625 0.0203125 0.015625
2 0.71875 0.709375 0.025 0.0140625
2 0.75 0.69296875 0.021875 0.015625