2 0.4203125 0.4203125 0.0203125 0.01875
2 0.51875 0.38203125 0.0234375 0.0203125
2 0.44375 0.4859375 0.0234375 0.025
2 0.39140625 0.49453125 0.021875 0.0171875
2 0.3453125 0.5578125 0.028125 0.025
2 0.28984375 0.5484375 0.025 0.01875
2 0.25546875 0.57578125 0.0203125 0.021875
2 0.4640625 0.540625 0.0171875 0.01875
2 0.5625 0.5359375 0.0234375 0.015625
2 0.5859375 0.53046875 0.0234375 0.0203125
2 0.59375 0.5546875 0.0203125 0.021875
2 0.565625 0.5546875 0.0296875 0.0171875
2 0.6671875 0.60546875 0.0203125 0.0203125
2 0.6734375 0.62265625 0.0203125 0.021875
2 0.66953125 0.65390625 0.0234375 0.0171875
2 0.59453125 0.62734375 0.025 0.0234375
2 0.621875 0.6390625 0.0234375 0.021875
2 0.571875 0.65546875 0.0203125 0.0171875
2 0.58984375 0.6515625 0.021875 0.0203125
2 0.55078125 0.6640625 0.0203125 0.0140625
2 0.57734375 0.6859375 0.0203125 0.01875
2 0.571875 0.715625 0.0203125 0.0234375
2 0.625 0.45078125 0.01875 0.0171875
2 0.63125 0.4359375 0.015625 0.0140625
2 0.61640625 0.4171875 0.0265625 0.0234375
2 0.5546875 0.39921875 0.0234375 0.0203125
2 0.54140625 0.46484375 0.0203125 0.01875
2 0.56640625 0.4796875 0.0296875 0.021875
2 0.64296875 0.53359375 0.0171875 0.0171875
2 0.64765625 0.56015625 0.0203125 0.021875
2 0.6703125 0.50703125 0.0234375 0.0140625
2 0.640625 0.50078125 0.0203125 0.0140625
2 0.61328125 0.5 0.01875 0.015625
2 0.62578125 0.46640625 0.0171875 0.0125
2 0.64765625 0.71875 0.0234375 0.0171875
2 0.65859375 0.7375 0.0203125 0.0171875
2 0.70234375 0.7421875 0.025 0.015625
2 0.73359375 0.7265625 0.021875 0.0171875